1.3492,1.06,2.5707,0.16203
1.3441,1.06,2.5758,0.16713
1.3441,1.0472,2.5758,0.17223
1.3543,1.0472,2.5605,0.16713
1.3543,1.06,2.563,0.15948
1.3416,1.0523,2.5732,0.16458
1.3492,1.0472,2.5681,0.16458
1.3492,1.0523,2.5681,0.16713
1.3492,1.0523,2.5681,0.15948
1.3416,1.0472,2.5758,0.17223
1.3569,1.0447,2.5605,0.17223
1.3569,1.06,2.5605,0.15948
1.3492,1.06,2.5758,0.15948
1.3441,1.0447,2.5732,0.17223
1.3543,1.0472,2.5605,0.16713
1.3518,1.0574,2.5681,0.15693
1.3416,1.0523,2.5656,0.16713
1.3467,1.0447,2.5656,0.16713
1.3492,1.0523,2.5656,0.16458
1.3492,1.0523,2.5656,0.16713
1.3467,1.0523,2.563,0.16968
1.3492,1.0498,2.563,0.16713
1.3467,1.0498,2.5656,0.15948
1.3492,1.0498,2.563,0.16713
1.3467,1.0472,2.5656,0.17223
1.3543,1.0523,2.5554,0.16713
1.3467,1.06,2.5656,0.15948
1.3416,1.0523,2.5707,0.16713
1.3467,1.0447,2.5605,0.17478
1.3569,1.0498,2.5579,0.16713
1.3416,1.0574,2.563,0.15693
1.3416,1.0498,2.5707,0.16458
1.3467,1.0447,2.563,0.16713
1.3543,1.0498,2.563,0.16713
1.3467,1.0498,2.563,0.16458
1.3467,1.0498,2.5605,0.16458
1.3467,1.0498,2.563,0.16458
1.3518,1.0498,2.5554,0.16458
1.3467,1.0549,2.563,0.15948
1.339,1.0447,2.5681,0.16968
1.3467,1.0447,2.563,0.16713
1.3467,1.0498,2.5605,0.16458
1.3467,1.0498,2.563,0.16458
1.3467,1.0498,2.5605,0.16458
1.3543,1.0447,2.5528,0.16713
1.3518,1.0574,2.5554,0.15948
1.3416,1.0574,2.5656,0.16458
1.339,1.0498,2.5605,0.17223
1.3467,1.0472,2.5605,0.16713
1.3518,1.0549,2.5528,0.16203
1.339,1.0549,2.5681,0.16458
1.339,1.0421,2.5681,0.17223
1.3518,1.0447,2.5528,0.16458
1.3518,1.0549,2.5554,0.15948
1.339,1.0549,2.5656,0.16713
1.339,1.0498,2.5656,0.17223
1.3518,1.0421,2.5528,0.16713
1.3467,1.0574,2.5579,0.15948
1.339,1.0498,2.5656,0.16458
1.3441,1.0421,2.5579,0.17223
1.3518,1.0498,2.5605,0.16713
1.3441,1.0498,2.563,0.16458
1.3467,1.0498,2.5656,0.16458
1.3467,1.0498,2.5605,0.16713
1.3467,1.0498,2.5605,0.15948
1.3467,1.0498,2.563,0.16713
1.3467,1.0498,2.563,0.17223
1.3467,1.0523,2.563,0.16458
1.3467,1.0523,2.563,0.15948
1.3467,1.0498,2.563,0.16458
1.3441,1.0498,2.563,0.16458
1.3467,1.0472,2.563,0.16713
1.3518,1.0472,2.5579,0.15948
1.339,1.0549,2.563,0.15693
1.339,1.0447,2.5681,0.17478
1.3518,1.0447,2.563,0.17478
1.3518,1.0498,2.5554,0.16713
1.3441,1.0549,2.5605,0.15948
1.339,1.0498,2.5681,0.16713
1.3467,1.0447,2.5605,0.17223
1.3518,1.0498,2.5554,0.16713
1.3441,1.0549,2.5605,0.15948
1.3467,1.0498,2.5656,0.16458
1.3467,1.0421,2.5554,0.17223
1.3518,1.0574,2.5554,0.15948
1.339,1.0549,2.5681,0.16458
1.3441,1.0421,2.5605,0.17223
1.3518,1.0498,2.5554,0.16458
1.3441,1.0574,2.563,0.16458
1.3441,1.0498,2.563,0.16458
1.3467,1.0498,2.563,0.16458
1.3441,1.0549,2.5605,0.15948
1.339,1.0472,2.5681,0.17223
1.3518,1.0447,2.5605,0.17223
1.3518,1.0574,2.5554,0.15948
1.339,1.0549,2.5579,0.16458
1.3441,1.0498,2.5605,0.17223
1.3518,1.0447,2.5554,0.17223
1.3518,1.0574,2.5554,0.15693
1.339,1.0549,2.5656,0.15948
1.3365,1.0421,2.5681,0.17223
1.3492,1.0421,2.5528,0.17223
1.3518,1.0498,2.5528,0.15693
1.3441,1.0574,2.5605,0.15948
1.339,1.0498,2.5656,0.17223
1.3441,1.0421,2.5605,0.17223
1.3518,1.0498,2.5528,0.16713
1.3518,1.0574,2.5528,0.15948
1.3365,1.0574,2.5656,0.16713
1.3365,1.0421,2.5656,0.16968
1.3518,1.0498,2.5503,0.16458
1.3467,1.0523,2.5605,0.15948
1.3365,1.0498,2.5656,0.16458
1.3467,1.0447,2.5605,0.16458
1.3441,1.0498,2.5554,0.16458
1.3492,1.0549,2.563,0.16713
1.3441,1.0498,2.5579,0.16713
1.3467,1.0498,2.563,0.16458
1.3467,1.0549,2.563,0.15948
1.339,1.0498,2.5681,0.17478
1.3518,1.0447,2.563,0.17478
1.3492,1.0574,2.5579,0.15948
1.339,1.0574,2.5681,0.16713
1.339,1.0447,2.563,0.16968
1.3518,1.0498,2.5554,0.16458
1.3467,1.0574,2.563,0.15948
1.3467,1.0523,2.5656,0.16458
1.3441,1.0498,2.563,0.17478
1.3467,1.0447,2.5554,0.16458
1.3518,1.0498,2.5579,0.16713
1.3467,1.06,2.563,0.16458
1.3467,1.0523,2.5707,0.16458
1.3467,1.0447,2.563,0.17223
1.3518,1.0498,2.5605,0.16458
1.3467,1.0574,2.563,0.15948
1.3467,1.0498,2.5732,0.16713
1.3467,1.0523,2.5656,0.17223
1.3467,1.0498,2.5656,0.16713
1.3467,1.0498,2.5681,0.16713
1.3467,1.0523,2.5656,0.16458
1.3467,1.0523,2.5656,0.17478
1.3543,1.0472,2.5579,0.16458
1.3543,1.06,2.5605,0.15948
1.339,1.0523,2.5758,0.16458
1.3467,1.0472,2.5681,0.17223
1.3543,1.0523,2.563,0.16713
1.3492,1.06,2.5681,0.15948
1.3441,1.0523,2.5732,0.17478
1.3543,1.0447,2.5656,0.17478
1.3569,1.06,2.5656,0.15948
1.3441,1.06,2.5783,0.16713
1.3467,1.0498,2.5707,0.17223
1.3569,1.0523,2.5656,0.16713
1.3569,1.06,2.5707,0.15948
1.3441,1.06,2.5783,0.16713
1.3441,1.0472,2.5758,0.17223
1.3569,1.0498,2.5681,0.17223
1.3569,1.0549,2.5681,0.15948
1.3518,1.06,2.5758,0.15948
1.3518,1.0523,2.5732,0.16713
1.3518,1.0549,2.5783,0.17223
1.3518,1.0549,2.5758,0.16458
1.3518,1.0549,2.5732,0.15948
1.3543,1.0549,2.5758,0.16713
1.3518,1.0523,2.5758,0.16458
1.3518,1.0498,2.5758,0.16458
1.3569,1.0549,2.5707,0.16713
1.3518,1.0549,2.5783,0.16713
1.3518,1.0549,2.5758,0.16713
1.3518,1.0549,2.5783,0.16458
1.3518,1.0523,2.5732,0.16713
1.3518,1.0625,2.5783,0.16458
1.3492,1.0498,2.586,0.17223
1.3518,1.0498,2.5809,0.17223
1.362,1.0574,2.5758,0.15948
1.3569,1.0625,2.5885,0.15948
1.3543,1.0574,2.586,0.16458
1.3543,1.0498,2.5809,0.16713
1.362,1.0574,2.5758,0.16713
1.3543,1.0651,2.5834,0.16713
1.3569,1.0574,2.5911,0.16458
1.3543,1.06,2.5834,0.16713
1.3543,1.06,2.5809,0.15948
1.3543,1.0549,2.5834,0.16713
1.3543,1.0523,2.5834,0.17223
1.3569,1.0549,2.5758,0.16968
1.3543,1.0625,2.5885,0.16203
1.3492,1.0574,2.586,0.17478
1.3543,1.0523,2.5834,0.17223
1.3594,1.06,2.5758,0.16713
1.3543,1.0651,2.5809,0.16458
1.3492,1.0574,2.5911,0.16458
1.3543,1.0498,2.5834,0.17223
1.3594,1.0574,2.5758,0.16713
1.3518,1.0651,2.5834,0.15948
1.3492,1.0574,2.5911,0.16458
1.3543,1.0523,2.586,0.17223
1.362,1.0574,2.5783,0.16713
1.3569,1.0625,2.586,0.16713
1.3518,1.0574,2.586,0.16458
1.3569,1.0523,2.5783,0.16713
1.3594,1.0625,2.5809,0.15948
1.3492,1.0651,2.586,0.15948
1.3492,1.06,2.5936,0.16713
1.3569,1.0574,2.586,0.16713
1.3543,1.0549,2.586,0.15948
1.3543,1.06,2.586,0.16713
1.3569,1.0574,2.586,0.17223
1.3543,1.06,2.586,0.16713
1.3569,1.0574,2.5834,0.16203
1.3518,1.0651,2.5936,0.15948
1.3518,1.0523,2.5962,0.17478
1.362,1.06,2.5834,0.16968
1.3569,1.0651,2.5885,0.16713
1.3518,1.06,2.5911,0.16713
1.3569,1.06,2.5911,0.16713
1.3569,1.0676,2.5911,0.15948
1.3518,1.0574,2.5962,0.16713
1.3569,1.0549,2.5911,0.17478
1.3645,1.0651,2.586,0.15948
1.3569,1.0651,2.5911,0.15948
1.3543,1.0523,2.5987,0.17478
1.3645,1.0523,2.5834,0.16713
1.3645,1.0676,2.586,0.15948
1.3518,1.0651,2.5987,0.16713
1.3569,1.0549,2.5911,0.17223
1.3645,1.06,2.586,0.16713
1.3594,1.0651,2.5911,0.16203
1.3518,1.06,2.5962,0.16713
1.3569,1.0549,2.5911,0.17478
1.3645,1.06,2.5834,0.16713
1.3569,1.0651,2.5936,0.16203
1.3518,1.06,2.6012,0.16458
1.3569,1.0549,2.5936,0.16713
1.3645,1.06,2.586,0.16713
1.3594,1.0625,2.5936,0.16458
1.3569,1.06,2.5911,0.16713
1.3569,1.06,2.5911,0.16713
1.3569,1.0676,2.5911,0.15948
1.3518,1.06,2.5987,0.17478
1.3569,1.0549,2.586,0.17478
1.3645,1.06,2.586,0.16713
1.3569,1.0651,2.5911,0.16203
1.3492,1.06,2.5936,0.16458
1.3543,1.0523,2.5885,0.16713
1.362,1.0574,2.5809,0.16713
1.3543,1.0651,2.586,0.15948
1.3467,1.0574,2.5936,0.16458
1.3543,1.0523,2.5783,0.17223
1.3594,1.0574,2.5783,0.16458
1.3543,1.0625,2.5809,0.15948
1.3467,1.0472,2.5885,0.17223
1.3518,1.0498,2.5809,0.17478
1.3569,1.06,2.5732,0.16458
1.3518,1.0625,2.5783,0.15693
1.3441,1.0549,2.586,0.16458
1.3518,1.0498,2.5783,0.17223
1.3569,1.0549,2.5707,0.16713
1.3492,1.06,2.5783,0.15948
1.3441,1.0523,2.5809,0.16713
1.3518,1.0472,2.5758,0.17223
1.3543,1.0523,2.5707,0.16713
1.3543,1.0574,2.5656,0.15948
1.3416,1.0574,2.5809,0.16458
1.3441,1.0472,2.5783,0.17223
1.3492,1.0472,2.5656,0.17223
1.3543,1.06,2.5656,0.15948
1.3416,1.0574,2.5783,0.15948
1.3416,1.0447,2.5783,0.17223
1.3467,1.0498,2.5707,0.16713
1.3467,1.0523,2.5707,0.16458
1.3467,1.0498,2.5707,0.16458
1.3467,1.0523,2.5681,0.16713
1.3543,1.0447,2.563,0.17223
1.3518,1.0523,2.563,0.15948
1.339,1.0549,2.5707,0.15948
1.3416,1.0523,2.5732,0.17223
1.3518,1.0447,2.5681,0.17478
1.3543,1.0498,2.5605,0.16458
1.339,1.0574,2.5656,0.15948
1.339,1.0498,2.5758,0.16458
1.3467,1.0447,2.5656,0.16713
1.3518,1.0498,2.5605,0.16713
1.3441,1.0549,2.5656,0.15948
1.339,1.0498,2.5732,0.16713
1.3441,1.0447,2.563,0.17223
1.3467,1.0472,2.5656,0.16458
1.3441,1.0472,2.5605,0.15948
1.3441,1.0498,2.563,0.16458
1.3365,1.0421,2.5681,0.17223
1.3492,1.0472,2.5528,0.16458
1.3492,1.0549,2.5554,0.15693
1.3365,1.0498,2.5681,0.16458
1.3416,1.0472,2.5579,0.16458
1.3467,1.0472,2.5528,0.15948
1.3416,1.0523,2.5656,0.15948
1.3365,1.0396,2.5656,0.17223
1.3467,1.0396,2.5528,0.16458
1.3467,1.0498,2.5554,0.15948
1.3314,1.0472,2.5605,0.16458
1.3416,1.037,2.5554,0.16968
1.3467,1.0472,2.5477,0.16458
1.339,1.0498,2.5528,0.16458
1.3365,1.0447,2.5503,0.16713
1.3365,1.0421,2.5528,0.16458
1.3365,1.0498,2.5503,0.15948
1.3314,1.037,2.5554,0.16968
1.3441,1.0421,2.5426,0.16458
1.339,1.0498,2.5477,0.16458
1.3365,1.0447,2.5554,0.16458
1.3365,1.0421,2.5477,0.16458
1.3365,1.0421,2.5477,0.15948
1.3365,1.0447,2.5477,0.16458
1.3314,1.0447,2.5452,0.16458
1.3365,1.037,2.5477,0.16458
1.3416,1.0447,2.5401,0.16713
1.3365,1.0498,2.5452,0.15948
1.3289,1.0447,2.5528,0.16458
1.3365,1.037,2.5452,0.16458
1.3339,1.0421,2.5401,0.16458
1.3365,1.0498,2.5452,0.16458
1.3339,1.0447,2.5528,0.17223
1.3416,1.037,2.5401,0.16713
1.3365,1.0498,2.5452,0.15693
1.3289,1.0421,2.5528,0.16713
1.3339,1.037,2.5452,0.17223
1.3416,1.0472,2.5401,0.15948
1.3289,1.0498,2.5528,0.15948
1.3263,1.037,2.5528,0.17223
1.3416,1.037,2.5426,0.16968
1.3365,1.0447,2.5477,0.16713
1.3314,1.0498,2.5528,0.15948
1.3314,1.037,2.5528,0.17223
1.3416,1.037,2.5426,0.17223
1.3416,1.0421,2.5426,0.15948
1.3365,1.0498,2.5503,0.15948
1.3289,1.0447,2.5554,0.17223
1.3365,1.037,2.5503,0.17478
1.3365,1.0447,2.5477,0.16713
1.3365,1.0447,2.5503,0.16458
1.3314,1.037,2.5554,0.16968
1.3441,1.037,2.5426,0.16458
1.3441,1.0498,2.5426,0.15948
1.339,1.0447,2.5477,0.16458
1.3365,1.0421,2.5528,0.16458
1.3365,1.037,2.5477,0.16968
1.3416,1.0421,2.5426,0.15948
1.3365,1.0498,2.5477,0.15948
1.3314,1.0447,2.5528,0.16458
1.3365,1.037,2.5503,0.17223
1.3441,1.0421,2.5401,0.16713
1.3365,1.0421,2.5477,0.15948
1.3365,1.0447,2.5477,0.16713
1.3289,1.0421,2.5477,0.16713
1.3339,1.0421,2.5477,0.16458
1.3416,1.0421,2.5426,0.16713
1.3339,1.0498,2.5477,0.16458
1.3314,1.0447,2.5554,0.16458
1.3339,1.037,2.5503,0.17223
1.3416,1.0421,2.5426,0.16458
1.3365,1.0472,2.5477,0.15948
1.3289,1.0345,2.5554,0.16458
1.3365,1.037,2.5426,0.17478
1.3416,1.0498,2.5426,0.15948
1.3289,1.0472,2.5554,0.16458
1.3365,1.037,2.5477,0.17223
1.3416,1.0447,2.5426,0.16458
1.3314,1.0498,2.5503,0.15948
1.3314,1.0447,2.5554,0.16458
1.3365,1.0396,2.5503,0.16968
1.3365,1.037,2.5452,0.16458
1.3441,1.0447,2.5503,0.15693
1.3365,1.0447,2.5528,0.16458
1.3314,1.037,2.5579,0.17223
1.3467,1.0396,2.5528,0.17223
1.3441,1.0498,2.5503,0.16713
1.339,1.0447,2.5554,0.16458
1.339,1.0447,2.5605,0.17478
1.339,1.0396,2.5477,0.17223
1.3467,1.0523,2.5503,0.15693
1.3416,1.0472,2.5554,0.16458
1.3416,1.037,2.5579,0.17223
1.3467,1.0472,2.5503,0.16713
1.3416,1.0523,2.5554,0.15948
1.3339,1.0447,2.5656,0.17223
1.3467,1.0421,2.5503,0.17223
1.3467,1.0549,2.5528,0.15948
1.3416,1.0523,2.563,0.15948
1.3365,1.0498,2.5656,0.17223
1.3467,1.0396,2.5528,0.17223
1.3467,1.0523,2.5503,0.15948
1.3365,1.0472,2.5656,0.16458
1.339,1.0447,2.5579,0.16968
1.3467,1.0472,2.5503,0.16458
1.339,1.0472,2.5554,0.16458
1.3416,1.0472,2.5605,0.16713
1.3416,1.0472,2.5579,0.17223
1.3467,1.0523,2.5503,0.15693
1.3314,1.0523,2.563,0.16713
1.339,1.0396,2.5579,0.16458
1.3467,1.0396,2.5503,0.16458
1.3467,1.0523,2.5528,0.15948
1.3339,1.0472,2.563,0.16458
1.339,1.0396,2.5579,0.17223
1.3467,1.0447,2.5477,0.16458
1.339,1.0523,2.5554,0.15948
1.3339,1.0472,2.5656,0.16713
1.3416,1.0421,2.5554,0.17223
1.3467,1.0447,2.5503,0.16713
1.3416,1.0523,2.5656,0.15948
1.3339,1.0447,2.5656,0.17478
1.3416,1.0421,2.5579,0.17223
1.3467,1.0447,2.5528,0.16458
1.339,1.0523,2.5579,0.15948
1.3339,1.0396,2.563,0.17223
1.3467,1.0421,2.5528,0.17478
1.339,1.0472,2.5605,0.15948
1.3365,1.0447,2.563,0.16458
1.3416,1.0396,2.5579,0.16458
1.3467,1.0549,2.5503,0.15693
1.3339,1.0447,2.5656,0.16458
1.3416,1.0447,2.5579,0.16458
1.339,1.0447,2.5554,0.16458
1.339,1.0472,2.5554,0.16713
1.3416,1.0396,2.5579,0.17223
1.3467,1.0472,2.5528,0.15948
1.3339,1.0523,2.563,0.15948
1.3314,1.037,2.5656,0.17478
1.3467,1.0447,2.5528,0.16713
1.3416,1.0523,2.5554,0.15948
1.339,1.0472,2.5656,0.17223
1.3416,1.0396,2.5579,0.17223
1.3492,1.0472,2.5528,0.16713
1.339,1.0549,2.5579,0.15948
1.3339,1.0447,2.563,0.16968
1.3467,1.0396,2.5528,0.17223
1.3467,1.0447,2.5503,0.15948
1.339,1.0523,2.5554,0.15948
1.3339,1.0472,2.563,0.17478
1.3416,1.0396,2.5579,0.17478
1.3467,1.0472,2.5503,0.16713
1.339,1.0523,2.5579,0.16713
1.3339,1.0472,2.5656,0.16458
1.3416,1.0396,2.5554,0.17223
1.3492,1.0498,2.5503,0.16713
1.3416,1.0523,2.5579,0.15948
1.3339,1.0472,2.5656,0.16458
1.339,1.0396,2.5579,0.17478
1.3467,1.0472,2.5528,0.16713
1.3416,1.0523,2.5605,0.15948
1.3339,1.0472,2.5656,0.16713
1.3339,1.0421,2.5656,0.16968
1.3467,1.0421,2.5528,0.16458
1.3467,1.0523,2.5528,0.15948
1.3365,1.0523,2.5656,0.16713
1.3339,1.0396,2.5656,0.17223
1.3467,1.0396,2.5528,0.16203
1.3467,1.0549,2.5554,0.15948
1.3339,1.0498,2.5656,0.16458
1.3416,1.0396,2.5605,0.17223
1.3492,1.0472,2.5554,0.16458
1.3441,1.0523,2.5605,0.15693
1.3365,1.0396,2.5681,0.17223
1.3416,1.0421,2.5554,0.17223
1.3492,1.0549,2.5554,0.15948
1.3365,1.0549,2.5605,0.15948
1.3365,1.0498,2.5656,0.16458
1.3416,1.0421,2.5605,0.17478
1.3518,1.0472,2.5554,0.15948
1.3416,1.0549,2.563,0.15948
1.3365,1.0498,2.5681,0.16713
1.3416,1.0421,2.563,0.17223
1.3492,1.0498,2.5554,0.16458
1.3416,1.0549,2.563,0.16203
1.3365,1.0549,2.5707,0.16713
1.339,1.0447,2.5707,0.16458
1.3441,1.0498,2.563,0.16713
1.3467,1.0498,2.5605,0.16713
1.3441,1.0549,2.563,0.15948
1.339,1.0472,2.5681,0.16458
1.3441,1.0421,2.563,0.17223
1.3518,1.0472,2.5579,0.16713
1.3365,1.0523,2.5707,0.15948
1.3365,1.0447,2.5681,0.17223
1.3441,1.0421,2.563,0.17223
1.3492,1.0549,2.5554,0.15948
1.3365,1.0549,2.5681,0.15693
1.339,1.0447,2.5707,0.17478
1.3492,1.0447,2.563,0.16968
1.3492,1.0472,2.5528,0.16713
1.3441,1.0549,2.563,0.16458
1.3365,1.0498,2.5681,0.16458
1.3365,1.0421,2.5681,0.17478
1.3492,1.0472,2.5554,0.16713
1.3441,1.0549,2.5605,0.15948
1.3416,1.0498,2.5681,0.16458
1.3416,1.0472,2.5605,0.16458
1.3416,1.0498,2.5605,0.15948
1.3441,1.0498,2.563,0.16713
1.3441,1.0498,2.5579,0.17223
1.3441,1.0447,2.5605,0.16713
1.3492,1.0523,2.5554,0.15948
1.3365,1.0523,2.5656,0.15948
1.3365,1.0472,2.5656,0.17223
1.3492,1.0396,2.5528,0.17223
1.3492,1.0523,2.5528,0.15948
1.3365,1.0549,2.5656,0.16458
1.3365,1.0396,2.563,0.17223
1.3467,1.0498,2.5528,0.16713
1.339,1.0523,2.5554,0.15948
1.3365,1.0472,2.5656,0.16458
1.3416,1.0396,2.5503,0.17223
1.3467,1.0498,2.5528,0.15948
1.339,1.0523,2.5605,0.15948
1.3339,1.0396,2.563,0.17223
1.3467,1.0396,2.5554,0.16203
1.339,1.0447,2.5554,0.15948
1.3339,1.0447,2.5605,0.16458
1.339,1.0396,2.5528,0.16458
1.339,1.0447,2.5528,0.16713
1.339,1.0447,2.5528,0.16458
1.339,1.037,2.5528,0.17223
1.3441,1.0447,2.5452,0.16458
1.339,1.0472,2.5528,0.16458
1.339,1.0447,2.5579,0.16713
1.339,1.0447,2.5528,0.16458
1.339,1.0447,2.5503,0.16713
1.339,1.0498,2.5503,0.16458
1.3365,1.0447,2.5528,0.17223
1.3467,1.037,2.5426,0.17478
1.3441,1.0523,2.5426,0.15948
1.3314,1.0498,2.5554,0.15948
1.3314,1.0447,2.5528,0.17223
1.3467,1.037,2.5426,0.17223
1.3441,1.0498,2.5401,0.15948
1.339,1.0421,2.5452,0.15948
1.3314,1.037,2.5528,0.17223
1.3441,1.037,2.5452,0.17223
1.3416,1.0447,2.5401,0.16713
1.3365,1.0498,2.5452,0.15948
1.3314,1.0421,2.5528,0.16458
1.3365,1.037,2.5401,0.16968
1.3467,1.0447,2.5401,0.15948
1.3365,1.0498,2.5452,0.15948
1.3314,1.0421,2.5528,0.16458
1.3365,1.037,2.5452,0.17223
1.3441,1.0421,2.5401,0.16458
1.3365,1.0472,2.5452,0.15948
1.3339,1.0447,2.5452,0.16458
1.3365,1.0447,2.5452,0.17223
1.3339,1.0447,2.5452,0.16458
1.3365,1.0396,2.5426,0.15948
1.3365,1.0447,2.5452,0.16458
1.3365,1.0447,2.5503,0.16203
1.3365,1.037,2.5426,0.16458
1.3365,1.0396,2.5452,0.16458
1.3365,1.0421,2.5452,0.16458
1.3314,1.0447,2.5452,0.16458
1.3365,1.0345,2.5452,0.16458
1.3441,1.0447,2.5452,0.16713
1.339,1.0472,2.5452,0.15948
1.3314,1.0447,2.5503,0.17223
1.3365,1.037,2.5452,0.17223
1.3441,1.0447,2.5401,0.16458
1.3441,1.0498,2.5452,0.15948
1.3289,1.0447,2.5554,0.16458
1.3339,1.037,2.5528,0.17223
1.3441,1.037,2.5426,0.17223
1.3441,1.0447,2.5426,0.15948
1.3339,1.0498,2.5554,0.15693
1.3314,1.0447,2.5554,0.17223
1.339,1.037,2.5528,0.17223
1.3441,1.0523,2.5452,0.16458
1.339,1.0498,2.5503,0.15948
1.3339,1.0447,2.5554,0.16458
1.339,1.0472,2.5503,0.17223
1.3416,1.0447,2.5528,0.16458
1.339,1.0447,2.5528,0.15948
1.339,1.0472,2.5528,0.16458
1.339,1.0472,2.5554,0.16458
1.339,1.0396,2.5528,0.16458
1.3416,1.0472,2.5554,0.16458
1.3416,1.0498,2.5554,0.16458
1.3339,1.0396,2.563,0.17223
1.3416,1.0396,2.5503,0.17478
1.3492,1.0498,2.5503,0.15948
1.3416,1.0549,2.563,0.15948
1.3365,1.0472,2.563,0.16968
1.3416,1.0421,2.5579,0.17223
1.3467,1.0498,2.5528,0.16713
1.3441,1.0549,2.5579,0.16203
1.3365,1.0472,2.5656,0.16458
1.3416,1.0472,2.5605,0.16713
1.3492,1.0498,2.5528,0.16713
1.3416,1.0523,2.5579,0.15693
1.3365,1.0472,2.5656,0.16203
1.3441,1.0421,2.5605,0.17223
1.3492,1.0472,2.5528,0.15948
1.3416,1.0523,2.5605,0.15948
1.339,1.0549,2.5656,0.16458
1.3467,1.0498,2.5605,0.17223
1.3441,1.0498,2.5605,0.16713
1.3441,1.0498,2.5554,0.16713
1.3467,1.0549,2.563,0.16458
1.339,1.0498,2.5707,0.16458
1.3467,1.0447,2.563,0.17223
1.3518,1.0498,2.5605,0.16713
1.3518,1.0549,2.5554,0.15948
1.339,1.0549,2.5656,0.15948
1.339,1.0498,2.5707,0.16458
1.3467,1.0447,2.5656,0.17223
1.3518,1.0498,2.5605,0.16458
1.3467,1.0498,2.5656,0.16203
1.3467,1.0574,2.5707,0.16458
1.3416,1.0549,2.5656,0.17478
1.3492,1.0498,2.5656,0.16713
1.3543,1.06,2.5605,0.15948
1.3492,1.0574,2.5656,0.15948
1.339,1.0447,2.5758,0.17223
1.3467,1.0472,2.5681,0.17223
1.3543,1.06,2.563,0.15693
1.3416,1.0574,2.5758,0.16713
1.3467,1.0498,2.5681,0.17223
1.3518,1.0523,2.563,0.16713
1.3467,1.0574,2.5707,0.15948
1.3441,1.0498,2.5758,0.16458
1.3492,1.0472,2.5707,0.16713
1.3543,1.0498,2.563,0.16713
1.3518,1.06,2.5732,0.15948
1.3416,1.0472,2.5783,0.17478
1.3543,1.0472,2.563,0.17478
1.3543,1.06,2.5656,0.15948
1.3492,1.06,2.5707,0.15948
1.3492,1.0523,2.5758,0.16458
1.3467,1.0523,2.5681,0.17223
1.3467,1.0523,2.5707,0.16713
1.3467,1.0523,2.5707,0.16713
1.3492,1.0549,2.5707,0.16458
1.3467,1.0523,2.5758,0.16713
1.3467,1.0498,2.5707,0.16713
1.3467,1.0574,2.5681,0.15948
1.3441,1.0523,2.5758,0.16713
1.3467,1.0472,2.5707,0.17478
1.3569,1.0549,2.5656,0.16458
1.3492,1.06,2.5732,0.15948
1.3441,1.0523,2.5783,0.16458
1.3492,1.0472,2.5732,0.17223
1.3543,1.0549,2.5656,0.16458
1.3492,1.06,2.5707,0.15948
1.3492,1.0523,2.5732,0.16713
1.3492,1.0549,2.5783,0.17478
1.3518,1.0472,2.5656,0.17478
1.3569,1.0523,2.5656,0.15948
1.3492,1.06,2.5707,0.15948
1.3441,1.0498,2.5758,0.16713
1.3492,1.0472,2.5707,0.17223
1.3543,1.0472,2.5656,0.16713
1.3543,1.06,2.563,0.15948
1.3441,1.06,2.5681,0.15948
1.3441,1.0523,2.5758,0.17478
1.3467,1.0447,2.5681,0.17223
1.3543,1.0498,2.563,0.16458
1.3492,1.0574,2.5656,0.16713
1.3416,1.0498,2.5758,0.16458
1.3467,1.0447,2.5681,0.17223
1.3543,1.0498,2.563,0.16713
1.3467,1.0498,2.5656,0.15948
1.3467,1.0523,2.5656,0.16458
1.3467,1.0447,2.5681,0.16713
1.3467,1.0498,2.5656,0.15948
1.339,1.0498,2.5732,0.16458
1.3467,1.0421,2.5656,0.16968
1.3518,1.0421,2.5554,0.16458
1.3518,1.0549,2.5579,0.15948
1.3365,1.0549,2.5681,0.15948
1.339,1.0498,2.5681,0.17223
1.3416,1.0421,2.563,0.17223
1.3492,1.0472,2.5554,0.15693
1.3441,1.0549,2.5605,0.15948
1.339,1.0472,2.5656,0.16458
1.3416,1.0396,2.5605,0.16713
1.3492,1.0498,2.5528,0.16713
1.3441,1.0523,2.5605,0.15948
1.3365,1.0523,2.563,0.16713
1.3441,1.0498,2.5605,0.17223
1.3416,1.0472,2.5579,0.16458
1.339,1.0472,2.5579,0.15948
1.3365,1.0472,2.5656,0.16458
1.339,1.0421,2.5579,0.17478
1.3492,1.0472,2.5503,0.16713
1.3441,1.0523,2.5554,0.15948
1.3365,1.0447,2.5656,0.17223
1.3416,1.0396,2.5554,0.17223
1.3467,1.0523,2.5528,0.15948
1.3365,1.0523,2.563,0.15693
1.3339,1.0396,2.563,0.17223
1.3492,1.0447,2.5477,0.16458
1.3416,1.0549,2.5528,0.15948
1.3339,1.0421,2.5605,0.17478
1.3416,1.0472,2.5554,0.16713
1.3416,1.0447,2.5554,0.16713
1.3416,1.0472,2.5528,0.16458
1.339,1.037,2.5528,0.17223
1.3467,1.0447,2.5452,0.16713
1.3365,1.0498,2.5528,0.15948
1.3339,1.0447,2.5554,0.17223
1.339,1.0396,2.5477,0.17478
1.3467,1.0447,2.5503,0.15948
1.3314,1.0447,2.5554,0.16458
1.339,1.0396,2.5503,0.17223
1.3467,1.0447,2.5477,0.16713
1.339,1.0447,2.5528,0.16458
1.339,1.0447,2.5528,0.16968
1.3467,1.0447,2.5452,0.16458
1.3365,1.0523,2.5528,0.15948
1.3339,1.0447,2.5579,0.16458
1.3416,1.0396,2.5554,0.16458
1.3416,1.0472,2.5554,0.15948
1.3365,1.0472,2.5605,0.16458
1.3416,1.0396,2.5503,0.17223
1.3467,1.0523,2.5503,0.15948
1.3339,1.0549,2.5605,0.16458
1.3416,1.0396,2.5554,0.17223
1.3467,1.0472,2.5503,0.15948
1.3365,1.0523,2.5554,0.16458
1.3416,1.0472,2.5554,0.16968
1.3492,1.0472,2.5503,0.16458
1.3441,1.0523,2.5554,0.16203
1.339,1.0472,2.5554,0.16458
1.3416,1.0396,2.5503,0.16458
1.3416,1.0523,2.5554,0.15693
1.3339,1.0447,2.5605,0.16713
1.3416,1.0396,2.5528,0.16458
1.3467,1.0472,2.5477,0.16458
1.3416,1.0498,2.5528,0.15948
1.3365,1.0447,2.5579,0.17223
1.3416,1.0396,2.5528,0.17223
1.3492,1.0447,2.5452,0.15948
1.3339,1.0498,2.5528,0.15693
1.3339,1.0472,2.563,0.16458
1.3416,1.0396,2.5554,0.16458
1.3416,1.0447,2.5554,0.16203
1.3441,1.0549,2.5554,0.16458
1.3416,1.0472,2.5554,0.16713
1.3416,1.0396,2.5554,0.16458
1.3416,1.0472,2.5528,0.16713
1.3416,1.0523,2.5554,0.16458
1.3416,1.0472,2.5554,0.16458
1.3441,1.0472,2.5554,0.16458
1.3467,1.0549,2.5503,0.15948
1.3365,1.0523,2.5605,0.16458
1.3416,1.0447,2.5554,0.17223
1.3467,1.0472,2.5503,0.16458
1.3416,1.0523,2.5554,0.15948
1.3365,1.0472,2.563,0.16458
1.3416,1.0472,2.5554,0.16713
1.3518,1.0472,2.5503,0.16458
1.3416,1.0549,2.5554,0.16458
1.3416,1.0472,2.5554,0.16968
1.339,1.0447,2.5554,0.16458
1.3416,1.0447,2.5528,0.15948
1.3441,1.0498,2.5554,0.16458
1.3416,1.0472,2.5554,0.16458
1.3416,1.0472,2.5554,0.16458
1.3441,1.0472,2.5503,0.16713
1.3416,1.0523,2.5554,0.16458
1.3441,1.0472,2.5554,0.16458
1.3441,1.0447,2.5579,0.17223
1.3492,1.0549,2.5503,0.15948
1.3441,1.0523,2.5605,0.15948
1.3365,1.0421,2.563,0.17223
1.3492,1.0472,2.5503,0.16713
1.3441,1.0523,2.5579,0.15948
1.3365,1.0498,2.563,0.17223
1.3492,1.0421,2.5528,0.17223
1.3467,1.0472,2.5554,0.16713
1.3441,1.0472,2.5554,0.16713
1.3365,1.0421,2.5656,0.17223
1.3518,1.0421,2.5528,0.16458
1.3441,1.0523,2.5579,0.15948
1.3365,1.0498,2.5656,0.16458
1.3416,1.0421,2.5605,0.16713
1.3441,1.0472,2.5528,0.16713
1.3441,1.0549,2.5579,0.16458
1.339,1.0498,2.5579,0.16713
1.3467,1.0421,2.5554,0.16458
1.3518,1.0498,2.5579,0.16203
1.3467,1.0472,2.5579,0.16458
1.3467,1.0498,2.5579,0.17478
1.3441,1.0396,2.5528,0.16713
1.3467,1.0549,2.5579,0.16458
1.3365,1.0472,2.5656,0.16458
1.3441,1.0447,2.5605,0.16458
1.3518,1.0472,2.5554,0.16458
1.339,1.0549,2.5605,0.15948
1.3416,1.0498,2.5656,0.17223
1.3441,1.0421,2.5528,0.17223
1.3518,1.0498,2.5554,0.15948
1.3441,1.0549,2.5656,0.15948
1.339,1.0447,2.5656,0.17223
1.3492,1.0447,2.5528,0.16713
1.3467,1.0549,2.5579,0.16458
1.339,1.0498,2.5656,0.16713
1.3518,1.0421,2.5528,0.17223
1.3518,1.0472,2.5605,0.15948
1.3441,1.0549,2.5656,0.16458
1.3467,1.0421,2.5605,0.17223
1.3518,1.0498,2.5528,0.16458
1.3441,1.0549,2.5554,0.16203
1.3365,1.0472,2.563,0.16458
1.3467,1.0472,2.5579,0.16458
1.3441,1.0472,2.5554,0.15948
1.3441,1.0498,2.563,0.16458
1.3416,1.0447,2.5554,0.17223
1.3492,1.0498,2.5503,0.15948
1.3416,1.0523,2.5528,0.15693
1.3365,1.0421,2.5605,0.16968
1.3416,1.0396,2.5452,0.17478
1.3492,1.0472,2.5452,0.15948
1.3416,1.0498,2.5503,0.15948
1.3365,1.0472,2.5579,0.16713
1.3416,1.0447,2.5528,0.16713
1.3416,1.0472,2.5452,0.16458
1.3416,1.0472,2.5503,0.15948
1.3339,1.0472,2.5503,0.16458
1.339,1.0472,2.5503,0.16458
1.3467,1.0447,2.5426,0.16458
1.3416,1.0523,2.5503,0.15948
1.3339,1.0447,2.5554,0.16458
1.3416,1.0345,2.5477,0.17223
1.3467,1.0396,2.5401,0.16713
1.3467,1.0523,2.5426,0.15948
1.3365,1.0498,2.5554,0.16458
1.3339,1.0472,2.5554,0.17223
1.3467,1.037,2.5375,0.17223
1.3467,1.0472,2.5401,0.16458
1.339,1.0498,2.5528,0.15948
1.3339,1.0447,2.5452,0.16458
1.3416,1.0447,2.5452,0.16458
1.3467,1.0498,2.5401,0.15948
1.339,1.0447,2.5452,0.16458
1.3365,1.037,2.5426,0.17223
1.3441,1.0447,2.5401,0.15948
1.3314,1.0498,2.5503,0.15693
1.3314,1.0447,2.5528,0.16458
1.3416,1.037,2.5375,0.17223
1.3441,1.0421,2.5401,0.16458
1.3416,1.0447,2.5452,0.16458
1.3339,1.0421,2.5528,0.16458
1.339,1.037,2.5426,0.16458
1.339,1.0447,2.535,0.16458
1.3365,1.0498,2.5452,0.15948
1.3314,1.0421,2.5503,0.16458
1.339,1.037,2.5401,0.16968
1.3441,1.0421,2.535,0.16713
1.3467,1.0498,2.535,0.15948
1.3314,1.0498,2.5503,0.15948
1.3314,1.0421,2.5503,0.16458
1.3365,1.0345,2.5426,0.17223
1.3441,1.0421,2.535,0.16203
1.339,1.0421,2.5426,0.15948
1.339,1.0447,2.5426,0.16458
1.3365,1.0421,2.5426,0.16458
1.339,1.0345,2.5401,0.16458
1.339,1.0447,2.5401,0.16458
1.339,1.0447,2.5401,0.16458
1.3365,1.0421,2.5401,0.16203
1.3365,1.037,2.5401,0.16458
1.3441,1.0396,2.5375,0.16458
1.3365,1.0472,2.5401,0.15948
1.3314,1.0421,2.5452,0.16458
1.3365,1.0345,2.5426,0.16968
1.3441,1.0421,2.535,0.16458
1.3365,1.0421,2.5324,0.15693
1.3365,1.0421,2.5375,0.16458
1.3365,1.0421,2.5401,0.16968
1.3365,1.0421,2.5375,0.16458
1.3365,1.0421,2.5324,0.15693
1.3365,1.0472,2.5375,0.15948
1.3314,1.0396,2.5452,0.17223
1.3441,1.037,2.5299,0.16458
1.3416,1.0472,2.5324,0.15693
1.3314,1.0421,2.5452,0.16458
1.3365,1.0345,2.5375,0.17223
1.3339,1.0396,2.5324,0.16203
1.3365,1.0472,2.535,0.16458
1.3314,1.0421,2.5375,0.16458
1.3365,1.0421,2.5375,0.16458
1.3365,1.0396,2.535,0.15948
1.3289,1.0421,2.5452,0.16458
1.3365,1.0345,2.535,0.17223
1.3441,1.0396,2.5324,0.15693
1.3365,1.0498,2.535,0.15948
1.3289,1.0421,2.5426,0.16713
1.3416,1.0345,2.5375,0.17223
1.3416,1.0396,2.5324,0.15948
1.3314,1.0472,2.5426,0.16458
1.3365,1.037,2.5375,0.17223
1.3441,1.0421,2.5299,0.16203
1.3365,1.0472,2.5375,0.16458
1.3365,1.0421,2.5401,0.16458
1.3365,1.0396,2.5375,0.16203
1.3365,1.0396,2.5401,0.15693
1.3365,1.0421,2.5375,0.16458
1.3365,1.0421,2.5375,0.16458
1.3365,1.0396,2.5401,0.16458
1.3365,1.0396,2.5375,0.15693
1.3314,1.0421,2.5452,0.16458
1.3365,1.0345,2.5375,0.17223
1.3416,1.0396,2.5324,0.15948
1.3339,1.0472,2.5426,0.15948
1.3314,1.0396,2.5426,0.16458
1.3339,1.0396,2.5375,0.16458
1.3365,1.0396,2.535,0.16458
1.3339,1.0396,2.535,0.16458
1.3339,1.0396,2.5324,0.17223
1.3339,1.037,2.5324,0.16458
1.3339,1.0396,2.535,0.15948
1.3263,1.0396,2.5401,0.16203
1.3314,1.0345,2.5324,0.16968
1.3365,1.0396,2.5248,0.16458
1.3314,1.0472,2.5324,0.15948
1.3263,1.0396,2.5401,0.16203
1.3263,1.0345,2.5299,0.17223
1.3416,1.0319,2.5248,0.16458
1.339,1.0447,2.5248,0.15948
1.3263,1.0447,2.5375,0.15948
1.3263,1.0319,2.5375,0.16968
1.339,1.0294,2.5248,0.16458
1.3365,1.0447,2.5248,0.15948
1.3263,1.037,2.5375,0.16458
1.3314,1.0294,2.5324,0.16458
1.3365,1.0396,2.5248,0.16203
1.3339,1.0447,2.5324,0.16458
1.3339,1.037,2.5401,0.17223
1.3365,1.0319,2.5248,0.16968
1.3365,1.0447,2.5273,0.15948
1.3314,1.0421,2.5375,0.15948
1.3238,1.037,2.5375,0.16968
1.3365,1.0345,2.5273,0.17223
1.339,1.0447,2.5248,0.15693
1.3263,1.0472,2.5375,0.16458
1.3238,1.0319,2.5375,0.17223
1.339,1.037,2.5273,0.16458
1.3314,1.0447,2.5324,0.15693
1.3263,1.037,2.5401,0.16458
1.3339,1.0294,2.535,0.16203
1.339,1.0396,2.5299,0.16203
1.3314,1.0472,2.5324,0.15948
1.3263,1.037,2.5375,0.17223
1.3314,1.0345,2.535,0.16968
1.339,1.037,2.5248,0.16458
1.3314,1.0472,2.5324,0.16458
1.3263,1.0396,2.5375,0.16458
1.3263,1.0294,2.5324,0.16968
1.3365,1.0396,2.5248,0.16458
1.3314,1.0421,2.5299,0.15693
1.3238,1.037,2.535,0.16968
1.3314,1.0294,2.5299,0.17223
1.3365,1.0447,2.5197,0.15693
1.3263,1.0447,2.535,0.16458
1.3314,1.037,2.5273,0.17223
1.3365,1.037,2.5222,0.16458
1.3314,1.0447,2.5299,0.15948
1.3238,1.037,2.535,0.17223
1.3365,1.0319,2.5299,0.17223
1.3365,1.0447,2.5222,0.15693
1.3263,1.0447,2.535,0.16458
1.3314,1.0294,2.5273,0.17223
1.3365,1.037,2.5248,0.16458
1.3314,1.0447,2.5324,0.15948
1.3263,1.037,2.535,0.16458
1.3339,1.0319,2.5324,0.17223
1.3365,1.0396,2.5273,0.16458
1.3339,1.0447,2.5324,0.15693
1.3263,1.0396,2.5324,0.16458
1.3339,1.037,2.535,0.16458
1.3416,1.037,2.535,0.16458
1.3289,1.0472,2.5426,0.15693
1.3314,1.0345,2.5401,0.16458
1.3365,1.0345,2.5299,0.17223
1.3416,1.0396,2.5299,0.15693
1.3365,1.0447,2.5426,0.15693
1.3289,1.0396,2.5426,0.16458
1.3365,1.0319,2.535,0.17223
1.339,1.0396,2.5273,0.15693
1.3339,1.0447,2.535,0.15693
1.3339,1.0396,2.535,0.16458
1.3339,1.0345,2.535,0.17223
1.3365,1.0396,2.5299,0.16713
1.3365,1.0396,2.5324,0.16458
1.3339,1.0345,2.535,0.17223
1.339,1.0396,2.5273,0.15693
1.3263,1.0472,2.535,0.15948
1.3263,1.0396,2.5324,0.16458
1.3339,1.0396,2.5324,0.16458
1.3339,1.0396,2.5324,0.16203
1.3339,1.037,2.5324,0.16458
1.3263,1.037,2.5375,0.16968
1.339,1.0319,2.5299,0.17223
