0.4596,0.39463,0.70227,0.42723
0.46215,0.39973,0.69718,0.42213
0.45705,0.40738,0.70227,0.41703
0.44941,0.39973,0.70992,0.42468
0.4596,0.39208,0.70482,0.42468
0.46215,0.40228,0.69718,0.42468
0.45705,0.40483,0.70482,0.41703
0.45195,0.39973,0.70992,0.42468
0.45705,0.39463,0.70227,0.42978
0.46215,0.39973,0.69718,0.42213
0.45705,0.40738,0.70227,0.41703
0.44941,0.39973,0.70992,0.42213
0.45705,0.39463,0.70482,0.42723
0.46215,0.40228,0.69973,0.42213
0.45705,0.40738,0.70227,0.41703
0.44941,0.39973,0.70992,0.42213
0.4545,0.39718,0.70482,0.42978
0.4647,0.40228,0.69718,0.41958
0.45705,0.40738,0.70227,0.41703
0.44941,0.39973,0.70992,0.42213
0.45705,0.39463,0.70482,0.42978
0.46215,0.40228,0.69718,0.42213
0.4596,0.40738,0.70482,0.41703
0.44941,0.40228,0.71247,0.42213
0.45705,0.39973,0.70482,0.42213
0.45705,0.39973,0.70227,0.41703
0.4545,0.39973,0.70227,0.41703
0.44941,0.39463,0.71247,0.42978
0.45705,0.39463,0.69718,0.42723
0.46215,0.40738,0.69718,0.41703
0.44941,0.40738,0.71247,0.42213
0.45705,0.39463,0.70482,0.42213
0.46215,0.39973,0.70482,0.42213
0.45705,0.40228,0.70482,0.42213
0.45195,0.40228,0.70482,0.42213
0.45705,0.40228,0.70227,0.42213
0.4596,0.40738,0.70227,0.41448
0.44941,0.39973,0.70992,0.42213
0.4545,0.39463,0.70227,0.42723
0.46215,0.40228,0.69973,0.42213
0.45705,0.39973,0.70482,0.41703
0.45195,0.39973,0.70992,0.41958
0.4596,0.39718,0.70482,0.42213
0.4596,0.39973,0.69718,0.42213
0.45705,0.40738,0.70227,0.41448
0.44941,0.40228,0.70992,0.42213
0.45705,0.39718,0.70227,0.42213
0.46215,0.40228,0.69718,0.42213
0.45705,0.40738,0.70227,0.42468
0.44941,0.40228,0.70737,0.42213
0.45705,0.39463,0.70227,0.42978
0.46215,0.40228,0.69973,0.42213
0.45705,0.40738,0.70227,0.41448
0.45705,0.40228,0.70992,0.42213
0.45705,0.40228,0.70227,0.42213
0.45705,0.39973,0.70227,0.41448
0.44941,0.40228,0.70992,0.42213
0.4596,0.39208,0.70227,0.42978
0.45705,0.39973,0.70227,0.42213
0.44941,0.39973,0.70992,0.42213
0.45705,0.39463,0.70227,0.42723
0.45705,0.40228,0.70227,0.42213
0.4596,0.39973,0.70482,0.42213
0.45705,0.39973,0.70482,0.42978
0.4545,0.39973,0.69463,0.42213
0.45705,0.40738,0.70227,0.41448
0.45195,0.39973,0.70992,0.42213
0.4545,0.39718,0.70482,0.42213
0.45705,0.39973,0.69718,0.42213
0.4596,0.40738,0.70482,0.41958
0.4596,0.39973,0.70482,0.42213
0.45705,0.40228,0.70482,0.42213
0.45705,0.39973,0.70482,0.42213
0.45705,0.39973,0.70227,0.41958
0.4596,0.39463,0.70227,0.42978
0.46215,0.40228,0.69718,0.42468
0.4596,0.40738,0.70227,0.42213
0.45195,0.39973,0.70737,0.42213
0.45705,0.39463,0.70227,0.42723
0.4596,0.40228,0.69718,0.42213
0.45705,0.40228,0.70482,0.42213
0.44941,0.39718,0.70737,0.42723
0.46215,0.39463,0.69718,0.42213
0.45705,0.40738,0.70482,0.41703
0.44941,0.39973,0.70992,0.42723
0.45705,0.39463,0.70482,0.42978
0.46215,0.40228,0.70482,0.42213
0.4596,0.39973,0.69973,0.42468
0.45705,0.40228,0.70227,0.41958
0.4647,0.39718,0.69718,0.42213
0.45705,0.39973,0.69973,0.41703
0.44941,0.39973,0.70992,0.42213
0.4545,0.39718,0.70227,0.42978
0.46215,0.40228,0.69718,0.42213
0.45705,0.40738,0.70737,0.41448
0.45195,0.39973,0.70992,0.42978
0.45705,0.39463,0.70482,0.41958
0.46215,0.40228,0.69718,0.42213
0.45705,0.40738,0.70227,0.41448
0.44941,0.39973,0.70227,0.42213
0.45705,0.39973,0.70227,0.42978
0.45705,0.40228,0.70227,0.42468
0.45705,0.40738,0.70482,0.41448
0.44941,0.39973,0.71247,0.42213
0.4596,0.39973,0.70227,0.42213
0.46215,0.39718,0.69973,0.41448
0.44941,0.40738,0.70992,0.41703
0.44941,0.39463,0.70992,0.42723
0.46215,0.39463,0.70482,0.42978
0.46215,0.40738,0.69718,0.41703
0.44941,0.40738,0.70737,0.41703
0.44941,0.39463,0.70737,0.42978
0.46215,0.39463,0.70482,0.42468
0.46215,0.40738,0.69718,0.41448
0.45705,0.40738,0.70737,0.41703
0.45195,0.39973,0.70737,0.42723
0.4545,0.39463,0.70227,0.42978
0.46215,0.39973,0.69718,0.41703
0.45705,0.40738,0.70482,0.41448
0.44941,0.40228,0.70992,0.41958
0.45705,0.39463,0.70227,0.42978
0.46215,0.39973,0.69718,0.41448
0.45705,0.40738,0.70227,0.41448
0.45195,0.39973,0.70992,0.42723
0.45705,0.39463,0.70227,0.42978
0.46215,0.40228,0.69718,0.42213
0.4596,0.40738,0.70227,0.41703
0.45705,0.39973,0.70992,0.42213
0.45705,0.39973,0.69973,0.42723
0.45705,0.39718,0.70482,0.41448
0.45705,0.39973,0.69973,0.42468
0.45705,0.39973,0.70482,0.42213
0.44941,0.39973,0.70227,0.42213
0.45705,0.39463,0.70227,0.42213
0.4647,0.40228,0.69718,0.42213
0.45705,0.40738,0.70227,0.41448
0.44941,0.39973,0.70992,0.42468
0.45705,0.39463,0.70227,0.41958
0.45705,0.40228,0.69718,0.42468
0.45705,0.40738,0.70227,0.42213
0.45195,0.39973,0.70992,0.42213
0.45195,0.39463,0.70992,0.42978
0.46215,0.39463,0.70482,0.41703
0.4545,0.39973,0.70482,0.41448
0.4596,0.40228,0.70227,0.42468
0.45705,0.39973,0.70482,0.42723
0.45705,0.39973,0.70227,0.42213
0.45705,0.39973,0.70482,0.42213
0.45705,0.40738,0.70482,0.41703
0.44941,0.39973,0.70992,0.42213
0.45705,0.39463,0.70482,0.42978
0.4596,0.39973,0.69973,0.41448
0.45705,0.40993,0.70227,0.41448
0.45195,0.39973,0.70992,0.42468
0.45705,0.39463,0.70227,0.42978
0.46215,0.40228,0.69973,0.42213
0.45705,0.39973,0.70482,0.41703
0.4596,0.39973,0.70482,0.42213
0.45705,0.39973,0.70482,0.42723
0.4647,0.40228,0.69973,0.42213
0.45705,0.40738,0.70482,0.41448
0.45195,0.39973,0.70992,0.42978
0.46215,0.39208,0.69973,0.42978
0.45705,0.39973,0.70482,0.41703
0.44941,0.39463,0.71247,0.42213
0.46215,0.39463,0.70737,0.42978
0.46215,0.40228,0.69973,0.42213
0.45705,0.40738,0.70482,0.41703
0.45195,0.39973,0.71247,0.42213
0.45705,0.39718,0.69973,0.42978
0.46215,0.40738,0.69973,0.41448
0.44941,0.40738,0.71247,0.41703
0.45705,0.39973,0.71247,0.42213
0.45705,0.39718,0.70482,0.42213
0.45705,0.40228,0.70482,0.42213
0.45195,0.40738,0.71247,0.41448
0.44941,0.39463,0.71247,0.42978
0.4647,0.39973,0.69973,0.42213
0.4596,0.40738,0.70737,0.41703
0.45195,0.39973,0.71247,0.42468
0.45705,0.39208,0.70737,0.42213
0.46215,0.39973,0.70482,0.42213
0.45705,0.39973,0.70482,0.42213
0.45195,0.39208,0.71247,0.42978
0.4545,0.39973,0.69973,0.42213
0.45705,0.40738,0.70737,0.41448
0.45195,0.40228,0.71247,0.42978
0.45705,0.39973,0.70737,0.42468
0.45705,0.39973,0.70737,0.41703
0.45195,0.40228,0.71502,0.42213
0.46215,0.39208,0.69973,0.42723
0.45705,0.40738,0.70737,0.41703
0.4545,0.39973,0.70992,0.42213
0.45705,0.39718,0.70737,0.42213
0.4545,0.39973,0.70482,0.41448
0.45705,0.39973,0.71247,0.42213
0.45705,0.39718,0.70482,0.42723
0.46215,0.39973,0.70227,0.41703
0.45195,0.40483,0.71247,0.42213
0.45705,0.39718,0.70737,0.42723
0.4647,0.40228,0.69973,0.41448
0.4596,0.40738,0.70482,0.41703
0.45195,0.39718,0.71247,0.42978
0.46215,0.39973,0.69973,0.42213
0.4596,0.40228,0.70482,0.42213
0.45705,0.39973,0.70737,0.42978
0.46215,0.39973,0.69973,0.41703
0.44941,0.40738,0.70482,0.41958
0.45705,0.39973,0.70737,0.42213
0.46215,0.40228,0.69973,0.42468
0.45705,0.40738,0.70482,0.41448
0.44941,0.39973,0.71247,0.42723
0.4647,0.39463,0.69718,0.42213
0.4596,0.40483,0.70737,0.42468
0.45195,0.39973,0.70737,0.42213
0.45705,0.39718,0.70482,0.42213
0.45705,0.40738,0.70482,0.41703
0.44941,0.39973,0.71247,0.42978
0.45705,0.39463,0.70737,0.42213
0.4596,0.40228,0.70482,0.42213
0.45705,0.39973,0.70737,0.42213
0.4596,0.39208,0.70482,0.42213
0.4647,0.39973,0.69973,0.41703
0.45195,0.40738,0.70482,0.41703
0.44941,0.39208,0.71247,0.42978
0.4647,0.39718,0.69973,0.41958
0.45705,0.40738,0.70482,0.41448
0.44941,0.39973,0.71247,0.42213
0.45705,0.39208,0.70482,0.42213
0.4647,0.39973,0.69718,0.41448
0.44941,0.40738,0.70992,0.41703
0.44941,0.39463,0.70992,0.42978
0.46215,0.39973,0.69973,0.42213
0.4596,0.40738,0.70482,0.41448
0.44941,0.40228,0.70992,0.42213
0.45705,0.39208,0.70227,0.42978
0.46215,0.40738,0.69973,0.41703
0.44941,0.40738,0.70992,0.41448
0.44941,0.39463,0.71247,0.42978
0.46215,0.39463,0.69718,0.42213
0.46215,0.40993,0.69973,0.41703
0.4596,0.39973,0.70992,0.42213
0.4596,0.39463,0.70737,0.42978
0.46215,0.39973,0.69973,0.42213
0.45705,0.40738,0.70737,0.42213
0.4596,0.40228,0.70992,0.42213
0.4596,0.39463,0.70482,0.42978
0.46215,0.40738,0.69973,0.41703
0.45195,0.40738,0.70992,0.42213
0.45195,0.39463,0.70992,0.42978
0.46215,0.40228,0.69973,0.42213
0.45705,0.40738,0.70482,0.42213
0.4596,0.39973,0.70482,0.42213
0.46215,0.39718,0.69973,0.41448
0.45705,0.40738,0.70482,0.41703
0.44941,0.39973,0.71247,0.42468
0.4545,0.39463,0.70227,0.42723
0.4647,0.39973,0.69718,0.41703
0.4596,0.40738,0.70482,0.41958
0.44941,0.39973,0.70992,0.42213
0.45705,0.39463,0.70482,0.42213
0.46215,0.40738,0.69973,0.41703
0.44941,0.40228,0.70992,0.42213
0.45705,0.39208,0.70482,0.42978
0.46215,0.40228,0.69973,0.42213
0.45705,0.40483,0.70482,0.41703
0.45705,0.39973,0.70482,0.42468
0.45705,0.40228,0.70482,0.42213
0.45705,0.40483,0.70482,0.41703
0.45195,0.39973,0.70992,0.42978
0.46215,0.39973,0.69973,0.42213
0.45705,0.40738,0.70482,0.41448
0.45705,0.39973,0.70992,0.42213
0.46215,0.39973,0.69973,0.42213
0.45705,0.40738,0.70482,0.41448
0.44941,0.39973,0.70992,0.42723
0.4647,0.39718,0.69718,0.42723
0.46215,0.40228,0.70227,0.41448
0.44941,0.40228,0.70992,0.42213
0.45705,0.39208,0.70482,0.42978
0.4647,0.40738,0.69718,0.41448
0.45195,0.39973,0.70992,0.42213
0.45705,0.39463,0.70482,0.42978
0.46215,0.39973,0.69718,0.42213
0.45705,0.39718,0.70227,0.41958
0.45705,0.39463,0.70482,0.42978
0.46215,0.39973,0.69718,0.41448
0.45195,0.40738,0.70992,0.42213
0.4596,0.39463,0.70227,0.42723
0.45705,0.39718,0.69973,0.42213
0.45705,0.40738,0.70482,0.42213
0.45705,0.39973,0.70227,0.42213
0.45705,0.40228,0.70227,0.42213
0.45705,0.40738,0.70482,0.41703
0.44941,0.39973,0.70992,0.42723
0.46215,0.39718,0.69718,0.42213
0.45705,0.40738,0.70227,0.41703
0.44941,0.39973,0.70992,0.42213
0.4545,0.39463,0.69718,0.42723
0.46215,0.40738,0.70227,0.41703
0.45195,0.39973,0.70992,0.42213
0.4596,0.39463,0.70482,0.42978
0.46215,0.39973,0.69718,0.41958
0.4545,0.40738,0.70227,0.41448
0.44941,0.39973,0.70992,0.41958
0.4545,0.39463,0.70227,0.42468
0.46215,0.39973,0.69718,0.41448
0.4545,0.40738,0.70992,0.41703
0.45195,0.40228,0.70992,0.42978
0.45705,0.39718,0.70482,0.42723
0.46215,0.40738,0.69718,0.41448
0.44941,0.40738,0.70992,0.42213
0.45705,0.39718,0.70227,0.42213
0.46215,0.39973,0.69463,0.41448
0.44941,0.40738,0.70737,0.41448
0.44941,0.39718,0.70992,0.42978
0.4647,0.39973,0.69718,0.42213
0.45705,0.39973,0.70227,0.41448
0.44941,0.40228,0.70992,0.41958
0.45705,0.40228,0.70227,0.42213
0.4545,0.40228,0.70227,0.41448
0.45195,0.39973,0.70992,0.42723
0.45705,0.39208,0.70482,0.42723
0.4647,0.40228,0.69718,0.41448
0.45705,0.40738,0.70227,0.42213
0.45705,0.39973,0.70227,0.42213
0.4545,0.39973,0.70227,0.42468
0.45705,0.40738,0.70482,0.41703
0.45195,0.40228,0.70992,0.42978
0.45705,0.39463,0.69973,0.42978
0.46215,0.40738,0.69718,0.41448
0.45195,0.40738,0.70992,0.42213
0.45705,0.39463,0.70227,0.42723
0.46215,0.40738,0.69718,0.41448
0.45705,0.40738,0.70992,0.41448
0.45195,0.39463,0.70992,0.42978
0.46215,0.39463,0.69463,0.42213
0.4596,0.40738,0.69973,0.41703
0.44941,0.39463,0.70737,0.42978
0.46215,0.39463,0.69718,0.42213
0.46215,0.40738,0.69718,0.41703
0.45195,0.39973,0.70737,0.42723
0.45705,0.39463,0.70227,0.42723
0.46215,0.40738,0.70227,0.41703
0.45195,0.40228,0.70992,0.41958
0.45705,0.40228,0.70227,0.42213
0.45705,0.40738,0.69973,0.41703
0.44941,0.40228,0.70737,0.42723
0.46215,0.39463,0.69718,0.42213
0.45705,0.40738,0.70227,0.41958
0.45705,0.40228,0.70227,0.42213
0.46215,0.39973,0.69718,0.42213
0.4596,0.40738,0.70992,0.41703
0.45195,0.39463,0.70737,0.42978
0.46215,0.39463,0.69463,0.42213
0.4596,0.40738,0.70227,0.41448
0.44686,0.39973,0.70737,0.42213
0.45705,0.39973,0.70227,0.42213
0.4596,0.40738,0.70227,0.41448
0.44941,0.39718,0.70992,0.42978
0.46215,0.40228,0.69718,0.42213
0.45705,0.40993,0.69973,0.41703
0.4545,0.39463,0.70227,0.42723
0.46215,0.39973,0.70227,0.42213
0.45705,0.40228,0.70737,0.42213
0.46215,0.39463,0.70227,0.42978
0.46215,0.40738,0.69463,0.41448
0.44941,0.39973,0.70737,0.42213
0.4545,0.39973,0.70227,0.42213
0.45705,0.40738,0.70227,0.41703
0.44941,0.40228,0.69973,0.42468
0.46215,0.39718,0.69718,0.42213
0.45705,0.40738,0.70737,0.41703
0.45195,0.39463,0.70482,0.42978
0.46215,0.39973,0.69718,0.42213
0.45705,0.39973,0.70737,0.41958
0.4596,0.39718,0.70227,0.42723
0.45705,0.40738,0.70227,0.42468
0.45705,0.40228,0.70227,0.42213
0.4545,0.39973,0.70227,0.42213
0.46215,0.40738,0.70227,0.42213
0.44941,0.40228,0.70737,0.42213
0.45705,0.39463,0.70227,0.42978
0.46215,0.40228,0.69718,0.41958
0.45705,0.40738,0.70227,0.42468
0.44941,0.40228,0.70737,0.42213
0.45705,0.39463,0.70227,0.42213
0.4545,0.39973,0.70227,0.42213
0.4545,0.40228,0.70227,0.42213
0.45705,0.39973,0.70227,0.42978
0.46215,0.39973,0.69718,0.42468
0.4596,0.40738,0.70227,0.41703
0.44941,0.39973,0.70992,0.42213
0.45705,0.39973,0.70482,0.42213
0.45705,0.40738,0.69973,0.41448
0.44941,0.39973,0.70737,0.42978
0.4647,0.39463,0.69718,0.42978
0.45705,0.40738,0.70227,0.41703
0.44941,0.39718,0.71247,0.42978
0.46215,0.39463,0.69718,0.42213
0.45705,0.40738,0.70737,0.41448
0.44941,0.39973,0.70992,0.42213
0.45705,0.39463,0.69718,0.42213
0.45705,0.40738,0.70227,0.42213
0.44941,0.39973,0.70482,0.42213
0.45705,0.39973,0.70227,0.42213
0.45705,0.40738,0.70227,0.41703
0.44941,0.39973,0.70992,0.42978
0.46215,0.39463,0.69973,0.42723
0.45705,0.39973,0.70482,0.41703
0.44941,0.40228,0.70992,0.42978
0.46215,0.39718,0.70482,0.42723
0.4596,0.40738,0.69973,0.41703
0.44941,0.40228,0.71247,0.42213
0.45705,0.39463,0.70482,0.42213
0.4545,0.40228,0.70482,0.41703
0.45195,0.39973,0.70992,0.42723
0.46215,0.39463,0.69973,0.42978
0.46215,0.40738,0.69973,0.41703
0.45195,0.39973,0.70992,0.42213
0.45705,0.39208,0.69973,0.43233
0.46215,0.40738,0.69973,0.41448
0.45195,0.40738,0.70992,0.42213
0.45705,0.39718,0.70227,0.42978
0.45705,0.39718,0.69973,0.42213
0.45705,0.39973,0.70737,0.42213
0.45705,0.39718,0.70737,0.42978
0.46215,0.40738,0.69718,0.41448
0.44941,0.40738,0.70992,0.41958
0.44941,0.39463,0.71247,0.42723
0.46215,0.39973,0.69973,0.42213
0.45705,0.40738,0.70482,0.41448
0.44941,0.39463,0.70992,0.42978
0.4647,0.39463,0.69973,0.42978
0.46215,0.40483,0.69973,0.41448
0.45195,0.40738,0.70992,0.42213
0.44941,0.39463,0.70482,0.42978
0.4647,0.39973,0.69718,0.42213
0.45705,0.40738,0.70737,0.41703
0.44941,0.40228,0.71247,0.42213
0.4545,0.39463,0.70482,0.42978
0.4647,0.39973,0.69718,0.42213
0.45705,0.40738,0.70737,0.41448
0.45195,0.39973,0.70992,0.42468
0.45705,0.39208,0.70482,0.42978
0.46215,0.39973,0.69718,0.42213
0.45705,0.40738,0.70482,0.41703
0.45195,0.39463,0.70992,0.42723
0.46215,0.39463,0.69973,0.42723
0.45705,0.40738,0.70482,0.41703
0.45195,0.39973,0.70992,0.42213
0.45705,0.39208,0.70482,0.42978
0.45705,0.39973,0.69973,0.42213
0.45705,0.40738,0.70227,0.42213
0.4545,0.40228,0.70227,0.42213
0.46215,0.39463,0.69973,0.42213
0.46215,0.40738,0.70482,0.41703
0.45195,0.39973,0.70992,0.42213
0.4545,0.39463,0.70737,0.42213
0.45705,0.39973,0.70227,0.41448
0.44941,0.39973,0.70992,0.41958
0.46215,0.39463,0.69718,0.42723
0.45705,0.39973,0.70482,0.41703
0.45705,0.39973,0.70992,0.42213
0.45705,0.39463,0.70482,0.42723
0.46215,0.39973,0.69718,0.42213
0.44941,0.40483,0.70227,0.41703
0.45705,0.39463,0.70227,0.42978
0.46215,0.40228,0.69718,0.42213
0.45705,0.39973,0.70227,0.42213
0.45705,0.39463,0.70227,0.42978
0.46215,0.39973,0.69718,0.41448
0.45195,0.40738,0.70227,0.41703
0.44941,0.39463,0.70992,0.42723
0.4596,0.39208,0.69463,0.42213
0.45705,0.40483,0.70227,0.41703
0.44941,0.39973,0.70992,0.42213
0.4545,0.39463,0.70227,0.42723
0.46215,0.39463,0.69718,0.42213
0.4596,0.40738,0.69718,0.41448
0.44941,0.40738,0.70737,0.41958
0.45195,0.39463,0.70992,0.42468
0.46215,0.39973,0.69718,0.42213
0.4596,0.40738,0.70227,0.41703
0.44941,0.39973,0.70992,0.42213
0.45705,0.39463,0.70227,0.42978
0.46215,0.39973,0.69718,0.42213
0.45705,0.40738,0.69973,0.41703
0.44941,0.39973,0.70992,0.41958
0.45705,0.39463,0.70482,0.41958
0.46215,0.39973,0.70227,0.42213
0.45705,0.40738,0.70227,0.42213
0.4545,0.39718,0.70227,0.42468
0.46215,0.39463,0.69718,0.42978
0.4596,0.40738,0.69718,0.41448
0.44941,0.40738,0.70737,0.42213
0.45705,0.39463,0.69973,0.42213
0.46215,0.40228,0.69718,0.41703
0.45705,0.40738,0.70737,0.41448
0.44941,0.39463,0.70992,0.42978
0.46215,0.39463,0.69718,0.42978
0.46215,0.40738,0.69718,0.41703
0.44941,0.39973,0.70737,0.42213
0.4545,0.39718,0.70227,0.42723
0.4596,0.40738,0.69718,0.41703
0.44941,0.40738,0.70992,0.42213
0.45705,0.39463,0.70227,0.42723
0.4596,0.40228,0.69718,0.42213
0.45705,0.39973,0.69973,0.42213
0.45705,0.39973,0.70227,0.42213
0.45705,0.39973,0.70227,0.42213
0.45705,0.40738,0.70227,0.41448
0.44941,0.39973,0.70992,0.42213
0.45705,0.39463,0.69463,0.42978
0.4647,0.40228,0.69718,0.41448
0.44941,0.40228,0.70737,0.42213
0.45705,0.39463,0.69718,0.42978
0.46215,0.40738,0.69463,0.41703
0.44941,0.39973,0.70737,0.42213
0.45705,0.39463,0.69973,0.42213
0.45705,0.39973,0.70227,0.41448
0.44941,0.39973,0.70737,0.41958
0.45705,0.39463,0.69463,0.42723
0.4596,0.40738,0.69718,0.41703
0.44941,0.40738,0.70992,0.42213
0.45705,0.39718,0.70227,0.42723
0.46215,0.39973,0.69973,0.42213
0.4545,0.40228,0.69973,0.41958
0.45705,0.40228,0.70227,0.42978
0.4596,0.40483,0.69718,0.41703
0.44941,0.40738,0.70737,0.42213
0.4545,0.39463,0.70227,0.42978
0.46215,0.40228,0.69463,0.42213
0.4545,0.40228,0.70227,0.42213
0.45705,0.39463,0.69973,0.42213
0.45705,0.39973,0.69973,0.42213
0.44941,0.39973,0.70737,0.42213
0.4545,0.39718,0.70227,0.41958
0.45705,0.39973,0.69973,0.41448
0.44941,0.40228,0.70737,0.42213
0.4545,0.39973,0.70227,0.42213
0.4545,0.39973,0.69463,0.41703
0.45195,0.39973,0.70992,0.41958
0.45705,0.40228,0.70227,0.42213
0.45705,0.40738,0.69973,0.41448
0.45195,0.39973,0.70737,0.42213
0.4596,0.40228,0.69718,0.42213
0.45705,0.40738,0.70227,0.41448
0.44941,0.39463,0.70992,0.42723
0.45705,0.40228,0.69463,0.42213
0.4545,0.40738,0.70227,0.42213
0.4545,0.40228,0.70227,0.42213
0.46215,0.40228,0.69718,0.42213
0.4545,0.40738,0.70227,0.41703
0.44686,0.39463,0.70737,0.42978
0.46215,0.39718,0.69718,0.42213
0.45705,0.40738,0.70227,0.42213
0.45705,0.39718,0.70227,0.42213
0.45705,0.39973,0.69718,0.42213
0.4545,0.40483,0.70227,0.41703
0.44941,0.39463,0.70992,0.42723
0.46215,0.39973,0.69718,0.42213
0.4596,0.40738,0.70227,0.42213
0.45705,0.39208,0.70227,0.42978
0.4596,0.40228,0.69718,0.42468
0.44941,0.40738,0.70992,0.41448
0.44941,0.39718,0.70227,0.42723
0.46215,0.40228,0.69463,0.42213
0.45705,0.40738,0.70227,0.42468
0.44941,0.39973,0.70992,0.42978
0.46215,0.39463,0.69718,0.42723
0.45705,0.40738,0.70227,0.41703
0.45705,0.39973,0.70737,0.42213
0.4545,0.39463,0.70227,0.42213
0.46215,0.39973,0.69718,0.42468
0.4545,0.40738,0.70227,0.42213
0.44941,0.40228,0.70992,0.42213
0.45705,0.39463,0.70227,0.42978
0.46215,0.39973,0.69718,0.42468
0.45705,0.40738,0.70482,0.42213
0.44941,0.40228,0.70737,0.42213
0.4545,0.39718,0.70227,0.42213
0.46215,0.40228,0.69718,0.42468
0.4596,0.40483,0.70227,0.42213
0.44941,0.39973,0.70992,0.41958
0.4596,0.39463,0.69718,0.42978
0.46215,0.40738,0.69718,0.41448
0.44941,0.39973,0.70992,0.42213
0.45705,0.39463,0.70482,0.42723
0.46215,0.39973,0.69718,0.42213
0.45705,0.39973,0.70227,0.42213
0.4545,0.40228,0.70482,0.42213
0.45705,0.40228,0.69973,0.42213
0.4545,0.40738,0.70227,0.41448
0.44941,0.39463,0.70992,0.42213
0.4545,0.40228,0.70227,0.42213
0.4545,0.40738,0.70482,0.41448
0.44941,0.39463,0.70992,0.42723
0.4596,0.39463,0.70227,0.42213
0.4545,0.40738,0.70482,0.41448
0.44941,0.39973,0.70992,0.42723
0.46215,0.39463,0.69718,0.42213
0.4545,0.40738,0.70482,0.41703
0.44941,0.39973,0.70482,0.42213
0.45705,0.39463,0.70482,0.42213
0.45705,0.39973,0.70482,0.42213
0.4545,0.40738,0.70482,0.42213
0.45705,0.39973,0.70227,0.42978
0.4545,0.39973,0.70227,0.42213
0.4596,0.40738,0.70227,0.41703
0.44941,0.39973,0.70992,0.42978
0.4545,0.39718,0.70227,0.42723
0.45705,0.39973,0.69718,0.42213
0.44941,0.40738,0.70992,0.41448
0.45195,0.40228,0.70227,0.41958
0.4545,0.39973,0.70227,0.42213
0.45705,0.40738,0.69973,0.41703
0.44941,0.39208,0.70992,0.42978
0.4647,0.39463,0.69973,0.42213
0.45705,0.40738,0.70227,0.42213
0.44941,0.39973,0.70737,0.41958
0.45705,0.39973,0.70482,0.42213
0.45705,0.39973,0.70227,0.42213
0.45705,0.39973,0.70227,0.42213
0.45705,0.39463,0.70482,0.42978
0.46215,0.39718,0.69463,0.42213
0.45705,0.40738,0.69973,0.42213
0.45705,0.40228,0.70482,0.42723
0.46215,0.40228,0.69973,0.42213
0.45705,0.40738,0.70227,0.41448
0.44941,0.39463,0.70992,0.42723
0.46215,0.39463,0.69718,0.42468
0.4596,0.40738,0.70227,0.41448
0.44941,0.39973,0.70992,0.42213
0.4545,0.39973,0.70482,0.42213
0.45705,0.39973,0.70227,0.41703
0.44941,0.39973,0.70992,0.42213
0.45705,0.39973,0.70227,0.42213
0.45705,0.40738,0.70227,0.41703
0.44941,0.39973,0.70992,0.42978
0.45705,0.39718,0.69718,0.42723
0.46215,0.40738,0.69973,0.41448
0.44941,0.40228,0.70992,0.42213
0.45705,0.40228,0.70482,0.42213
0.46215,0.40228,0.69973,0.41448
0.44941,0.40483,0.70992,0.41448
0.44941,0.39463,0.70992,0.42978
0.4545,0.39973,0.69973,0.42213
0.45705,0.40738,0.70227,0.41703
0.44941,0.39973,0.70992,0.42213
0.4545,0.39463,0.70482,0.42723
0.46215,0.39973,0.69718,0.42213
0.45705,0.40228,0.70227,0.42213
0.4545,0.39973,0.70227,0.42978
0.45705,0.39973,0.70227,0.41958
0.45705,0.40738,0.70227,0.41448
0.44941,0.39973,0.70737,0.42978
0.46215,0.39463,0.69718,0.42723
0.4596,0.40483,0.69973,0.41703
0.44941,0.40738,0.70992,0.41703
0.44941,0.39463,0.70992,0.42723
0.46215,0.39463,0.69718,0.42213
0.45705,0.40483,0.70737,0.41703
0.4596,0.40228,0.70227,0.42213
0.45705,0.39973,0.70227,0.42213
0.45705,0.40738,0.70482,0.41703
0.44941,0.39463,0.70992,0.42723
0.45705,0.39463,0.70227,0.42978
0.46215,0.39973,0.69718,0.41448
0.45705,0.40738,0.70482,0.41703
0.44941,0.39463,0.70737,0.42723
0.46215,0.39718,0.69718,0.41958
0.45705,0.40738,0.70227,0.41448
0.45195,0.40228,0.70992,0.42978
0.45705,0.39718,0.69718,0.42978
0.46215,0.40228,0.69718,0.42213
0.45705,0.39973,0.70227,0.41448
0.45705,0.39973,0.70992,0.42468
0.45705,0.39208,0.70227,0.42213
0.45705,0.39973,0.70482,0.42213
0.45705,0.39973,0.70227,0.42213
0.44941,0.40228,0.70992,0.41958
0.45705,0.39973,0.70227,0.42213
0.45705,0.39973,0.70227,0.41703
0.45705,0.39973,0.70227,0.42723
0.45705,0.39973,0.70227,0.42723
0.45705,0.39718,0.70227,0.42213
0.45705,0.39973,0.69973,0.41448
0.45705,0.39973,0.70992,0.42213
0.4545,0.39463,0.70227,0.42723
0.46215,0.40228,0.69973,0.42213
0.45705,0.39973,0.69973,0.42213
0.45705,0.39463,0.70227,0.42723
0.46215,0.39973,0.69718,0.42213
0.45705,0.39973,0.70227,0.42213
0.45705,0.39973,0.70227,0.42723
0.46215,0.39973,0.69718,0.42213
0.45705,0.40483,0.70992,0.41703
0.44941,0.39463,0.70737,0.42723
0.4596,0.39973,0.69718,0.42213
0.45705,0.40738,0.70227,0.41703
0.44941,0.39973,0.70737,0.42213
0.45705,0.39463,0.70227,0.42723
0.4596,0.39973,0.69718,0.42213
0.4545,0.40738,0.70227,0.41448
0.44941,0.39973,0.70992,0.42468
0.45705,0.39463,0.70227,0.42723
0.46215,0.39973,0.69973,0.42213
0.45705,0.40738,0.70227,0.41448
0.45705,0.39973,0.70992,0.41958
0.45705,0.40228,0.70227,0.42978
0.4545,0.39973,0.70227,0.42213
0.45705,0.39973,0.70227,0.41958
0.4545,0.40738,0.70227,0.42468
0.44686,0.39463,0.70992,0.42723
0.4647,0.39463,0.69718,0.42978
0.46215,0.39973,0.69718,0.41958
0.45705,0.40738,0.70227,0.42213
0.44941,0.40228,0.70227,0.42213
0.45705,0.39463,0.70482,0.42213
0.45705,0.40228,0.70227,0.42213
0.45705,0.39973,0.70227,0.42213
0.45705,0.39973,0.70227,0.42213
0.45705,0.40228,0.70482,0.42468
0.46215,0.40738,0.69973,0.41448
0.44941,0.40738,0.70992,0.42213
0.44941,0.39718,0.70992,0.42978
0.45705,0.39973,0.69718,0.42468
0.45705,0.40738,0.70227,0.41703
0.44686,0.40228,0.70992,0.42468
0.4545,0.39718,0.70227,0.42978
0.4596,0.40228,0.69718,0.42213
0.45705,0.40738,0.70227,0.41703
0.44941,0.39973,0.70737,0.42213
0.4545,0.39208,0.70227,0.42978
0.46215,0.39973,0.69718,0.41448
0.45705,0.40738,0.70227,0.41703
0.44941,0.39973,0.70992,0.42978
0.45705,0.39463,0.70227,0.42723
0.46215,0.39973,0.69718,0.42213
0.45705,0.40738,0.70227,0.41448
0.44941,0.39973,0.70992,0.42213
0.4545,0.39463,0.70227,0.42723
0.4596,0.39973,0.69718,0.41958
0.4545,0.40738,0.69973,0.41703
0.44941,0.39973,0.70992,0.42213
0.45705,0.39208,0.70227,0.42978
0.4596,0.39973,0.69463,0.42213
0.45705,0.39973,0.69973,0.41448
0.44941,0.39973,0.69973,0.42213
0.4545,0.39973,0.70227,0.42213
0.46215,0.39973,0.69718,0.41703
0.4545,0.40738,0.70737,0.41448
0.44941,0.39463,0.70737,0.42978
0.46215,0.39973,0.69463,0.42213
0.4545,0.40738,0.70227,0.41448
0.44686,0.39973,0.70737,0.42213
0.45705,0.39718,0.70227,0.41958
0.45705,0.40228,0.69973,0.42213
0.45705,0.39973,0.69973,0.42213
0.45705,0.40228,0.70737,0.42723
0.4596,0.39973,0.69463,0.42213
0.45705,0.40738,0.69973,0.42213
0.44941,0.39973,0.70737,0.42213
0.4545,0.39973,0.69973,0.42978
0.4596,0.39973,0.69718,0.42213
0.4545,0.39973,0.69973,0.41958
0.45705,0.39973,0.70227,0.42213
0.4545,0.39973,0.70227,0.42213
0.45705,0.40228,0.69973,0.41448
0.4545,0.40738,0.70737,0.42213
0.4545,0.39463,0.69973,0.42723
0.4596,0.39973,0.69718,0.42213
0.4545,0.40738,0.69973,0.42213
0.44941,0.39973,0.70737,0.42213
0.45705,0.39973,0.70227,0.42213
0.4596,0.40738,0.69718,0.41448
0.44941,0.39973,0.70737,0.42213
0.4545,0.39718,0.69973,0.42723
0.46215,0.40228,0.69718,0.42213
0.4545,0.40738,0.70227,0.42213
0.44941,0.40228,0.70737,0.42213
0.45705,0.39463,0.70227,0.42213
0.46215,0.39973,0.69718,0.42213
0.4545,0.40228,0.69973,0.42213
0.45705,0.39973,0.70227,0.42723
0.46215,0.40228,0.69463,0.42213
0.45705,0.40738,0.69973,0.42213
0.44941,0.40228,0.70992,0.42213
0.4545,0.39463,0.69718,0.42978
0.45705,0.40738,0.70227,0.42213
0.44941,0.40228,0.70992,0.42213
0.4545,0.39973,0.70227,0.42213
0.45705,0.40993,0.70992,0.41703
0.44941,0.39208,0.70737,0.42723
0.46215,0.39718,0.69718,0.41958
0.45705,0.39973,0.70227,0.42213
0.4545,0.39973,0.69973,0.42723
0.45705,0.40228,0.70227,0.42213
0.4545,0.39973,0.70227,0.41448
0.45705,0.39973,0.69973,0.41958
0.4545,0.39463,0.70227,0.42978
0.46215,0.39973,0.69463,0.41448
0.45705,0.40738,0.70992,0.41703
0.44941,0.39463,0.70992,0.42978
0.46215,0.39463,0.69973,0.42213
0.4545,0.40738,0.70227,0.41448
0.44941,0.39973,0.70992,0.42213
0.4545,0.39463,0.70227,0.42213
0.45705,0.40738,0.70227,0.41448
0.44941,0.39973,0.70737,0.42723
0.46215,0.39463,0.69973,0.42723
0.45705,0.40738,0.70482,0.41448
0.45195,0.40228,0.70737,0.42468
0.45705,0.39973,0.70227,0.42213
0.4545,0.40738,0.70227,0.41448
0.44941,0.39208,0.70992,0.42723
0.46215,0.39973,0.69718,0.42468
0.4545,0.40738,0.70227,0.42213
0.45705,0.39973,0.70227,0.42723
0.46215,0.39973,0.69718,0.41703
0.44941,0.40738,0.70482,0.41448
0.44941,0.39973,0.70992,0.42978
0.46215,0.39463,0.69718,0.42978
0.46215,0.40738,0.69718,0.41448
0.44941,0.40738,0.70992,0.41448
0.44941,0.39718,0.70992,0.42723
0.46215,0.39463,0.69973,0.42978
0.46215,0.40738,0.69718,0.41448
0.44941,0.40738,0.70992,0.42213
0.45705,0.39463,0.70227,0.42978
0.4596,0.40228,0.69718,0.42213
0.45705,0.40738,0.70482,0.41448
0.44941,0.39463,0.71247,0.42978
0.46215,0.39718,0.69718,0.42978
0.4647,0.40738,0.69718,0.41448
0.44941,0.39973,0.71247,0.42213
0.45705,0.39973,0.70227,0.42213
0.45705,0.40738,0.70482,0.41703
0.45195,0.39463,0.70992,0.42723
0.46215,0.39463,0.69718,0.42723
0.45705,0.40738,0.70482,0.41448
0.44941,0.39973,0.70737,0.42213
0.45705,0.39973,0.70482,0.42213
0.45705,0.40738,0.70482,0.41448
0.44941,0.39463,0.71502,0.42978
0.46215,0.39973,0.69973,0.42213
0.45705,0.39973,0.70482,0.42213
0.45705,0.39463,0.70482,0.42978
0.46215,0.40738,0.69973,0.41448
0.45195,0.40738,0.70992,0.42213
0.45705,0.40228,0.70482,0.42213
0.45705,0.39973,0.70482,0.42213
0.44941,0.39973,0.71247,0.42213
0.45705,0.39208,0.70482,0.42978
0.46215,0.39973,0.69973,0.41703
0.44941,0.40738,0.70482,0.41703
0.45705,0.39973,0.70482,0.42213
0.4596,0.39973,0.70737,0.42213
0.45705,0.40738,0.70482,0.41703
0.44941,0.40228,0.71247,0.42978
0.45705,0.39463,0.69718,0.42978
0.45705,0.40738,0.70482,0.41448
0.45195,0.40228,0.71247,0.42213
0.45705,0.39973,0.70482,0.42213
0.45705,0.40228,0.70482,0.41448
0.44941,0.39973,0.71502,0.42213
0.45705,0.39463,0.69973,0.42978
0.46215,0.39973,0.69973,0.41703
0.45705,0.40738,0.70482,0.41703
0.44941,0.39973,0.71247,0.42213
0.45705,0.39973,0.70737,0.42213
0.45705,0.39973,0.69973,0.41448
0.45195,0.40738,0.70992,0.42213
0.4545,0.39463,0.70482,0.42213
0.46215,0.39973,0.69718,0.42213
0.45705,0.40738,0.71502,0.41448
0.4545,0.39973,0.71247,0.42213
0.45705,0.39718,0.70482,0.42213
0.45705,0.39973,0.69973,0.42213
0.45705,0.39973,0.70737,0.42213
0.45705,0.40228,0.70482,0.42213
0.45705,0.39973,0.70737,0.42213
0.45705,0.39973,0.70737,0.41448
0.45705,0.39973,0.70737,0.42213
0.45705,0.39718,0.70737,0.42723
0.46215,0.39463,0.69973,0.42213
0.46215,0.40738,0.69973,0.41448
0.44941,0.40483,0.71502,0.42213
0.45195,0.39463,0.71247,0.42978
0.4596,0.39718,0.70737,0.42213
0.4596,0.39973,0.70482,0.41703
0.45705,0.39718,0.70737,0.42213
0.45705,0.39718,0.70482,0.42978
0.46215,0.39973,0.70227,0.42468
0.4596,0.40738,0.70482,0.41448
0.44941,0.39463,0.70992,0.42723
0.45705,0.40228,0.69973,0.42213
0.45705,0.40738,0.70482,0.41703
0.45195,0.39463,0.71247,0.42468
0.45705,0.39718,0.70737,0.42978
0.46215,0.39973,0.70227,0.42213
0.45705,0.40738,0.70992,0.41703
0.44941,0.39973,0.70482,0.42213
0.45705,0.39973,0.70482,0.42213
0.45705,0.39973,0.70482,0.41448
0.45705,0.39973,0.70482,0.42213
0.45705,0.40228,0.70482,0.42978
0.46215,0.40228,0.69718,0.42213
0.45195,0.40738,0.71247,0.42213
0.44941,0.39463,0.70482,0.42978
0.4596,0.40228,0.69718,0.42213
0.45705,0.40738,0.70482,0.41448
0.45705,0.40228,0.71247,0.42213
0.45705,0.39463,0.70482,0.42468
0.45705,0.39973,0.69973,0.42213
0.4596,0.40483,0.70482,0.41703
0.44941,0.39973,0.71502,0.42978
0.4596,0.39208,0.69973,0.42978
0.46215,0.39973,0.69973,0.42468
0.45705,0.40738,0.70482,0.41703
0.44941,0.39718,0.70992,0.42213
0.45705,0.39718,0.70482,0.42213
0.46215,0.40228,0.69718,0.42213
0.4596,0.40738,0.70482,0.42213
0.45705,0.39973,0.70737,0.43233
0.4596,0.39973,0.69973,0.42213
0.45705,0.40738,0.70482,0.42213
0.44941,0.39973,0.70482,0.41958
0.45705,0.39463,0.69973,0.42213
0.45705,0.40483,0.70482,0.42213
0.44941,0.40228,0.70737,0.42468
0.45705,0.40228,0.70737,0.42213
0.45705,0.39973,0.70737,0.41448
0.44941,0.39973,0.70992,0.42213
0.4596,0.39463,0.70737,0.42978
0.46215,0.40228,0.69973,0.41703
0.44941,0.40738,0.71247,0.42213
0.44941,0.39463,0.71502,0.42978
0.4647,0.39463,0.69973,0.42213
0.46215,0.40738,0.69973,0.41448
0.44941,0.40738,0.71502,0.42213
0.45705,0.39973,0.70482,0.42978
0.45705,0.39973,0.70227,0.42213
0.45705,0.40738,0.70482,0.41703
0.44941,0.39973,0.71247,0.42213
0.45705,0.39463,0.70482,0.42978
0.46215,0.39973,0.69718,0.42213
0.45705,0.40483,0.70482,0.41703
0.44941,0.39973,0.71247,0.42213
0.4596,0.39463,0.70737,0.42978
0.46215,0.39973,0.69973,0.42468
0.45705,0.40738,0.70737,0.41448
0.45195,0.39973,0.71502,0.42213
0.44941,0.39463,0.71247,0.42978
0.46215,0.39463,0.69718,0.42723
0.46215,0.40738,0.69973,0.41448
0.44941,0.40738,0.71247,0.41448
0.45195,0.39463,0.71247,0.42723
0.46215,0.39973,0.69973,0.42213
0.45705,0.40228,0.70482,0.42213
0.45705,0.39973,0.70737,0.42213
0.46215,0.39463,0.69973,0.42213
0.45705,0.40738,0.70227,0.42213
0.45195,0.39973,0.70992,0.42213
0.4596,0.39973,0.70482,0.42978
0.46215,0.40228,0.70227,0.42213
0.45705,0.40738,0.70737,0.42213
0.44941,0.39973,0.71247,0.42213
0.45705,0.39463,0.70737,0.42213
0.45705,0.40228,0.70482,0.41448
0.44941,0.39973,0.70992,0.42213
0.4545,0.39718,0.70482,0.42213
0.45705,0.39973,0.69973,0.42468
0.45705,0.39973,0.70482,0.42468
0.45705,0.39973,0.70482,0.42213
0.4596,0.39973,0.70482,0.42213
0.45705,0.40738,0.70737,0.41703
0.44941,0.39463,0.71247,0.42978
0.46215,0.39718,0.70482,0.42213
0.46215,0.40738,0.70482,0.41703
0.45705,0.39973,0.70227,0.42213
0.45705,0.40228,0.70737,0.42213
0.45705,0.39973,0.70482,0.42213
0.45705,0.39973,0.70482,0.42213
0.45705,0.39973,0.70482,0.42978
0.45705,0.39973,0.70482,0.42213
0.4545,0.39973,0.69973,0.41703
0.44941,0.39973,0.70992,0.42213
0.45705,0.39463,0.70482,0.42978
0.46215,0.40228,0.69718,0.42213
0.4545,0.40738,0.70482,0.41703
0.44941,0.39463,0.70992,0.42213
0.45705,0.39463,0.70482,0.42978
0.46215,0.40738,0.69718,0.41703
0.45705,0.40483,0.70482,0.41958
0.45195,0.39973,0.70992,0.41958
0.4545,0.39973,0.70227,0.42213
0.46215,0.39973,0.69718,0.42468
0.4545,0.39973,0.70227,0.41958
