1.6908,1.3532,2.2495,0.22323
1.6934,1.3582,2.2495,0.21813
1.6934,1.3582,2.2571,0.21813
1.6908,1.3532,2.2495,0.22323
1.701,1.3659,2.2418,0.21303
1.6857,1.3582,2.2546,0.21813
1.6934,1.3582,2.2495,0.21813
1.6934,1.3659,2.2495,0.21048
1.6857,1.3608,2.2546,0.22578
1.701,1.3557,2.2418,0.21558
1.6934,1.3659,2.2495,0.21813
1.6934,1.3582,2.2469,0.22323
1.701,1.3608,2.2418,0.21813
1.6959,1.3608,2.252,0.21303
1.6908,1.3557,2.2495,0.22323
1.701,1.3608,2.2418,0.21813
1.6934,1.3608,2.2469,0.21813
1.6934,1.3532,2.2495,0.22323
1.701,1.3659,2.2418,0.21813
1.6857,1.3582,2.2546,0.21813
1.701,1.3557,2.2418,0.22578
1.6934,1.3659,2.2495,0.21303
1.6857,1.3557,2.2571,0.22578
1.6985,1.3608,2.2393,0.21813
1.6934,1.3659,2.2495,0.21813
1.6934,1.3532,2.2469,0.22578
1.6985,1.3659,2.2418,0.21048
1.6908,1.3608,2.2546,0.21813
1.6934,1.3608,2.2495,0.21813
1.6934,1.3659,2.252,0.21303
1.6857,1.3557,2.2546,0.22578
1.701,1.3608,2.2444,0.21813
1.6934,1.3659,2.2546,0.21048
1.6883,1.3557,2.2495,0.22833
1.6985,1.3608,2.2495,0.21813
1.6857,1.3582,2.2546,0.22323
1.6985,1.3557,2.2444,0.21813
1.6934,1.3608,2.2495,0.21558
1.6934,1.3557,2.2495,0.22323
1.6934,1.3659,2.2495,0.21048
1.6908,1.3608,2.2495,0.22578
1.6985,1.3659,2.2444,0.21303
1.6857,1.3684,2.2571,0.21558
1.6934,1.3608,2.2495,0.21813
1.6934,1.3633,2.2495,0.21048
1.6883,1.3532,2.2571,0.22323
1.6985,1.3608,2.2418,0.21558
1.6934,1.3608,2.2495,0.21813
1.6959,1.3532,2.2495,0.22578
1.6985,1.3608,2.2444,0.21048
1.6857,1.3608,2.2571,0.21558
1.6985,1.3532,2.2495,0.22578
1.6934,1.3659,2.2495,0.21048
1.6934,1.3582,2.2495,0.22578
1.6985,1.3608,2.2444,0.21048
1.6857,1.3608,2.2546,0.21558
1.6934,1.3608,2.2495,0.21558
1.6908,1.3608,2.2495,0.21048
1.6857,1.3608,2.2546,0.22323
1.6985,1.3608,2.2418,0.21558
1.6934,1.3608,2.2495,0.21813
1.6908,1.3557,2.2495,0.22578
1.6934,1.3659,2.2495,0.21048
1.6934,1.3608,2.2495,0.21558
1.6985,1.3582,2.2418,0.21558
1.6959,1.3659,2.252,0.21048
1.6934,1.3557,2.2495,0.22323
1.6908,1.3582,2.2444,0.21813
1.6908,1.3582,2.2546,0.21813
1.6934,1.3608,2.2495,0.21813
1.6908,1.3659,2.2495,0.21048
1.6857,1.3557,2.252,0.22323
1.7036,1.3608,2.2418,0.21558
1.6857,1.3582,2.2546,0.22323
1.6985,1.3532,2.2418,0.21813
1.6934,1.3582,2.2495,0.21813
1.6934,1.3557,2.2495,0.22323
1.6985,1.3659,2.2495,0.21048
1.6883,1.3608,2.2571,0.21813
1.6934,1.3582,2.2444,0.21813
1.6934,1.3684,2.2571,0.21048
1.6857,1.3557,2.2546,0.22068
1.6985,1.3582,2.2495,0.21813
1.6857,1.3532,2.2571,0.22323
1.6985,1.3582,2.2495,0.21813
1.6857,1.3532,2.2546,0.21813
1.6985,1.3532,2.2418,0.21813
1.6934,1.3659,2.2495,0.21813
1.6934,1.3532,2.2495,0.22323
1.701,1.3659,2.2444,0.21048
1.6934,1.3608,2.2495,0.21813
1.6985,1.3608,2.2444,0.21813
1.6857,1.3582,2.2546,0.21813
1.6934,1.3608,2.2495,0.21813
1.6934,1.3659,2.2546,0.21048
1.6857,1.3557,2.2571,0.22068
1.6934,1.3582,2.2495,0.21813
1.6857,1.3582,2.2546,0.21813
1.6985,1.3557,2.2495,0.22578
1.6934,1.3659,2.2495,0.21303
1.6934,1.3608,2.2495,0.22578
1.6908,1.3659,2.2469,0.21048
1.6934,1.3557,2.2495,0.22578
1.6985,1.3659,2.2444,0.21303
1.6857,1.3608,2.2571,0.22578
1.6985,1.3608,2.2444,0.21813
1.6908,1.3633,2.2495,0.21558
1.6934,1.3557,2.2495,0.22323
1.701,1.3659,2.2495,0.21048
1.6857,1.3582,2.2546,0.21558
1.6985,1.3608,2.2444,0.21813
1.6934,1.3684,2.2546,0.21048
1.6934,1.3532,2.2495,0.22323
1.6985,1.3659,2.2444,0.21303
1.6908,1.3608,2.2495,0.21558
1.6985,1.3608,2.2444,0.21813
1.6857,1.3659,2.2546,0.21813
1.6908,1.3532,2.2495,0.22578
1.6934,1.3608,2.2495,0.21048
1.6832,1.3557,2.2546,0.22323
1.6985,1.3608,2.2444,0.21813
1.6934,1.3582,2.2495,0.21558
1.6934,1.3557,2.2444,0.22323
1.6985,1.3659,2.2418,0.21048
1.6857,1.3582,2.2597,0.21813
1.701,1.3608,2.2418,0.21813
1.6832,1.3659,2.2495,0.21048
1.6908,1.3608,2.2495,0.22323
1.6934,1.3608,2.2495,0.21303
1.6857,1.3608,2.2546,0.22068
1.6985,1.3608,2.2393,0.21813
1.6908,1.3608,2.2495,0.21558
1.6934,1.3532,2.2495,0.22578
1.6934,1.3659,2.2495,0.21048
1.6883,1.3608,2.2495,0.21558
1.701,1.3582,2.2418,0.21813
1.6934,1.3608,2.2546,0.21813
1.6985,1.3532,2.2444,0.21558
1.6934,1.3659,2.2495,0.21558
1.6908,1.3557,2.2495,0.22323
1.701,1.3659,2.2444,0.21048
1.6934,1.3633,2.2495,0.21813
1.701,1.3608,2.2444,0.21813
1.6934,1.3608,2.2495,0.21813
1.6934,1.3608,2.2495,0.22323
1.6985,1.3659,2.2418,0.21048
1.6857,1.3582,2.2546,0.21813
1.701,1.3582,2.2444,0.21813
1.6857,1.3582,2.252,0.21813
1.6934,1.3608,2.2418,0.21813
1.6857,1.3659,2.2546,0.21558
1.6908,1.3532,2.2469,0.21813
1.6934,1.3608,2.2469,0.21048
1.6857,1.3582,2.2546,0.22323
1.6985,1.3608,2.2444,0.21813
1.6934,1.3582,2.2495,0.21558
1.6908,1.3557,2.2495,0.21813
1.701,1.3582,2.2495,0.21813
1.6883,1.3608,2.2546,0.21813
1.6934,1.3608,2.2495,0.21558
1.6934,1.3659,2.2495,0.21813
1.6934,1.3608,2.2495,0.22323
1.6934,1.3582,2.2495,0.21813
1.6883,1.3608,2.2546,0.21813
1.6934,1.3608,2.2495,0.21813
1.6934,1.3659,2.2495,0.21048
1.6934,1.3532,2.2495,0.22323
1.6934,1.3608,2.2495,0.21048
1.6883,1.3532,2.2546,0.22323
1.7036,1.3608,2.2418,0.21048
1.6857,1.3608,2.2571,0.21558
1.6934,1.3582,2.2495,0.21558
1.6857,1.3659,2.2495,0.21048
1.6908,1.3557,2.2495,0.22578
1.6985,1.3684,2.2444,0.21303
1.6883,1.3608,2.2546,0.21558
1.701,1.3557,2.2444,0.21558
1.6908,1.3659,2.2495,0.21813
1.6934,1.3608,2.2495,0.22323
1.6985,1.3608,2.2418,0.21048
1.6857,1.3684,2.2571,0.21558
1.6934,1.3582,2.2495,0.21813
1.6934,1.3659,2.2469,0.21048
1.6883,1.3557,2.2571,0.22068
1.701,1.3557,2.2418,0.21813
1.6934,1.3582,2.2495,0.21813
1.6934,1.3557,2.2495,0.22323
1.701,1.3684,2.2418,0.21048
1.6883,1.3582,2.2546,0.21813
1.6908,1.3608,2.2495,0.21813
1.6908,1.3659,2.2495,0.21048
1.6934,1.3582,2.2495,0.22323
1.6985,1.3608,2.2444,0.21813
1.6934,1.3582,2.2571,0.21558
1.6934,1.3557,2.2418,0.22323
1.701,1.3659,2.2444,0.21048
1.6857,1.3608,2.2546,0.21558
1.6934,1.3608,2.2495,0.21813
1.6934,1.3608,2.2495,0.21048
1.6934,1.3608,2.2495,0.22068
1.6985,1.3659,2.2444,0.21048
1.6857,1.3557,2.2571,0.22323
1.6985,1.3608,2.2418,0.21558
1.6857,1.3582,2.2546,0.21558
1.6934,1.3608,2.2495,0.21558
1.6934,1.3659,2.2571,0.21048
1.6908,1.3532,2.2495,0.21558
1.6934,1.3608,2.2495,0.21048
1.6857,1.3582,2.2495,0.21813
1.701,1.3608,2.2444,0.21813
1.6883,1.3684,2.2546,0.21813
1.6934,1.3557,2.2495,0.21558
1.6934,1.3582,2.2495,0.21048
1.6857,1.3608,2.2571,0.22323
1.6934,1.3582,2.2495,0.21558
1.6934,1.3684,2.2495,0.21303
1.6857,1.3532,2.2546,0.22323
1.6934,1.3608,2.2444,0.21558
1.6908,1.3608,2.2495,0.21558
1.6934,1.3557,2.2495,0.22323
1.6985,1.3659,2.2418,0.21048
1.6934,1.3608,2.2495,0.21558
1.6985,1.3608,2.2418,0.21813
1.6883,1.3684,2.2495,0.21048
1.6857,1.3557,2.2571,0.22068
1.701,1.3608,2.2418,0.21813
1.6934,1.3582,2.2495,0.21558
1.6934,1.3557,2.252,0.22323
1.701,1.3684,2.2444,0.21048
1.6857,1.3608,2.2571,0.21813
1.6934,1.3532,2.2444,0.21813
1.6959,1.3684,2.2469,0.21558
1.6908,1.3582,2.2495,0.21813
1.6985,1.3608,2.2418,0.21813
1.6883,1.3659,2.2571,0.21048
1.6934,1.3557,2.2495,0.21813
1.6985,1.3684,2.2418,0.21048
1.6883,1.3608,2.2495,0.21558
1.701,1.3608,2.2418,0.21303
1.6857,1.3659,2.2495,0.21048
1.6934,1.3557,2.2495,0.22068
1.701,1.3659,2.2444,0.21048
1.6857,1.3608,2.2571,0.21813
1.6934,1.3608,2.2495,0.21558
1.6934,1.3659,2.2546,0.21048
1.6934,1.3532,2.2495,0.22323
1.6934,1.3608,2.2495,0.21303
1.6883,1.3608,2.2571,0.22323
1.701,1.3608,2.2418,0.21813
1.6883,1.3659,2.2546,0.21813
1.6908,1.3608,2.2495,0.22323
1.6908,1.3659,2.2495,0.21048
1.6934,1.3557,2.2495,0.22068
1.6985,1.3659,2.2444,0.21048
1.6857,1.3582,2.2546,0.21813
1.6934,1.3608,2.2495,0.21813
1.6857,1.3684,2.2495,0.21303
1.6934,1.3557,2.2495,0.21558
1.6934,1.3582,2.2495,0.21048
1.6857,1.3557,2.2571,0.22323
1.701,1.3608,2.2444,0.21813
1.6908,1.3633,2.2495,0.21813
1.6934,1.3532,2.2495,0.22323
1.6985,1.3659,2.2444,0.21048
1.6857,1.3582,2.2546,0.21558
1.6934,1.3608,2.2495,0.21558
1.6908,1.3582,2.2495,0.20793
1.6857,1.3582,2.2571,0.22578
1.6985,1.3557,2.2444,0.21813
1.6908,1.3659,2.2495,0.21048
1.6934,1.3582,2.2495,0.21558
1.6985,1.3582,2.2444,0.21558
1.6934,1.3659,2.2495,0.21048
1.6934,1.3608,2.2495,0.22578
1.6985,1.3659,2.2444,0.21558
1.6857,1.3684,2.2546,0.21813
1.6934,1.3582,2.2495,0.21813
1.6934,1.3659,2.252,0.21048
1.6883,1.3532,2.2571,0.22323
1.6985,1.3582,2.2444,0.21813
1.6857,1.3608,2.2571,0.21558
1.6908,1.3532,2.2469,0.21813
1.6908,1.3659,2.2495,0.21048
1.6857,1.3608,2.2495,0.21813
1.701,1.3582,2.2444,0.21048
1.6832,1.3659,2.2469,0.21048
1.6934,1.3532,2.2495,0.22323
1.6985,1.3659,2.2418,0.21048
1.6857,1.3582,2.2546,0.21813
1.6934,1.3582,2.2495,0.22323
1.6934,1.3659,2.2495,0.21048
1.6908,1.3582,2.2495,0.21813
1.6959,1.3608,2.2444,0.21558
1.6908,1.3582,2.2495,0.21813
1.6908,1.3557,2.2495,0.22323
1.701,1.3684,2.2444,0.21303
1.6857,1.3608,2.2495,0.21813
1.6985,1.3582,2.2418,0.21813
1.6857,1.3659,2.2546,0.21813
1.6934,1.3608,2.2495,0.21813
1.6908,1.3659,2.2495,0.21048
1.6857,1.3582,2.252,0.21813
1.6908,1.3608,2.252,0.21813
1.6908,1.3659,2.2495,0.20793
1.6857,1.3608,2.2597,0.22068
1.6985,1.3557,2.2418,0.21558
1.701,1.3684,2.2495,0.20793
1.6883,1.3582,2.2495,0.21813
1.6908,1.3608,2.2495,0.21813
1.6908,1.3659,2.252,0.21048
1.6883,1.3557,2.2571,0.22323
1.6985,1.3608,2.2444,0.21813
1.6934,1.3659,2.2495,0.21048
1.6908,1.3608,2.2495,0.21813
1.701,1.3608,2.2418,0.21813
1.6934,1.3659,2.2495,0.21048
1.6883,1.3532,2.2546,0.22323
1.701,1.3557,2.2444,0.21813
1.6908,1.3684,2.252,0.21048
1.6857,1.3582,2.2571,0.21813
1.6934,1.3608,2.252,0.21813
1.6934,1.3659,2.2495,0.21048
1.6857,1.3633,2.2546,0.22323
1.6985,1.3532,2.2444,0.21558
1.6934,1.3659,2.2495,0.21048
1.6857,1.3608,2.2495,0.21813
1.6934,1.3532,2.2495,0.21813
1.6908,1.3608,2.2495,0.21048
1.6857,1.3608,2.2546,0.21813
1.6985,1.3532,2.2495,0.22323
1.6985,1.3582,2.2495,0.21558
1.6908,1.3608,2.2495,0.21558
1.6934,1.3557,2.2495,0.22068
1.701,1.3608,2.2444,0.21048
1.6934,1.3608,2.2495,0.21558
1.6934,1.3532,2.2495,0.22323
1.701,1.3582,2.2418,0.20793
1.6857,1.3659,2.2571,0.21048
1.6857,1.3532,2.2571,0.22323
1.6985,1.3608,2.2444,0.21813
1.6934,1.3608,2.2495,0.21558
1.6934,1.3608,2.2495,0.22323
1.6985,1.3608,2.2444,0.21813
1.6857,1.3659,2.2495,0.21048
1.6857,1.3532,2.2571,0.22323
1.6985,1.3608,2.2444,0.21558
1.6934,1.3659,2.2495,0.21813
1.6832,1.3582,2.2495,0.21813
1.701,1.3608,2.2444,0.21813
1.6857,1.3659,2.2495,0.21048
1.6883,1.3557,2.2571,0.22068
1.6985,1.3608,2.2444,0.21813
1.6934,1.3659,2.2495,0.21048
1.6908,1.3608,2.2495,0.22323
1.6985,1.3582,2.2418,0.21048
1.6857,1.3659,2.2546,0.21813
1.6934,1.3532,2.2495,0.22068
1.701,1.3659,2.2444,0.21048
1.6883,1.3608,2.2571,0.21813
1.6934,1.3608,2.2495,0.21813
1.6934,1.3608,2.2495,0.21048
1.6857,1.3557,2.2546,0.21813
1.6959,1.3557,2.2495,0.21813
1.6934,1.3659,2.2495,0.21048
1.6883,1.3557,2.2571,0.22323
1.6985,1.3582,2.2495,0.21813
1.6908,1.3659,2.2495,0.21558
1.6934,1.3557,2.252,0.22323
1.6985,1.3659,2.2444,0.21048
1.6857,1.3608,2.2546,0.21813
1.6908,1.3608,2.2495,0.21813
1.6908,1.3582,2.2495,0.21048
1.6832,1.3608,2.2571,0.21558
1.6908,1.3557,2.2495,0.22323
1.6985,1.3608,2.2444,0.21048
1.6857,1.3659,2.2546,0.21048
1.6857,1.3532,2.2546,0.22068
1.701,1.3582,2.2444,0.21813
1.6908,1.3659,2.2495,0.21813
1.6934,1.3608,2.2495,0.22578
1.701,1.3582,2.2444,0.21558
1.6934,1.3659,2.2495,0.21048
1.6883,1.3532,2.2546,0.22323
1.701,1.3633,2.2418,0.21813
1.6934,1.3608,2.2495,0.21558
1.6934,1.3532,2.2495,0.22578
1.701,1.3659,2.2418,0.21558
1.6934,1.3633,2.2495,0.21048
1.6908,1.3557,2.2546,0.22323
1.7036,1.3582,2.2418,0.21048
1.6883,1.3659,2.2546,0.21048
1.6959,1.3633,2.2495,0.22323
1.701,1.3659,2.2418,0.21558
1.6934,1.3659,2.2546,0.21048
1.6883,1.3532,2.2546,0.22323
1.7036,1.3633,2.2444,0.21558
1.6934,1.3633,2.2469,0.21558
1.6959,1.3532,2.2495,0.22323
1.701,1.3684,2.2418,0.21048
1.6883,1.3633,2.252,0.21558
1.6934,1.3608,2.2495,0.22323
1.6934,1.3608,2.2495,0.21048
1.6883,1.3608,2.2546,0.21558
1.6934,1.3557,2.2495,0.22068
1.701,1.3659,2.2393,0.21048
1.6908,1.3582,2.2546,0.21813
1.6934,1.3557,2.2495,0.22068
1.701,1.3608,2.2495,0.21813
1.6934,1.3608,2.2495,0.21813
1.6934,1.3608,2.2495,0.22323
1.701,1.3608,2.2418,0.21813
1.6934,1.3608,2.2469,0.21558
1.6934,1.3557,2.2495,0.22578
1.6985,1.3608,2.2418,0.21813
1.6883,1.3659,2.2546,0.21048
1.6934,1.3557,2.2469,0.22323
1.701,1.3582,2.2418,0.21048
1.6908,1.3684,2.2546,0.21558
1.6934,1.3557,2.2469,0.21303
1.701,1.3684,2.2418,0.21048
1.6883,1.3659,2.2546,0.21558
1.6959,1.3557,2.2469,0.22068
1.6959,1.3633,2.2495,0.21813
1.6883,1.3633,2.2546,0.21813
1.701,1.3532,2.2418,0.22323
1.6934,1.3684,2.2469,0.21048
1.6857,1.3557,2.2546,0.22578
1.701,1.3608,2.2418,0.21813
1.6959,1.3608,2.2469,0.21813
1.6934,1.3608,2.2546,0.22578
1.6985,1.3608,2.2418,0.21813
1.6959,1.3582,2.2444,0.21813
1.6959,1.3532,2.2495,0.22068
1.7036,1.3608,2.2393,0.21048
1.6883,1.3582,2.252,0.21813
1.6934,1.3532,2.2444,0.22323
1.6934,1.3684,2.2495,0.21048
1.6959,1.3608,2.2495,0.22578
1.701,1.3659,2.2418,0.21048
1.6883,1.3608,2.2546,0.21558
1.6934,1.3608,2.2495,0.21813
1.6959,1.3659,2.2495,0.21048
1.6883,1.3532,2.2571,0.22068
1.6934,1.3608,2.2469,0.21558
1.6908,1.3633,2.2546,0.21813
1.6934,1.3532,2.2418,0.22323
1.6934,1.3659,2.2469,0.21048
1.6883,1.3532,2.2546,0.22323
1.6985,1.3608,2.2418,0.21813
1.6857,1.3659,2.2546,0.21813
1.6934,1.3557,2.2495,0.21813
1.6959,1.3582,2.2469,0.20793
1.6857,1.3608,2.2571,0.21558
1.701,1.3557,2.2444,0.21558
1.6934,1.3659,2.2495,0.21558
1.6934,1.3608,2.2495,0.22068
1.7036,1.3608,2.2444,0.21558
1.6934,1.3659,2.2495,0.21813
1.6959,1.3557,2.2495,0.22323
1.701,1.3608,2.2418,0.21558
1.6934,1.3608,2.2495,0.21813
1.6959,1.3557,2.2469,0.22323
1.701,1.3684,2.2444,0.21048
1.6883,1.3633,2.2546,0.21558
1.6934,1.3557,2.2495,0.22068
1.6985,1.3608,2.2495,0.21048
1.6857,1.3608,2.252,0.21558
1.701,1.3557,2.2418,0.22323
1.6934,1.3659,2.2495,0.21048
1.6883,1.3608,2.2495,0.21558
1.701,1.3608,2.2418,0.21558
1.6934,1.3659,2.2495,0.21048
1.6934,1.3557,2.2495,0.22578
1.701,1.3684,2.2444,0.21813
1.6883,1.3557,2.2546,0.22068
1.6985,1.3608,2.2444,0.21558
1.6883,1.3659,2.2597,0.21048
1.6857,1.3557,2.2571,0.22323
1.6985,1.3608,2.2444,0.21558
1.6934,1.3659,2.252,0.21558
1.6934,1.3557,2.2495,0.22578
1.6985,1.3608,2.2418,0.21048
1.6883,1.3684,2.2546,0.20793
1.6883,1.3557,2.252,0.22323
1.701,1.3582,2.2444,0.21558
1.6883,1.3684,2.2495,0.21048
1.6857,1.3557,2.2546,0.22578
1.701,1.3608,2.2444,0.21558
1.6934,1.3659,2.2546,0.21813
1.6934,1.3608,2.2495,0.22068
1.6934,1.3608,2.2418,0.20793
1.6883,1.3659,2.2571,0.21303
1.6934,1.3582,2.2495,0.22068
1.701,1.3633,2.2495,0.21303
1.6883,1.3608,2.2546,0.21813
1.701,1.3557,2.2444,0.22323
1.6959,1.3659,2.2495,0.21048
1.6883,1.3608,2.2546,0.21558
1.6934,1.3557,2.2444,0.21558
1.6959,1.3659,2.2495,0.21048
1.6883,1.3608,2.2571,0.21558
1.6934,1.3557,2.2444,0.21813
1.6934,1.3684,2.2495,0.21048
1.6883,1.3608,2.2495,0.21558
1.6934,1.3633,2.2495,0.21813
1.6934,1.3659,2.2495,0.21048
1.6883,1.3582,2.252,0.22323
1.701,1.3532,2.2418,0.21813
1.6934,1.3659,2.2495,0.21048
1.6883,1.3633,2.2495,0.21558
1.6934,1.3608,2.2495,0.21303
1.6934,1.3659,2.2469,0.21048
1.6883,1.3608,2.252,0.22323
1.701,1.3557,2.2444,0.22068
1.6934,1.3659,2.2495,0.21048
1.6883,1.3633,2.2571,0.22068
1.701,1.3557,2.2444,0.21558
1.6934,1.3659,2.2495,0.21048
1.6934,1.3608,2.2495,0.21558
1.6934,1.3608,2.2495,0.21558
1.6934,1.3659,2.2495,0.21048
1.6857,1.3582,2.2546,0.21813
1.701,1.3532,2.2444,0.22323
1.6934,1.3608,2.2495,0.21048
1.6883,1.3582,2.2546,0.22068
1.6934,1.3608,2.252,0.21558
1.6934,1.3608,2.2495,0.21048
1.6883,1.3557,2.2571,0.22323
1.6908,1.3608,2.2444,0.21813
1.6934,1.3659,2.2495,0.21813
1.6934,1.3557,2.2495,0.22323
1.6985,1.3608,2.2444,0.21558
1.6857,1.3659,2.2571,0.21813
1.6934,1.3557,2.2495,0.21558
1.6934,1.3608,2.2495,0.21048
1.6857,1.3633,2.2546,0.22068
1.6985,1.3557,2.2444,0.21813
1.6883,1.3659,2.2546,0.21048
1.6908,1.3582,2.2495,0.22323
1.701,1.3608,2.2418,0.21048
1.6883,1.3684,2.2546,0.21813
1.6934,1.3557,2.2469,0.22068
1.6934,1.3608,2.2495,0.21813
1.6857,1.3608,2.2546,0.22068
1.6908,1.3557,2.2495,0.22578
1.6985,1.3684,2.2495,0.21048
1.6934,1.3582,2.2546,0.21813
1.701,1.3582,2.2444,0.22068
1.6934,1.3582,2.2495,0.21558
1.6934,1.3582,2.2495,0.22068
1.701,1.3608,2.2444,0.21048
1.6883,1.3608,2.2546,0.21813
1.6934,1.3557,2.2495,0.21558
1.6934,1.3608,2.2469,0.21048
1.6883,1.3582,2.2546,0.21813
1.6934,1.3557,2.2444,0.22323
1.701,1.3659,2.2444,0.21048
1.6883,1.3659,2.2546,0.21813
1.6934,1.3557,2.2495,0.21813
1.7036,1.3582,2.2495,0.21558
1.6934,1.3608,2.2469,0.21813
1.6934,1.3557,2.2495,0.21813
1.6934,1.3608,2.2495,0.21558
1.6959,1.3582,2.2495,0.21558
1.6934,1.3557,2.2469,0.22323
1.701,1.3633,2.2418,0.21813
1.6959,1.3608,2.2495,0.21558
1.6959,1.3532,2.2469,0.22323
1.701,1.3608,2.2444,0.21048
1.6908,1.3659,2.2546,0.21303
1.6883,1.3608,2.2469,0.22323
1.701,1.3659,2.2418,0.21813
1.6934,1.3659,2.2495,0.21558
1.6934,1.3608,2.2495,0.22068
1.701,1.3608,2.2418,0.21558
1.6908,1.3659,2.252,0.21048
1.6908,1.3557,2.2495,0.22068
1.701,1.3608,2.2393,0.21813
1.6959,1.3582,2.2495,0.21558
1.6934,1.3557,2.2495,0.22578
1.701,1.3608,2.2444,0.21813
1.6934,1.3633,2.252,0.21558
1.6959,1.3608,2.2495,0.21813
1.6908,1.3659,2.2469,0.21048
1.6934,1.3557,2.2495,0.21813
1.7036,1.3608,2.2444,0.21813
1.6959,1.3608,2.2469,0.21303
1.6959,1.3557,2.2469,0.22068
1.7036,1.3659,2.2418,0.21048
1.6883,1.3608,2.252,0.21813
1.6934,1.3608,2.2495,0.21558
1.6959,1.3659,2.2469,0.21048
1.6959,1.3608,2.2495,0.22323
1.7036,1.3659,2.2418,0.21048
1.6883,1.3608,2.252,0.21558
1.6934,1.3608,2.2469,0.21558
1.6959,1.3684,2.2495,0.21048
1.6908,1.3557,2.2546,0.22068
1.7036,1.3633,2.2444,0.21813
1.6959,1.3633,2.2469,0.21303
1.701,1.3557,2.2393,0.22068
1.7036,1.3659,2.2495,0.20793
1.6908,1.3633,2.252,0.21558
1.7036,1.3608,2.2393,0.21558
1.6883,1.3659,2.252,0.21048
1.6985,1.3557,2.2469,0.21558
1.6959,1.3608,2.2495,0.21813
1.6959,1.3633,2.2444,0.21558
1.6934,1.3557,2.2495,0.22068
1.7036,1.3608,2.2418,0.21558
1.6908,1.3608,2.252,0.21558
1.6934,1.3532,2.2469,0.22323
1.701,1.3659,2.2469,0.21048
1.6908,1.3608,2.2546,0.21813
1.6959,1.3608,2.2469,0.21813
1.6959,1.3684,2.2469,0.21048
1.6908,1.3557,2.252,0.22068
1.6959,1.3608,2.2418,0.21813
1.6959,1.3608,2.2469,0.21558
1.6934,1.3532,2.2495,0.22068
1.7036,1.3659,2.2393,0.21048
1.6883,1.3608,2.2469,0.21558
1.6959,1.3608,2.2469,0.21813
1.6985,1.3659,2.2444,0.21048
1.6908,1.3557,2.2546,0.22068
1.6959,1.3608,2.2418,0.21558
1.6985,1.3659,2.252,0.21048
1.6934,1.3582,2.2469,0.22578
1.701,1.3633,2.2418,0.21813
1.6908,1.3684,2.2546,0.21048
1.6883,1.3557,2.2546,0.22578
1.7036,1.3608,2.2393,0.21813
1.6959,1.3659,2.2469,0.21558
1.6959,1.3608,2.2469,0.22323
1.7036,1.3608,2.2393,0.21813
1.6908,1.3659,2.252,0.20793
1.6908,1.3557,2.2469,0.22323
1.701,1.3608,2.2418,0.21048
1.6883,1.3659,2.2546,0.21048
1.6934,1.3532,2.2495,0.22323
1.6934,1.3582,2.2469,0.21813
1.6883,1.3608,2.252,0.21558
1.6934,1.3608,2.2495,0.21558
1.6959,1.3608,2.2469,0.21048
1.6883,1.3608,2.252,0.21558
1.6934,1.3557,2.2469,0.22323
1.7036,1.3659,2.2444,0.20793
1.6883,1.3582,2.252,0.21558
1.6934,1.3608,2.2469,0.21813
1.6934,1.3659,2.2469,0.21048
1.6883,1.3608,2.2546,0.21558
1.701,1.3608,2.2418,0.21813
1.6883,1.3684,2.2546,0.21048
1.6934,1.3557,2.2495,0.22578
1.6934,1.3608,2.2495,0.21813
1.6857,1.3582,2.2546,0.21813
1.701,1.3557,2.2418,0.22068
1.6934,1.3659,2.2495,0.21303
1.6857,1.3557,2.2546,0.22323
1.7036,1.3608,2.2444,0.21048
1.6857,1.3659,2.2546,0.21813
1.6934,1.3557,2.2495,0.21813
1.6934,1.3659,2.2469,0.21048
1.6883,1.3557,2.2546,0.22323
1.701,1.3557,2.2418,0.21813
1.6959,1.3659,2.2495,0.21813
1.6883,1.3582,2.2546,0.21813
1.6908,1.3608,2.2495,0.21558
1.6934,1.3608,2.2495,0.21048
1.6883,1.3582,2.2546,0.22323
1.6908,1.3557,2.2418,0.22578
1.701,1.3659,2.2495,0.21048
1.6883,1.3608,2.2546,0.21558
1.6908,1.3608,2.2469,0.22323
1.701,1.3659,2.2469,0.21048
1.6883,1.3582,2.2546,0.21813
1.7036,1.3557,2.2495,0.21558
1.6934,1.3608,2.2495,0.20793
1.6883,1.3582,2.2546,0.21813
1.701,1.3557,2.2418,0.22323
1.701,1.3684,2.2418,0.21048
1.6857,1.3608,2.2546,0.21813
1.6959,1.3532,2.2495,0.22068
1.6934,1.3608,2.2469,0.21048
1.6883,1.3582,2.252,0.22323
1.6985,1.3557,2.2418,0.21558
1.6959,1.3659,2.2469,0.21303
1.6934,1.3582,2.2469,0.22578
1.701,1.3659,2.2418,0.21048
1.6883,1.3684,2.2546,0.21048
1.6934,1.3557,2.2495,0.22323
1.6934,1.3608,2.2495,0.21813
1.6883,1.3608,2.2546,0.22323
1.701,1.3557,2.2418,0.21558
1.6934,1.3684,2.2469,0.20793
1.6934,1.3608,2.252,0.21813
1.701,1.3608,2.2418,0.21813
1.6934,1.3659,2.2469,0.21558
1.6959,1.3532,2.2495,0.22578
1.7036,1.3659,2.2418,0.21048
1.6883,1.3582,2.2546,0.21558
1.6934,1.3532,2.2495,0.21813
1.6959,1.3582,2.2469,0.21048
1.6857,1.3557,2.2546,0.22323
1.7036,1.3532,2.2469,0.21813
1.6908,1.3659,2.2495,0.21048
1.6908,1.3608,2.2495,0.21813
1.701,1.3582,2.2418,0.21558
1.6959,1.3659,2.2546,0.21048
1.6883,1.3557,2.2546,0.22323
1.701,1.3608,2.2418,0.21813
1.6959,1.3659,2.2495,0.21303
1.6883,1.3608,2.2546,0.21813
1.6934,1.3582,2.2495,0.21813
1.6934,1.3684,2.252,0.21303
1.6883,1.3557,2.2571,0.22578
1.6985,1.3608,2.2418,0.21558
1.6959,1.3684,2.2495,0.21048
1.6959,1.3608,2.2495,0.21813
1.6934,1.3608,2.2495,0.21813
1.6934,1.3684,2.2469,0.21048
1.6883,1.3608,2.252,0.22323
1.701,1.3557,2.2418,0.21813
1.6934,1.3659,2.2469,0.21048
1.6934,1.3608,2.2546,0.21813
1.6934,1.3582,2.2495,0.21813
1.6883,1.3659,2.2469,0.21048
1.6883,1.3532,2.2546,0.22578
1.701,1.3532,2.2495,0.21558
1.6934,1.3659,2.2546,0.21048
1.6857,1.3608,2.2495,0.22323
1.701,1.3532,2.2444,0.22578
1.701,1.3659,2.2495,0.21048
1.6857,1.3582,2.2571,0.21813
1.6934,1.3633,2.2495,0.21813
1.6934,1.3659,2.2495,0.21813
1.6857,1.3608,2.2546,0.21813
1.6934,1.3608,2.2495,0.21813
1.6908,1.3659,2.2469,0.21048
1.6857,1.3608,2.2546,0.22323
1.6985,1.3608,2.2444,0.21813
1.6908,1.3684,2.2495,0.21813
1.6934,1.3608,2.2495,0.21813
1.701,1.3608,2.2418,0.21813
1.6934,1.3659,2.2495,0.21303
1.6883,1.3582,2.2546,0.22323
1.6985,1.3532,2.2444,0.21813
1.6908,1.3633,2.2495,0.21558
1.6934,1.3582,2.2495,0.22323
1.701,1.3557,2.2418,0.21048
1.6883,1.3659,2.2546,0.21813
1.6934,1.3557,2.2495,0.21813
1.6934,1.3659,2.2495,0.21303
1.6857,1.3532,2.2546,0.22323
1.6985,1.3582,2.2418,0.21813
1.6934,1.3633,2.2469,0.21813
1.6934,1.3557,2.2495,0.22323
1.701,1.3582,2.2418,0.21303
1.6857,1.3659,2.2546,0.21558
1.6908,1.3582,2.2469,0.21558
1.6934,1.3608,2.2418,0.21048
1.6857,1.3582,2.2469,0.21813
1.6934,1.3532,2.2495,0.22323
1.6934,1.3659,2.2469,0.21048
1.6857,1.3532,2.252,0.22578
1.6985,1.3608,2.2444,0.21813
1.6934,1.3582,2.2495,0.21813
1.6934,1.3557,2.2495,0.22578
1.701,1.3608,2.2444,0.21303
1.6883,1.3608,2.2546,0.21813
1.6985,1.3532,2.2469,0.22323
1.6985,1.3659,2.2418,0.21048
1.6934,1.3608,2.2546,0.21558
1.701,1.3532,2.2418,0.21813
1.6934,1.3659,2.2495,0.21558
1.6934,1.3557,2.2469,0.22323
1.6985,1.3659,2.2418,0.21048
1.6883,1.3608,2.2546,0.21813
1.6934,1.3582,2.2469,0.21813
1.6934,1.3633,2.2469,0.21048
1.6857,1.3608,2.252,0.22068
1.701,1.3557,2.2393,0.21813
1.6934,1.3659,2.2469,0.21303
1.6908,1.3532,2.252,0.22578
1.701,1.3582,2.2393,0.21813
1.6934,1.3659,2.2495,0.21048
1.6857,1.3532,2.252,0.22068
1.701,1.3608,2.2393,0.21813
1.6934,1.3659,2.2469,0.21813
1.6934,1.3532,2.2469,0.22323
1.701,1.3582,2.2393,0.21048
1.6883,1.3659,2.252,0.21048
1.6959,1.3557,2.2469,0.22578
1.7036,1.3582,2.2469,0.21813
1.6883,1.3582,2.2546,0.21813
1.701,1.3557,2.2469,0.22578
1.6934,1.3684,2.2469,0.21048
1.6934,1.3608,2.2469,0.22068
1.6934,1.3582,2.2495,0.21813
1.6959,1.3659,2.2469,0.21048
1.6883,1.3608,2.252,0.21813
1.701,1.3557,2.2418,0.21813
1.6934,1.3659,2.252,0.21303
1.6908,1.3582,2.252,0.22578
1.701,1.3532,2.2393,0.21813
1.6934,1.3633,2.2444,0.21048
1.6883,1.3582,2.252,0.22578
1.701,1.3608,2.2418,0.21558
1.6959,1.3659,2.2469,0.21303
1.6934,1.3532,2.2469,0.21813
1.7036,1.3582,2.2393,0.21813
1.6908,1.3557,2.252,0.22578
1.701,1.3557,2.2393,0.22578
1.701,1.3582,2.2469,0.21303
1.6883,1.3506,2.2495,0.22323
1.701,1.3582,2.2393,0.21813
1.6934,1.3582,2.2469,0.21813
1.6934,1.3532,2.2469,0.22578
1.6934,1.3659,2.2469,0.21048
1.6883,1.3608,2.2469,0.21558
1.6985,1.3582,2.2393,0.21048
1.6934,1.3659,2.2469,0.21813
1.6934,1.3532,2.2469,0.22578
1.701,1.3659,2.2393,0.21048
1.6883,1.3582,2.252,0.21813
1.6934,1.3582,2.2469,0.21813
1.6934,1.3659,2.2444,0.21048
1.6857,1.3532,2.2469,0.22578
1.6934,1.3557,2.2444,0.22068
1.6883,1.3582,2.2495,0.22578
1.7036,1.3582,2.2393,0.21303
1.6934,1.3582,2.2444,0.21813
1.701,1.3532,2.2393,0.22578
1.6934,1.3659,2.2469,0.21303
1.6959,1.3532,2.2469,0.22323
1.6959,1.3557,2.2444,0.21813
1.6908,1.3582,2.252,0.22578
1.701,1.3532,2.2393,0.21813
1.6959,1.3633,2.2444,0.21813
1.6959,1.3532,2.2469,0.22578
1.701,1.3582,2.2444,0.21813
1.6883,1.3557,2.252,0.21813
1.701,1.3532,2.2393,0.22323
1.6959,1.3659,2.2444,0.21303
1.6934,1.3582,2.2469,0.21813
1.701,1.3532,2.2469,0.21813
1.6959,1.3659,2.2444,0.21048
1.6883,1.3582,2.252,0.22578
1.7036,1.3532,2.2469,0.22578
1.6959,1.3633,2.2444,0.21048
1.6857,1.3532,2.252,0.22323
1.701,1.3582,2.2393,0.21813
1.6934,1.3582,2.2444,0.21813
1.6934,1.3532,2.2469,0.22323
1.701,1.3608,2.2393,0.21048
1.6908,1.3684,2.252,0.21813
1.6959,1.3506,2.2444,0.22578
1.701,1.3608,2.2393,0.21048
1.6908,1.3659,2.2495,0.22068
1.6959,1.3582,2.2469,0.22578
1.6959,1.3608,2.2444,0.21048
1.6883,1.3557,2.252,0.21813
1.6959,1.3506,2.2444,0.21813
1.6959,1.3582,2.2469,0.21048
1.6883,1.3557,2.2495,0.22323
1.7036,1.3532,2.2393,0.22323
1.6959,1.3659,2.2444,0.21048
1.6883,1.3582,2.2495,0.22578
1.7036,1.3608,2.2393,0.21813
1.6934,1.3582,2.2444,0.22068
1.6985,1.3532,2.2444,0.22578
1.6985,1.3582,2.2444,0.21048
1.6908,1.3582,2.2495,0.21813
1.7036,1.3532,2.2393,0.21813
1.6959,1.3659,2.2444,0.21813
1.6934,1.3582,2.2444,0.22323
1.701,1.3608,2.2367,0.21813
1.6934,1.3633,2.2444,0.21303
1.6883,1.3532,2.252,0.22578
1.7036,1.3532,2.2393,0.21813
1.6934,1.3659,2.2444,0.21048
1.6934,1.3582,2.252,0.21813
1.6985,1.3608,2.2444,0.21813
1.6959,1.3659,2.2444,0.21303
1.6883,1.3532,2.252,0.22578
1.7036,1.3557,2.2393,0.21813
1.6985,1.3659,2.2444,0.21048
1.6883,1.3582,2.2469,0.21813
1.701,1.3582,2.2367,0.21813
1.6934,1.3659,2.2495,0.21048
1.6908,1.3532,2.252,0.22068
1.701,1.3582,2.2393,0.21813
1.6959,1.3659,2.2444,0.21813
1.6934,1.3582,2.2469,0.22323
1.701,1.3582,2.2393,0.21813
1.6883,1.3659,2.252,0.21048
1.6883,1.3557,2.252,0.22578
1.701,1.3582,2.2393,0.21813
1.6959,1.3659,2.2469,0.21303
1.6883,1.3557,2.2495,0.22323
1.6934,1.3608,2.2469,0.21813
1.6959,1.3684,2.2469,0.21303
1.6883,1.3532,2.252,0.22323
1.7036,1.3532,2.2393,0.21813
1.6934,1.3659,2.2444,0.21303
1.6908,1.3532,2.252,0.22323
1.7036,1.3582,2.2393,0.21813
1.6959,1.3633,2.2495,0.21558
1.6934,1.3532,2.2444,0.21813
1.6959,1.3659,2.2444,0.21303
1.6908,1.3582,2.2495,0.22323
1.701,1.3582,2.2393,0.21813
1.6985,1.3582,2.2444,0.21813
1.6959,1.3582,2.252,0.22323
1.7036,1.3582,2.2367,0.21813
1.6959,1.3582,2.2444,0.21303
1.6959,1.3557,2.2469,0.22578
1.6985,1.3608,2.2393,0.21813
1.6985,1.3582,2.2444,0.21813
1.6934,1.3532,2.2469,0.22578
1.7036,1.3582,2.2444,0.21813
1.6959,1.3582,2.2444,0.21813
1.6959,1.3532,2.2469,0.22323
1.7036,1.3659,2.2367,0.21303
1.6908,1.3557,2.2495,0.21813
1.6959,1.3582,2.2444,0.21813
1.6934,1.3582,2.2469,0.21558
1.6959,1.3608,2.2495,0.21558
1.6959,1.3532,2.2469,0.22323
1.701,1.3633,2.2393,0.21303
1.6883,1.3608,2.252,0.21558
1.6959,1.3582,2.2444,0.21813
1.6959,1.3582,2.2444,0.21048
1.6908,1.3608,2.252,0.21813
1.6959,1.3582,2.2418,0.21813
1.6959,1.3608,2.2469,0.21813
1.6908,1.3608,2.252,0.21813
1.6959,1.3532,2.2469,0.21558
1.701,1.3659,2.2367,0.21048
1.6883,1.3582,2.252,0.21813
1.6934,1.3532,2.2469,0.21813
1.6934,1.3659,2.2469,0.21048
1.6883,1.3608,2.252,0.22323
1.701,1.3532,2.2393,0.21813
1.6959,1.3659,2.2469,0.21048
1.6883,1.3608,2.252,0.21813
1.6959,1.3532,2.2469,0.21813
1.701,1.3659,2.2469,0.21048
1.6908,1.3582,2.2495,0.21813
1.6934,1.3582,2.2469,0.21813
1.6959,1.3659,2.2444,0.21303
1.6908,1.3532,2.252,0.22578
1.701,1.3532,2.2393,0.21813
1.6934,1.3659,2.2444,0.21048
1.6908,1.3532,2.2495,0.22323
1.7036,1.3608,2.2393,0.21813
1.6908,1.3608,2.252,0.21813
1.7036,1.3557,2.2393,0.22578
1.6934,1.3659,2.2469,0.21303
1.6934,1.3582,2.2469,0.22578
1.701,1.3582,2.2393,0.21048
1.6883,1.3608,2.252,0.21813
1.6959,1.3582,2.2469,0.21813
1.6934,1.3659,2.2469,0.21048
1.6883,1.3532,2.252,0.22323
1.701,1.3582,2.2393,0.21813
1.6883,1.3659,2.2495,0.21558
1.6959,1.3582,2.2444,0.22578
1.7036,1.3582,2.2444,0.21048
1.6883,1.3582,2.2495,0.22323
1.7036,1.3532,2.2418,0.21813
1.6959,1.3582,2.2444,0.21813
1.6959,1.3532,2.2444,0.22578
1.7036,1.3582,2.2393,0.21048
1.6883,1.3608,2.252,0.21813
1.6934,1.3582,2.2444,0.21813
1.6959,1.3633,2.2469,0.21303
1.6908,1.3532,2.2495,0.22323
1.7036,1.3582,2.2393,0.21813
1.6959,1.3659,2.2444,0.21048
1.6908,1.3608,2.252,0.21558
1.6959,1.3582,2.2469,0.21813
1.6959,1.3659,2.2469,0.21048
1.6908,1.3532,2.252,0.22833
1.6959,1.3608,2.2393,0.21813
1.6908,1.3608,2.252,0.21813
1.6934,1.3557,2.2393,0.22578
1.6934,1.3659,2.2469,0.21303
1.6908,1.3532,2.2469,0.22323
1.701,1.3659,2.2393,0.21303
1.6883,1.3582,2.252,0.21813
1.6934,1.3557,2.2469,0.21813
1.6959,1.3633,2.2444,0.21048
1.6883,1.3532,2.252,0.22323
1.6934,1.3582,2.2393,0.21813
1.6934,1.3659,2.2469,0.21813
1.6959,1.3582,2.2469,0.22578
1.701,1.3582,2.2418,0.21813
1.6908,1.3633,2.252,0.21303
1.6883,1.3582,2.2469,0.22578
