0.47235,1.9191,2.614,1.4778
0.47745,1.9114,2.6038,1.4778
0.48509,1.9165,2.5987,1.4676
0.4698,1.9242,2.6114,1.4753
0.4698,1.9089,2.6038,1.4778
0.47999,1.9165,2.5962,1.4727
0.4749,1.9267,2.6063,1.4702
0.4698,1.9191,2.6114,1.4727
0.47999,1.9165,2.6038,1.4727
0.47745,1.9242,2.6063,1.4651
0.4698,1.9165,2.6114,1.4753
0.48509,1.914,2.6063,1.4778
0.48509,1.9242,2.5987,1.4625
0.4749,1.9267,2.6114,1.4676
0.4698,1.9114,2.6089,1.4778
0.48509,1.9165,2.5987,1.4702
0.47999,1.9242,2.6063,1.4702
0.47235,1.9191,2.6114,1.4702
0.47999,1.914,2.6063,1.4702
0.47745,1.9191,2.6063,1.4702
0.47745,1.9216,2.6063,1.4676
0.47999,1.914,2.6063,1.4753
0.48509,1.9216,2.6012,1.4702
0.47745,1.9267,2.6063,1.4625
0.4749,1.9165,2.6063,1.4676
0.47999,1.914,2.6063,1.4676
0.48509,1.9216,2.5987,1.4676
0.47999,1.9293,2.6038,1.4651
0.4749,1.9216,2.6114,1.4676
0.47999,1.9216,2.6038,1.4651
0.47745,1.9216,2.6063,1.4651
0.47999,1.9242,2.6063,1.46
0.4749,1.914,2.6114,1.4753
0.48509,1.914,2.5987,1.4676
0.47745,1.9293,2.6063,1.4625
0.4749,1.9216,2.614,1.4727
0.47999,1.9165,2.6063,1.4727
0.48509,1.9293,2.5987,1.4625
0.4749,1.9293,2.6089,1.4625
0.4749,1.9165,2.6114,1.4727
0.48764,1.9165,2.5987,1.4676
0.48509,1.9293,2.5987,1.46
0.47235,1.9267,2.6089,1.4676
0.47999,1.9165,2.6038,1.4727
0.48254,1.9216,2.5987,1.4651
0.47999,1.9242,2.6038,1.4676
0.4749,1.9216,2.6114,1.4753
0.48764,1.9165,2.5962,1.4727
0.48509,1.9242,2.5987,1.46
0.47999,1.9293,2.6063,1.4625
0.47235,1.9242,2.6114,1.4702
0.47999,1.9165,2.6063,1.4676
0.47745,1.9242,2.6038,1.4651
0.47745,1.9267,2.6063,1.4702
0.47235,1.9165,2.6114,1.4753
0.47999,1.9191,2.6038,1.4727
0.48254,1.9267,2.5987,1.46
0.47999,1.9293,2.6089,1.4625
0.4749,1.9165,2.6114,1.4727
0.48254,1.9242,2.5962,1.4702
0.47999,1.9267,2.6089,1.46
0.4749,1.9165,2.6089,1.4753
0.48509,1.9242,2.5987,1.4676
0.47999,1.9267,2.6038,1.4702
0.47999,1.9242,2.6038,1.4727
0.48764,1.9216,2.5962,1.4702
0.47999,1.9293,2.6038,1.4625
0.47235,1.9165,2.6089,1.4727
0.48509,1.9242,2.5962,1.4676
0.47999,1.9242,2.6063,1.4676
0.47999,1.9216,2.6038,1.4702
0.47999,1.9242,2.6038,1.4676
0.4749,1.9242,2.6114,1.4702
0.48509,1.9165,2.5987,1.4727
0.48509,1.9267,2.5962,1.46
0.47235,1.9242,2.6063,1.4676
0.47999,1.9165,2.6038,1.4753
0.48509,1.9216,2.5962,1.4625
0.47999,1.9293,2.6114,1.46
0.4749,1.9242,2.6114,1.4753
0.47999,1.9165,2.6038,1.4753
0.48509,1.9267,2.5962,1.4651
0.47999,1.9242,2.6038,1.4702
0.47999,1.9242,2.6012,1.4753
0.48764,1.9216,2.5962,1.4676
0.47745,1.9267,2.6012,1.4625
0.47235,1.9267,2.6038,1.4702
0.47999,1.9191,2.6038,1.4676
0.48509,1.9216,2.5962,1.4702
0.47999,1.9293,2.6038,1.4702
0.47745,1.9216,2.6012,1.4702
0.47999,1.9242,2.6038,1.4676
0.47999,1.9216,2.6038,1.4651
0.47999,1.9216,2.6089,1.4702
0.47745,1.9165,2.6038,1.4753
0.48764,1.9216,2.5987,1.4676
0.47999,1.9293,2.6038,1.4625
0.47745,1.9216,2.6012,1.4676
0.47999,1.9165,2.6038,1.4753
0.48509,1.9242,2.5987,1.4676
0.47999,1.9267,2.6063,1.4625
0.4749,1.9216,2.6114,1.4702
0.47745,1.9216,2.6038,1.4753
0.47999,1.9191,2.6038,1.4676
0.47999,1.9216,2.6038,1.4625
0.47999,1.9242,2.6038,1.4702
0.47745,1.9216,2.6038,1.4727
0.47999,1.9216,2.6038,1.4702
0.47745,1.9216,2.5987,1.4676
0.47999,1.9216,2.6063,1.4651
0.47999,1.9216,2.6089,1.4702
0.47745,1.9216,2.6038,1.4676
0.47999,1.9216,2.6063,1.4676
0.47999,1.9267,2.6063,1.4676
0.47235,1.9242,2.6114,1.4676
0.47745,1.9165,2.6063,1.4727
0.48509,1.9242,2.5987,1.4676
0.48764,1.9293,2.6038,1.4625
0.4749,1.9293,2.6089,1.4676
0.47235,1.914,2.6114,1.4753
0.48764,1.914,2.5987,1.4702
0.48764,1.9267,2.5987,1.4625
0.4749,1.9293,2.6089,1.4625
0.47235,1.9165,2.6089,1.4753
0.48764,1.9165,2.6063,1.4676
0.47999,1.9216,2.6063,1.46
0.47999,1.9242,2.6063,1.4651
0.47999,1.9165,2.6063,1.4727
0.48509,1.9242,2.6012,1.4651
0.47999,1.9293,2.6038,1.4625
0.4749,1.9242,2.6063,1.4676
0.47745,1.9216,2.6038,1.4702
0.47999,1.9216,2.6063,1.4625
0.4749,1.9216,2.6114,1.4702
0.47999,1.9165,2.6063,1.4753
0.48509,1.9216,2.5987,1.4625
0.47999,1.9267,2.6038,1.4676
0.47235,1.9216,2.6114,1.4676
0.47745,1.9165,2.6063,1.4702
0.48509,1.9216,2.5987,1.4702
0.47999,1.9242,2.6063,1.4702
0.47999,1.9191,2.6114,1.4702
0.47999,1.9165,2.6063,1.4753
0.48509,1.9216,2.6012,1.4676
0.47999,1.9267,2.6038,1.4625
0.4749,1.9216,2.614,1.4702
0.47999,1.914,2.6063,1.4702
0.48509,1.9216,2.6063,1.4702
0.47999,1.9242,2.6038,1.4702
0.47999,1.9216,2.6063,1.4727
0.47745,1.9216,2.6063,1.4702
0.47999,1.9267,2.6063,1.4625
0.4698,1.9216,2.6114,1.4702
0.47745,1.9165,2.6038,1.4727
0.48509,1.9216,2.5987,1.4702
0.47999,1.9267,2.6089,1.4625
0.4698,1.9216,2.6114,1.4702
0.48509,1.9165,2.5987,1.4753
0.48509,1.9267,2.5987,1.4625
0.47235,1.9267,2.6114,1.4676
0.47235,1.914,2.6114,1.4727
0.48509,1.9216,2.5987,1.4702
0.47745,1.9293,2.6063,1.4625
0.4749,1.914,2.614,1.4727
0.47999,1.9165,2.5987,1.4727
0.48509,1.9267,2.6012,1.4625
0.4749,1.9293,2.6114,1.4702
0.4749,1.914,2.6063,1.4753
0.48254,1.9216,2.6012,1.4676
0.47999,1.9293,2.6063,1.4676
0.47999,1.9216,2.6114,1.4702
0.48509,1.9165,2.6012,1.4702
0.47999,1.9267,2.6063,1.4625
0.4749,1.9242,2.614,1.4702
0.47999,1.9165,2.6063,1.4753
0.48509,1.9165,2.5987,1.4702
0.48509,1.9293,2.6012,1.46
0.47235,1.9293,2.6114,1.4702
0.4749,1.9165,2.6114,1.4727
0.48509,1.9165,2.5987,1.4676
0.48509,1.9293,2.6012,1.4625
0.4749,1.9267,2.614,1.4676
0.4749,1.914,2.6114,1.4727
0.48509,1.914,2.5987,1.4753
0.48509,1.9216,2.5987,1.4625
0.47999,1.9267,2.6063,1.4625
0.47999,1.9216,2.6114,1.4702
0.47999,1.9242,2.6063,1.4778
0.47999,1.9165,2.5987,1.4727
0.47999,1.9242,2.6063,1.4651
0.47235,1.9191,2.614,1.4702
0.47745,1.9165,2.5962,1.4778
0.48509,1.9267,2.6012,1.4651
0.47235,1.9267,2.6063,1.4625
0.4698,1.9165,2.6114,1.4702
0.47999,1.9191,2.6063,1.4676
0.47999,1.9216,2.6063,1.4625
0.47235,1.9216,2.6114,1.4702
0.47999,1.914,2.6038,1.4778
0.48509,1.9216,2.6063,1.4702
0.47745,1.9293,2.6063,1.4702
0.47999,1.9216,2.6063,1.4778
0.48509,1.9216,2.5987,1.4702
0.47999,1.9267,2.6114,1.4625
0.47235,1.9165,2.6114,1.4753
0.48509,1.914,2.5987,1.4778
0.48254,1.9242,2.5987,1.4625
0.4698,1.9216,2.6114,1.4702
0.47999,1.914,2.6063,1.4727
0.47999,1.9216,2.5987,1.4651
0.4698,1.9267,2.614,1.4702
0.47235,1.914,2.614,1.4804
0.47745,1.9191,2.6063,1.4778
0.48509,1.9242,2.6012,1.4651
0.47235,1.9267,2.6114,1.4727
0.4698,1.9114,2.6063,1.4804
0.48509,1.914,2.5987,1.4727
0.47745,1.9242,2.6063,1.4651
0.4698,1.9165,2.614,1.4727
0.47235,1.914,2.6089,1.4778
0.48509,1.9089,2.6038,1.4727
0.48254,1.9242,2.6012,1.4651
0.4698,1.9242,2.614,1.4702
0.4698,1.9165,2.614,1.4778
0.47745,1.914,2.5987,1.4804
0.48254,1.9165,2.6012,1.4676
0.4749,1.9267,2.614,1.4702
0.4698,1.9114,2.6114,1.4804
0.48254,1.9114,2.6012,1.4804
0.48254,1.9242,2.5987,1.4651
0.4698,1.9242,2.6114,1.4753
0.47745,1.9165,2.6038,1.4804
0.48254,1.9191,2.5987,1.4727
0.4749,1.9242,2.6038,1.4676
0.4698,1.9114,2.6114,1.4804
0.4749,1.9114,2.5987,1.4804
0.48254,1.9242,2.5987,1.4702
0.46725,1.9242,2.6063,1.4702
0.4749,1.914,2.6063,1.4753
0.4749,1.9165,2.6038,1.4778
0.47999,1.9165,2.6063,1.4753
0.47745,1.9165,2.6063,1.4753
0.47745,1.9165,2.6114,1.4829
0.4749,1.9089,2.5987,1.4804
0.48254,1.9191,2.6012,1.4676
0.4749,1.9216,2.6063,1.4676
0.46725,1.9165,2.614,1.4727
0.48254,1.9063,2.5987,1.4829
0.48254,1.9165,2.6012,1.4727
0.4698,1.9216,2.6114,1.4702
0.4698,1.9165,2.614,1.4727
0.47745,1.9114,2.6063,1.4829
0.47999,1.9165,2.6012,1.4727
0.47745,1.9216,2.6038,1.4702
0.4698,1.9165,2.614,1.4753
0.4749,1.914,2.6063,1.4778
0.48509,1.9165,2.6012,1.4727
0.47745,1.9165,2.6063,1.4676
0.4698,1.9191,2.6114,1.4702
0.47745,1.9114,2.6063,1.4778
0.48254,1.9165,2.6012,1.4727
0.4749,1.9242,2.6063,1.4676
0.47235,1.9114,2.614,1.4778
0.48254,1.9114,2.5987,1.4778
0.48509,1.9242,2.6012,1.4676
0.4698,1.9165,2.614,1.4753
0.47745,1.9114,2.6063,1.4804
0.48509,1.9165,2.5987,1.4727
0.47745,1.9242,2.614,1.4676
0.47235,1.9191,2.6114,1.4804
0.48254,1.9114,2.6012,1.4753
0.48254,1.9267,2.5987,1.4676
0.47235,1.9242,2.6114,1.4702
0.47235,1.914,2.614,1.4753
0.48254,1.9191,2.6012,1.4727
0.47999,1.9191,2.6063,1.4702
0.4749,1.9191,2.6063,1.4753
0.48509,1.9191,2.6012,1.4651
0.47999,1.9267,2.6038,1.4676
0.46725,1.9216,2.6089,1.4778
0.47745,1.914,2.6063,1.4778
0.48764,1.9191,2.5987,1.4702
0.47745,1.9267,2.6114,1.4651
0.47999,1.914,2.6038,1.4778
0.48254,1.9191,2.5962,1.4702
0.47999,1.9267,2.6038,1.4727
0.47999,1.9191,2.6038,1.4702
0.47745,1.9242,2.6063,1.4727
0.47999,1.9216,2.5987,1.4651
0.47235,1.9267,2.614,1.4702
0.47999,1.9114,2.6038,1.4702
0.48254,1.9216,2.5987,1.4676
0.47999,1.9267,2.6063,1.4651
0.4749,1.9191,2.6114,1.4676
0.47999,1.9216,2.6038,1.4753
0.48509,1.9191,2.5987,1.4676
0.47999,1.9267,2.6038,1.4625
0.47235,1.9191,2.614,1.4753
0.48764,1.9114,2.5962,1.4753
0.48509,1.9191,2.5987,1.4625
0.47235,1.9267,2.6114,1.4651
0.47235,1.914,2.6089,1.4753
0.48254,1.9216,2.5962,1.4702
0.47999,1.9267,2.6038,1.4651
0.4749,1.9191,2.6114,1.4702
0.47999,1.9165,2.6038,1.4702
0.47999,1.9267,2.6038,1.4625
0.47235,1.9216,2.6038,1.4702
0.47999,1.914,2.6038,1.4727
0.48254,1.9216,2.5962,1.4651
0.47235,1.9267,2.6038,1.4651
0.4698,1.9242,2.6114,1.4702
0.47745,1.9165,2.6012,1.4753
0.48254,1.9191,2.5987,1.4702
0.47745,1.9267,2.6063,1.4651
0.47235,1.9191,2.6012,1.4702
0.47745,1.9216,2.6038,1.4727
0.47745,1.9267,2.6012,1.4651
0.4698,1.9242,2.6089,1.4778
0.48254,1.914,2.5962,1.4778
0.48509,1.9267,2.5987,1.4676
0.47235,1.9216,2.6089,1.4727
0.4749,1.9165,2.6038,1.4702
0.47745,1.9216,2.5962,1.4702
0.47745,1.9267,2.6012,1.4651
0.47235,1.9216,2.6089,1.4727
0.47745,1.914,2.6012,1.4778
0.48509,1.9216,2.5962,1.4702
0.4749,1.9267,2.6012,1.4676
0.47999,1.9191,2.6038,1.4727
0.4698,1.914,2.6089,1.4753
0.48509,1.9165,2.5962,1.4727
0.47999,1.9242,2.6038,1.4651
0.47745,1.9216,2.6038,1.4702
0.47745,1.9216,2.6012,1.4778
0.47745,1.9216,2.6038,1.4727
0.47745,1.9191,2.5987,1.4727
0.4749,1.9267,2.6012,1.4727
0.4698,1.9216,2.6012,1.4727
0.47745,1.9165,2.6012,1.4778
0.48254,1.9191,2.5936,1.4651
0.4749,1.9267,2.6012,1.4676
0.47745,1.9216,2.6012,1.4753
0.47745,1.9242,2.6012,1.4727
0.47745,1.9165,2.6012,1.4727
0.48509,1.9216,2.5962,1.4651
0.47745,1.9267,2.6038,1.4676
0.4698,1.9216,2.6089,1.4727
0.47999,1.9165,2.5987,1.4804
0.48254,1.9191,2.5962,1.4676
0.4698,1.9267,2.5987,1.4676
0.4698,1.9191,2.6089,1.4753
0.4749,1.914,2.6012,1.4829
0.4749,1.9191,2.6012,1.4753
0.47745,1.9216,2.6038,1.4753
0.47745,1.9216,2.6012,1.4829
0.4749,1.914,2.5962,1.4753
0.48254,1.9267,2.5962,1.4702
0.4698,1.9242,2.6089,1.4702
0.4698,1.9165,2.6089,1.4804
0.47999,1.9114,2.6012,1.4829
0.47999,1.9165,2.5962,1.4753
0.4749,1.9267,2.6038,1.4676
0.46725,1.9191,2.6114,1.4727
0.4749,1.9089,2.6038,1.4829
0.47999,1.9165,2.5962,1.4753
0.4749,1.9216,2.6038,1.4778
0.4698,1.9165,2.6114,1.4753
0.4749,1.9089,2.6038,1.4829
0.47999,1.9114,2.5962,1.4753
0.47999,1.9216,2.5962,1.4702
0.46725,1.9242,2.6089,1.4753
0.46725,1.9089,2.6089,1.4855
0.48509,1.9089,2.6038,1.4778
0.4749,1.9165,2.6012,1.4702
0.4749,1.9165,2.6038,1.4753
0.4749,1.914,2.6114,1.4829
0.47999,1.9089,2.5987,1.4829
0.47999,1.9165,2.5987,1.4702
0.4749,1.9216,2.6114,1.4702
0.47745,1.9165,2.6063,1.4753
0.47235,1.9165,2.6038,1.4753
0.48254,1.914,2.5987,1.4753
0.4749,1.9242,2.6063,1.4753
0.46725,1.9165,2.6114,1.4753
0.4749,1.9089,2.6038,1.4829
0.48254,1.9165,2.6063,1.4753
0.47745,1.9216,2.6038,1.4702
0.4698,1.9165,2.6089,1.4753
0.4749,1.9089,2.6063,1.4829
0.47745,1.9216,2.6012,1.4727
0.4698,1.9216,2.6114,1.4702
0.4698,1.9165,2.614,1.4804
0.4749,1.9089,2.6063,1.4804
0.48254,1.914,2.5987,1.4753
0.4749,1.9216,2.6063,1.4727
0.4698,1.9063,2.6114,1.4829
0.47999,1.9063,2.6012,1.4753
0.47999,1.9216,2.5987,1.4702
0.4698,1.9242,2.614,1.4727
0.46725,1.9063,2.6063,1.4804
0.48254,1.9165,2.6012,1.4753
0.47745,1.9191,2.6089,1.4778
0.4698,1.914,2.6165,1.4778
0.4749,1.9063,2.6063,1.4753
0.4749,1.9114,2.6063,1.4778
0.4749,1.9114,2.6063,1.4778
0.4749,1.914,2.6089,1.4855
0.47999,1.914,2.6012,1.4727
0.4749,1.9216,2.6063,1.4702
0.4698,1.914,2.614,1.4804
0.4749,1.9089,2.6063,1.4829
0.48509,1.914,2.6038,1.4753
0.47745,1.9216,2.6063,1.4676
0.4698,1.9165,2.614,1.4753
0.4749,1.9063,2.6063,1.4753
0.47999,1.914,2.6038,1.4753
0.4749,1.914,2.6089,1.4727
0.4698,1.914,2.6063,1.4727
0.4749,1.9165,2.6089,1.4753
0.47999,1.914,2.6038,1.4727
0.4749,1.9216,2.6063,1.4753
0.47235,1.914,2.614,1.4753
0.4749,1.9089,2.6089,1.4727
0.48254,1.9165,2.6012,1.4727
0.47745,1.9216,2.6063,1.4676
0.4698,1.9165,2.614,1.4727
0.47745,1.9114,2.6063,1.4804
0.48254,1.9216,2.6012,1.4676
0.4698,1.9242,2.6114,1.4727
0.4698,1.9089,2.6038,1.4804
0.48509,1.9191,2.5987,1.4727
0.4749,1.9267,2.6063,1.4676
0.4698,1.9165,2.614,1.4727
0.4749,1.9114,2.6063,1.4804
0.48254,1.9267,2.5987,1.4676
0.4698,1.9242,2.614,1.4727
0.47745,1.9089,2.6038,1.4778
0.47745,1.9165,2.6012,1.4727
0.47745,1.9191,2.6063,1.4753
0.4698,1.9165,2.614,1.4804
0.48254,1.914,2.6012,1.4804
0.48254,1.9165,2.5987,1.4676
0.47745,1.9242,2.6063,1.4676
0.4698,1.9165,2.614,1.4727
0.48509,1.9114,2.6063,1.4804
0.48509,1.9242,2.5987,1.4676
0.4749,1.9267,2.614,1.4727
0.47745,1.9114,2.6063,1.4804
0.48509,1.914,2.5987,1.4753
0.4698,1.9216,2.614,1.4753
0.47999,1.9063,2.6063,1.4829
0.48254,1.9165,2.6089,1.4753
0.47745,1.9242,2.6063,1.4727
0.47745,1.9165,2.6063,1.4829
0.48254,1.9114,2.6063,1.4676
0.4749,1.9191,2.6165,1.4702
0.4698,1.9063,2.6165,1.4829
0.48254,1.9038,2.6114,1.4727
0.4749,1.9114,2.6114,1.4702
0.4698,1.9114,2.6165,1.4753
0.47999,1.9063,2.6089,1.4829
0.47999,1.9191,2.6012,1.4702
0.46725,1.9165,2.6191,1.4753
0.46725,1.9038,2.6114,1.4855
0.48254,1.9114,2.6063,1.4778
0.4749,1.9191,2.6114,1.4778
0.46725,1.914,2.6114,1.4778
0.4749,1.9089,2.6114,1.4778
0.4749,1.9089,2.6114,1.4702
0.4749,1.9114,2.6191,1.4778
0.4749,1.9063,2.6114,1.4829
0.47999,1.9165,2.6038,1.4727
0.47745,1.914,2.6114,1.4804
0.46725,1.9089,2.6114,1.4804
0.47999,1.9114,2.6063,1.4804
0.4749,1.9165,2.6114,1.4702
0.46725,1.9038,2.6165,1.4855
0.47999,1.9063,2.6063,1.4778
0.47999,1.9191,2.6114,1.4727
0.4698,1.9114,2.6165,1.4778
0.4749,1.9038,2.6114,1.4855
0.47999,1.9165,2.6063,1.4727
0.46725,1.9165,2.6114,1.4778
0.47235,1.9038,2.614,1.4855
0.47999,1.9089,2.6063,1.4804
0.47235,1.914,2.6191,1.4727
0.46725,1.9012,2.6191,1.4855
0.47745,1.9038,2.6089,1.4804
0.47235,1.9165,2.6165,1.4753
0.46725,1.9089,2.6191,1.4804
0.4749,1.9038,2.614,1.4778
0.47999,1.9089,2.6165,1.4829
0.4749,1.9063,2.6165,1.4829
0.47235,1.8987,2.6165,1.488
0.47999,1.9089,2.6114,1.4778
0.46725,1.9114,2.6216,1.4753
0.46725,1.9012,2.6216,1.488
0.47999,1.9063,2.6114,1.4829
0.47235,1.9089,2.6191,1.4753
