4.7217,0.99371,3.422,2.3932
4.7243,0.99116,3.4169,2.4009
4.7345,0.99116,3.4169,2.3881
4.7243,0.9988,3.4169,2.3856
4.7192,0.99116,3.422,2.4009
4.7268,0.98606,3.4118,2.4009
4.7268,0.99371,3.4118,2.3958
4.7294,0.9988,3.4169,2.3881
4.7217,0.99371,3.4169,2.3958
4.7268,0.98606,3.4169,2.3932
4.7268,0.99371,3.4195,2.3932
4.7319,0.99371,3.4169,2.3932
4.7192,0.99625,3.4169,2.3932
4.7268,0.98606,3.4195,2.3932
4.7319,0.99625,3.4118,2.3932
4.7268,1.0014,3.4195,2.3881
4.7217,0.99371,3.4271,2.3932
4.7268,0.99116,3.4195,2.4009
4.7345,0.99371,3.4118,2.3932
4.7268,0.9988,3.4195,2.3881
4.7217,0.98861,3.4246,2.3958
4.7217,0.99371,3.4195,2.3983
4.7294,0.98861,3.4118,2.4009
4.7319,0.9988,3.4118,2.3881
4.7294,0.99116,3.4195,2.3958
4.7192,0.99371,3.4271,2.3932
4.7294,0.98606,3.4169,2.3932
4.7345,0.99371,3.4118,2.3932
4.7268,0.9988,3.4195,2.3881
4.7268,0.99625,3.4195,2.3932
4.7268,0.99625,3.4246,2.4009
4.7268,0.98861,3.4195,2.4009
4.7345,0.9988,3.4144,2.3881
4.7268,1.0014,3.4169,2.3932
4.7217,0.99371,3.4169,2.3932
4.7294,0.98861,3.4195,2.4009
4.7319,0.98861,3.4118,2.3983
4.7319,0.99371,3.4118,2.3881
4.7268,1.0014,3.4169,2.3881
4.7294,0.99371,3.4195,2.3932
4.7268,0.99625,3.4271,2.3932
4.7268,0.98606,3.4195,2.3932
4.7319,0.99371,3.4118,2.3907
4.7319,1.0014,3.4118,2.3881
4.7268,0.9988,3.4169,2.3856
4.7217,0.99371,3.4271,2.3932
4.7268,0.99625,3.4195,2.3983
4.7268,0.99371,3.4169,2.3932
4.7319,0.99371,3.4118,2.3932
4.7268,0.99371,3.4118,2.3881
4.7294,0.9988,3.4246,2.3881
4.7217,0.98606,3.4271,2.3907
4.7294,0.98861,3.422,2.3983
4.7243,0.99371,3.4195,2.4009
4.7243,0.99625,3.4118,2.3932
4.7268,1.0014,3.4195,2.3856
4.7217,0.9988,3.4271,2.3932
4.7217,0.98861,3.4246,2.3983
4.7268,0.98861,3.4195,2.3983
4.7268,0.99371,3.4195,2.3932
4.7243,0.99371,3.4118,2.3932
4.7268,0.9988,3.4195,2.3932
4.7217,0.99625,3.4246,2.3932
4.7268,0.99625,3.4195,2.3907
4.7268,0.99116,3.4195,2.3932
4.7319,0.99625,3.4118,2.3932
4.7319,0.9988,3.4118,2.3881
4.7217,0.9988,3.4246,2.3856
4.7217,0.98861,3.4246,2.3983
4.7268,0.98861,3.422,2.3983
4.7345,0.98861,3.4118,2.3932
4.7319,1.0014,3.4144,2.3881
4.7192,0.9988,3.4246,2.3881
4.7217,0.98861,3.4271,2.3983
4.7319,0.98861,3.4144,2.3932
4.7319,0.9988,3.4195,2.3881
4.7217,0.99371,3.4271,2.3932
4.7243,0.98861,3.4195,2.4009
4.7319,0.99116,3.4118,2.3958
4.7268,0.9988,3.4195,2.3881
4.7268,0.99371,3.4195,2.3932
4.7268,0.99116,3.4169,2.4009
4.7345,0.99371,3.4118,2.3932
4.7319,1.0014,3.4118,2.3856
4.7192,0.9988,3.4246,2.3932
4.7217,0.98861,3.4271,2.3983
4.737,0.98861,3.4195,2.4009
4.7345,0.99116,3.4118,2.3932
4.7268,0.9988,3.4195,2.3932
4.7217,0.99371,3.4271,2.3932
4.7268,0.98606,3.4195,2.3907
4.7345,0.99371,3.4118,2.3932
4.7319,0.9988,3.4118,2.3881
4.7217,1.0014,3.4271,2.3856
4.7268,0.99371,3.4271,2.3932
4.7268,0.98606,3.4195,2.3983
4.7319,0.98861,3.4118,2.3932
4.7345,0.9988,3.4144,2.3856
4.7217,1.0014,3.4271,2.3881
4.7217,0.98606,3.4271,2.3958
4.7268,0.98861,3.4144,2.3983
4.7319,0.99371,3.4144,2.3881
4.7192,0.9988,3.4195,2.3881
4.7217,0.99371,3.4246,2.4009
4.7268,0.98861,3.4195,2.3983
4.7319,0.99371,3.4118,2.3932
4.7243,0.9988,3.4195,2.3881
4.7192,0.99371,3.4271,2.3907
4.7268,0.98606,3.4195,2.3932
4.7345,0.99371,3.4118,2.3932
4.7243,0.9988,3.4195,2.3856
4.7217,0.99116,3.4297,2.3932
4.7268,0.98861,3.4195,2.4009
4.7294,0.99371,3.4144,2.3932
4.7243,1.0014,3.4169,2.3856
4.7217,0.99371,3.4271,2.4009
4.7268,0.98606,3.4195,2.4009
4.7319,0.99116,3.4118,2.3932
4.7268,0.9988,3.4195,2.3856
4.7217,0.99371,3.4246,2.3907
4.7243,0.98861,3.422,2.4009
4.7345,0.98606,3.4144,2.3932
4.7319,0.99116,3.4118,2.3856
4.7268,0.9988,3.422,2.3932
4.7192,0.99116,3.4246,2.3932
4.7268,0.98861,3.422,2.3983
4.7319,0.99116,3.4144,2.3881
4.7294,0.9988,3.4195,2.3856
4.7217,0.99371,3.4271,2.3983
4.7268,0.98861,3.4195,2.3983
4.7345,0.99116,3.4118,2.3932
4.7268,0.9988,3.4195,2.3881
4.7217,0.99625,3.4271,2.3907
4.7243,0.98606,3.4195,2.3983
4.7319,0.99116,3.4144,2.3958
4.7243,0.99625,3.4195,2.3907
4.7192,0.99625,3.4169,2.3932
4.7268,0.99371,3.422,2.3932
4.7268,0.99625,3.4195,2.3881
4.7192,0.99371,3.4297,2.3932
4.7268,0.98861,3.422,2.4009
4.7345,0.99371,3.4144,2.3932
4.7243,0.99625,3.422,2.3932
4.7217,0.99371,3.4195,2.3932
4.7243,0.98861,3.4195,2.3932
4.7268,0.99371,3.4195,2.3958
4.7268,0.99371,3.4195,2.3932
4.7217,0.99371,3.4271,2.3932
4.7243,0.98606,3.422,2.4009
4.7345,0.98861,3.4118,2.3932
4.7319,0.9988,3.4118,2.3881
4.7268,1.0014,3.422,2.3856
4.7192,0.98861,3.4271,2.3983
4.7268,0.99116,3.422,2.3983
4.7319,0.99371,3.4118,2.3932
4.7268,0.9988,3.4195,2.3881
4.7217,0.99371,3.4271,2.3932
4.7268,0.98861,3.4169,2.3932
4.7345,0.99625,3.422,2.3907
4.7268,0.99371,3.4169,2.3932
4.7268,0.99625,3.4195,2.3932
4.7243,0.98861,3.4118,2.4009
4.7345,0.9988,3.4118,2.3856
4.7217,0.9988,3.4271,2.3881
4.7217,0.99371,3.422,2.3983
4.7243,0.98861,3.4195,2.4009
4.7243,0.99371,3.4195,2.3932
4.7268,0.99625,3.4195,2.3932
4.7268,0.9988,3.4169,2.3907
4.7217,0.99371,3.4246,2.3932
4.7192,0.98606,3.4195,2.3983
4.7319,0.98861,3.4118,2.3983
4.7319,0.99625,3.4118,2.3856
4.7268,1.0014,3.4169,2.3856
4.7243,0.99371,3.4195,2.3932
4.7192,0.99371,3.4246,2.3907
4.7243,0.98861,3.4195,2.3932
4.7319,0.99371,3.4118,2.3932
4.7319,1.0039,3.4144,2.3881
4.7192,1.0014,3.4246,2.3881
4.7192,0.99371,3.4246,2.3932
4.7243,0.98861,3.4195,2.3983
4.7319,0.99371,3.4118,2.3932
4.7268,1.0014,3.4195,2.3907
4.7243,0.99371,3.4195,2.3932
4.7217,0.99371,3.4144,2.3932
4.7243,0.99625,3.4195,2.3932
4.7319,0.99116,3.4118,2.3932
4.7268,1.0014,3.4195,2.3881
4.7268,0.99371,3.4195,2.3932
4.7217,0.99371,3.4195,2.3932
4.7217,0.99625,3.422,2.3932
4.7268,0.99371,3.4169,2.3932
4.7294,1.0014,3.4169,2.3932
4.7192,0.99371,3.422,2.3932
4.7294,0.98861,3.4195,2.3932
4.7319,0.99371,3.4195,2.3932
4.7243,1.0014,3.4195,2.3932
4.7192,0.99625,3.4246,2.3932
4.7243,0.98861,3.4195,2.3932
4.7319,0.99371,3.4118,2.3932
4.7319,1.0014,3.4118,2.3856
4.7243,1.0014,3.422,2.3881
4.7192,0.99625,3.4271,2.4034
4.7243,0.98606,3.4195,2.3983
4.7217,0.99371,3.4195,2.3932
4.7243,0.99371,3.4118,2.3932
4.7268,0.9988,3.4195,2.3907
4.7192,0.99625,3.4271,2.3932
4.7192,0.98861,3.4271,2.3983
4.7294,0.98861,3.4118,2.3983
4.7319,0.99625,3.4118,2.3932
4.7243,1.0039,3.4195,2.3881
4.7192,0.99116,3.4271,2.3932
4.7166,0.98861,3.4271,2.4009
4.7243,0.98861,3.422,2.4009
4.7319,0.9988,3.4144,2.3856
4.7217,1.0014,3.4271,2.3907
4.7192,0.99371,3.4271,2.3983
4.7243,0.98861,3.422,2.4034
4.7319,0.98861,3.4118,2.3932
4.7319,1.0014,3.4144,2.3881
4.7243,0.99625,3.4195,2.3932
4.7192,0.99371,3.4271,2.3932
4.7243,0.98861,3.4195,2.4009
4.7319,0.98861,3.4144,2.3932
4.7319,1.0014,3.4169,2.3881
4.7319,0.99116,3.422,2.3932
4.7243,0.99371,3.4195,2.3932
4.7268,0.99371,3.422,2.3932
4.7345,0.99371,3.4144,2.3958
4.7319,0.9988,3.4144,2.3881
4.7294,1.0014,3.4246,2.3881
4.7217,0.99371,3.4297,2.3932
4.7268,0.99371,3.4195,2.3983
4.7243,0.99371,3.4195,2.3907
4.7319,0.99625,3.4195,2.3932
4.7294,0.99625,3.4195,2.3881
4.7192,0.99371,3.4271,2.3932
4.7217,0.98861,3.4271,2.4009
4.7268,0.99371,3.4195,2.3932
4.7268,0.99116,3.4195,2.3932
4.7268,0.9988,3.422,2.3881
4.7192,0.99371,3.4246,2.3958
4.7217,0.98861,3.4271,2.4009
4.7345,0.98606,3.4144,2.4009
4.7345,0.99371,3.4144,2.3907
4.7243,0.9988,3.422,2.3881
4.7217,0.99116,3.4271,2.4009
4.7243,0.98861,3.4195,2.4009
4.7243,0.99625,3.422,2.3958
4.7243,0.99625,3.4169,2.3932
4.7294,0.99625,3.4195,2.3932
4.7217,0.99371,3.4271,2.3932
4.7268,0.98861,3.4169,2.3983
4.7319,0.99371,3.4118,2.3932
4.7319,0.9988,3.4195,2.3907
4.7192,0.9988,3.4271,2.3932
4.7192,0.98861,3.4271,2.4009
4.7319,0.98861,3.4169,2.3932
4.7319,1.0014,3.4144,2.3881
4.7268,1.0014,3.4271,2.3881
4.7192,0.99371,3.4246,2.3932
4.7243,0.98606,3.422,2.3983
4.7319,0.98861,3.4144,2.3958
4.7319,1.0014,3.4169,2.3881
4.7192,1.0014,3.4246,2.3881
4.7217,0.99371,3.4271,2.3932
4.7268,0.98861,3.422,2.3932
4.7319,0.99371,3.4169,2.3958
4.7268,1.0014,3.422,2.3932
4.7192,0.99625,3.4271,2.3932
4.7268,0.98861,3.4195,2.3983
4.7319,0.99371,3.4144,2.3881
4.7243,1.0014,3.4169,2.3881
4.7268,0.99371,3.4195,2.3907
4.7217,0.99371,3.4195,2.3932
4.7243,0.99371,3.422,2.3932
4.7243,0.99625,3.4118,2.3932
4.7243,0.9988,3.422,2.3932
4.7192,0.99371,3.4271,2.3932
4.7243,0.99625,3.4195,2.3983
4.7243,0.99625,3.422,2.3958
4.7268,0.99371,3.4118,2.3932
4.7243,1.0014,3.4195,2.3932
4.7192,0.99371,3.4271,2.3907
4.7192,0.98861,3.4246,2.3983
4.7319,0.98606,3.4144,2.3983
4.7345,0.99371,3.4118,2.3932
4.7268,0.99625,3.4195,2.3881
4.7268,0.99371,3.4195,2.3907
4.7268,0.99371,3.4271,2.3907
4.7243,0.98861,3.4195,2.4034
4.7319,0.99371,3.4118,2.3932
4.7319,1.0014,3.4195,2.3881
4.7192,0.9988,3.4246,2.3932
4.7268,0.99116,3.4195,2.3983
4.7268,0.99371,3.4195,2.3932
4.7345,0.9988,3.4144,2.3881
4.7217,0.9988,3.4169,2.3881
4.7192,0.98861,3.4271,2.3983
4.7319,0.98861,3.4118,2.4009
4.7319,0.99116,3.4144,2.383
4.7268,0.99625,3.4169,2.3881
4.7268,0.99371,3.4195,2.3932
4.7192,0.99625,3.4271,2.3932
4.7243,0.99371,3.4195,2.4009
4.7268,0.98861,3.4195,2.3958
4.7319,0.99371,3.4144,2.3932
4.7294,1.0014,3.422,2.3856
4.7217,1.0014,3.4246,2.3932
4.7192,0.98861,3.4246,2.4009
4.7243,0.98861,3.422,2.4034
4.7319,0.99371,3.4169,2.3932
4.7345,0.9988,3.4195,2.3881
4.7268,0.99371,3.422,2.3932
4.7192,0.98861,3.4271,2.4009
4.7319,0.98861,3.4144,2.3932
4.7319,1.0014,3.4118,2.3907
4.7217,1.0014,3.4271,2.3932
4.7268,0.99625,3.4195,2.4009
4.7268,0.99371,3.4118,2.3932
4.7345,1.0014,3.4118,2.3881
4.7217,1.0014,3.4246,2.3932
4.7268,0.99625,3.4195,2.4009
4.7319,0.98861,3.4118,2.3932
4.7345,0.9988,3.4118,2.3881
4.7294,0.99625,3.4195,2.3932
4.7217,0.99625,3.4246,2.3932
4.7268,0.99371,3.422,2.3932
4.7319,0.99625,3.4118,2.3932
4.7345,0.9988,3.4144,2.3881
4.7294,1.0014,3.4169,2.3907
4.7192,0.99371,3.4246,2.4009
4.7268,0.99625,3.4144,2.4009
4.7243,0.99371,3.4195,2.3958
4.7268,0.99625,3.4169,2.3958
4.7268,1.0014,3.4169,2.3907
4.7217,0.99625,3.4246,2.3932
4.7217,0.98606,3.422,2.4034
4.7319,0.98861,3.4195,2.3932
4.7319,0.99371,3.4118,2.3932
4.7268,1.0039,3.4169,2.3881
4.7192,1.0014,3.422,2.3932
4.7217,0.99625,3.4246,2.3983
4.7294,0.98861,3.422,2.3983
4.7319,0.9988,3.4118,2.3856
4.7268,1.0039,3.4169,2.3881
4.7217,0.99625,3.422,2.3932
4.7243,0.98861,3.4169,2.4009
4.7319,0.99371,3.4118,2.3932
4.7319,1.0014,3.4118,2.3881
4.7192,1.0014,3.4271,2.3881
4.7192,0.99116,3.4271,2.3932
4.7243,0.99625,3.4195,2.3932
4.7217,0.99625,3.4169,2.3932
4.7243,0.99371,3.4169,2.3932
4.7192,0.98861,3.4246,2.3983
4.7319,0.98861,3.4195,2.4009
4.7294,1.0014,3.4118,2.3881
4.7192,1.0014,3.4246,2.3907
4.7192,0.98861,3.422,2.3983
4.7319,0.99116,3.4118,2.3932
4.7294,1.0014,3.4144,2.3907
4.7243,1.0014,3.4246,2.3881
4.7166,0.99625,3.4246,2.3932
4.7243,0.99116,3.4195,2.4009
4.7319,0.99625,3.4144,2.3932
4.7294,1.0014,3.4144,2.3856
4.7268,0.99625,3.4195,2.3932
4.7217,0.99625,3.4271,2.3932
4.7243,0.98861,3.4195,2.3983
4.7319,0.99625,3.4118,2.3932
4.7243,1.0014,3.422,2.3881
4.7166,0.99625,3.4271,2.3932
4.7217,0.99116,3.4195,2.3958
4.7243,0.99625,3.4195,2.3932
4.7294,1.0014,3.4144,2.3856
4.7243,1.0039,3.4195,2.3856
4.7192,0.99625,3.4246,2.3932
4.7243,0.99625,3.422,2.4009
4.7243,0.99625,3.4195,2.3932
4.7217,0.99625,3.4195,2.3932
4.7217,1.0039,3.4195,2.3932
4.7192,0.99625,3.422,2.3932
4.7243,0.99625,3.422,2.3932
4.7243,0.99625,3.422,2.3881
4.7243,0.99625,3.422,2.3932
4.7243,0.99371,3.422,2.3932
4.7243,0.99625,3.4195,2.3958
4.7243,0.99371,3.422,2.3932
4.7243,1.0014,3.422,2.3907
4.7192,0.9988,3.4271,2.3932
4.7268,0.98861,3.422,2.3983
4.7217,0.99371,3.4195,2.3932
4.7319,1.0039,3.4144,2.3881
4.7192,1.0039,3.4271,2.3881
4.7166,0.99625,3.4271,2.3983
4.7243,0.99116,3.4169,2.3958
4.7319,0.9988,3.4118,2.3881
4.7243,1.0039,3.4271,2.3881
4.7192,0.99625,3.4271,2.4009
4.7217,0.98861,3.4195,2.3983
4.7319,0.99371,3.4118,2.3932
4.7243,1.0014,3.4169,2.3881
4.7166,0.99625,3.4271,2.3932
4.7217,0.99625,3.4246,2.4009
4.7243,0.98861,3.4195,2.3932
4.7319,0.99625,3.4144,2.3932
4.7243,1.0014,3.4195,2.3881
4.7217,0.99625,3.422,2.3932
4.7192,0.99116,3.4271,2.3983
4.7319,0.98861,3.4144,2.3932
4.7319,1.0014,3.4144,2.3881
4.7192,1.0014,3.4271,2.3932
4.7166,0.99116,3.4271,2.3983
4.7319,0.99116,3.4118,2.3932
4.7319,1.0065,3.4118,2.3856
4.7192,1.0014,3.4271,2.3932
4.7192,0.99625,3.4271,2.3983
4.7294,0.99116,3.4118,2.3932
4.7319,1.0014,3.4144,2.3881
4.7192,1.0039,3.4246,2.3932
4.7166,0.99116,3.4271,2.4009
4.7294,0.99116,3.4169,2.3983
4.7319,0.99625,3.4118,2.3881
4.7243,1.0039,3.4169,2.3907
4.7192,0.99625,3.422,2.3907
4.7268,0.99116,3.4169,2.3983
4.7243,0.99625,3.4118,2.3932
4.7243,0.9988,3.4195,2.3881
4.7192,0.99625,3.4246,2.3932
4.7217,0.99116,3.422,2.4009
4.7243,0.99625,3.4195,2.3958
4.7243,0.99371,3.4195,2.3907
4.7243,0.99625,3.4195,2.3932
4.7243,0.9988,3.4195,2.4009
4.7319,0.99625,3.4118,2.3958
4.7243,1.0039,3.4169,2.3856
4.7243,0.99625,3.4246,2.3932
4.7243,0.99116,3.4169,2.3983
4.7294,0.9988,3.4118,2.3932
4.7217,1.0039,3.4195,2.3881
4.7243,0.99625,3.4246,2.3983
4.7243,0.9988,3.4169,2.4009
4.7268,0.9988,3.4195,2.3958
4.7243,0.99625,3.4169,2.3932
4.7243,1.0039,3.4169,2.3881
4.7192,0.99625,3.4271,2.3932
4.7243,0.99116,3.4169,2.4009
4.7319,0.9988,3.4093,2.3932
4.7268,0.9988,3.4169,2.3881
4.7192,0.99625,3.422,2.3932
4.7243,0.99625,3.4169,2.3932
4.7294,0.99625,3.4118,2.3932
4.7243,0.9988,3.4195,2.3932
4.7268,0.99625,3.4169,2.3932
4.7243,0.99625,3.4169,2.3932
4.7268,0.9988,3.4195,2.3881
4.7243,0.99625,3.4169,2.3932
4.7243,0.98861,3.4195,2.4009
4.7345,0.99625,3.4093,2.3932
4.7268,1.0039,3.4195,2.3881
4.7217,0.99625,3.422,2.3907
4.7243,0.99116,3.4169,2.3983
4.7319,0.9988,3.4093,2.3932
4.7243,1.0039,3.4169,2.3932
4.7192,0.9988,3.4271,2.3932
4.7243,0.99116,3.4169,2.4009
4.7294,0.99625,3.4118,2.3932
4.7217,0.99625,3.4195,2.3932
4.7192,0.99625,3.4169,2.3932
4.7217,0.99625,3.4195,2.3932
4.7319,0.99625,3.4118,2.3932
4.7268,1.0039,3.4169,2.3881
4.7192,0.99625,3.422,2.3932
4.7243,0.99116,3.4169,2.4009
4.7319,0.99625,3.4118,2.3932
4.7243,1.0014,3.4169,2.3932
4.7192,0.99625,3.422,2.3932
4.7217,0.99116,3.4169,2.4009
4.7319,0.99625,3.4118,2.3932
4.7243,1.0039,3.4195,2.3881
4.7166,0.99625,3.4144,2.3932
4.7243,0.99116,3.4169,2.4009
4.7217,0.99625,3.4169,2.3932
4.7243,0.9988,3.4169,2.3932
4.7243,1.0039,3.4169,2.3907
4.7192,0.99625,3.4246,2.3932
4.7243,0.98861,3.4195,2.3983
4.7319,0.99116,3.4118,2.3932
4.7294,1.0014,3.4118,2.3881
4.7192,1.0039,3.4144,2.3881
4.7166,0.9988,3.4246,2.4009
4.7217,0.99116,3.4144,2.4009
4.7217,0.9988,3.4195,2.3907
4.7319,1.0039,3.4118,2.3856
4.7166,1.0039,3.4169,2.3881
4.7166,0.9988,3.4246,2.3932
4.7166,0.99116,3.422,2.3983
