1.2345,1.1059,2.2316,1.2279
1.2192,1.1033,2.2444,1.2305
1.2192,1.0931,2.2444,1.2407
1.2243,1.0931,2.2316,1.2407
1.232,1.1059,2.2316,1.2305
1.2192,1.1059,2.2444,1.2305
1.2167,1.0982,2.2444,1.2356
1.2243,1.0906,2.2367,1.233
1.2294,1.0906,2.2291,1.233
1.232,1.0957,2.2316,1.2279
1.2243,1.1033,2.2367,1.2279
1.2243,1.1008,2.2393,1.233
1.2243,1.0982,2.2367,1.2356
1.2243,1.0906,2.2367,1.233
1.232,1.0931,2.2291,1.2305
1.2294,1.0982,2.2291,1.2279
1.2243,1.1033,2.2367,1.2279
1.2167,1.0982,2.2393,1.2356
1.2243,1.0982,2.2342,1.2407
1.2294,1.0931,2.2291,1.2356
1.2294,1.1033,2.2266,1.2279
1.2167,1.1059,2.2342,1.2279
1.2192,1.0982,2.2393,1.2407
1.2243,1.0982,2.2342,1.2407
1.2243,1.0906,2.2342,1.2356
1.232,1.0957,2.2266,1.2356
1.2243,1.1008,2.2316,1.2305
1.2167,1.1008,2.2393,1.2279
1.2192,1.0982,2.2393,1.2356
1.2243,1.0957,2.2342,1.2407
1.2243,1.0906,2.2316,1.2356
1.232,1.0982,2.2266,1.233
1.2294,1.1033,2.2316,1.2279
1.2192,1.1033,2.2418,1.2305
1.2192,1.0906,2.2393,1.2407
1.232,1.088,2.2266,1.2407
1.232,1.1059,2.2291,1.2305
1.2218,1.1033,2.2418,1.2279
1.2218,1.0906,2.2418,1.2407
1.2243,1.0906,2.2342,1.2407
1.2269,1.0957,2.2342,1.233
1.2243,1.0982,2.2342,1.2279
1.2243,1.0982,2.2367,1.233
1.2243,1.0982,2.2367,1.2381
1.2243,1.0982,2.2393,1.2356
1.2243,1.0982,2.2393,1.2279
1.2269,1.0982,2.2393,1.233
1.2192,1.0982,2.2393,1.233
1.2269,1.0906,2.2367,1.2356
1.2345,1.0906,2.2316,1.2305
1.2345,1.1059,2.2342,1.2254
1.2269,1.1033,2.2393,1.2254
1.2243,1.0982,2.2393,1.2305
1.2192,1.0982,2.2469,1.2305
1.2294,1.0931,2.2393,1.2381
1.232,1.0906,2.2367,1.2305
1.232,1.1059,2.2342,1.2228
1.2243,1.1059,2.2418,1.2254
1.2192,1.1008,2.2495,1.2356
1.2269,1.0982,2.2418,1.2356
1.2294,1.0982,2.2418,1.2305
1.2345,1.0982,2.2367,1.2305
1.2269,1.1059,2.2418,1.2305
1.2218,1.0982,2.2495,1.2305
1.2269,1.0931,2.2393,1.2356
1.2345,1.0906,2.2367,1.2305
1.2345,1.1059,2.2367,1.2228
1.2294,1.1059,2.2444,1.2228
1.2243,1.1008,2.252,1.2279
1.2269,1.0931,2.2469,1.2305
1.2345,1.0982,2.2367,1.2305
1.2345,1.1059,2.2393,1.2228
1.2218,1.1059,2.252,1.2228
1.2218,1.1008,2.252,1.2356
1.2294,1.0931,2.2469,1.233
1.2371,1.0982,2.2418,1.2228
1.2294,1.0982,2.2469,1.2203
1.232,1.1008,2.2495,1.2228
1.2218,1.1008,2.2546,1.2279
1.2243,1.0931,2.2546,1.233
1.2294,1.0906,2.2495,1.233
1.2294,1.1008,2.2418,1.2279
1.2345,1.0982,2.2469,1.2305
1.2269,1.1059,2.2495,1.2203
1.2243,1.1008,2.2546,1.2254
1.2243,1.0957,2.2546,1.2305
1.2345,1.0931,2.2444,1.233
1.2345,1.0982,2.2444,1.2279
1.2345,1.1033,2.2444,1.2203
1.2243,1.1059,2.2469,1.2254
1.2218,1.1008,2.2469,1.2279
1.2294,1.0931,2.2495,1.2279
1.2345,1.1008,2.2418,1.2279
1.2345,1.1059,2.2418,1.2203
1.232,1.1059,2.2546,1.2203
1.2243,1.0931,2.2571,1.2305
1.2294,1.0931,2.2418,1.233
1.2345,1.0982,2.2418,1.2203
1.2294,1.0982,2.2495,1.2203
1.2294,1.0982,2.2495,1.2254
1.2243,1.1008,2.2495,1.2254
1.2294,1.0931,2.2495,1.2279
1.2345,1.1008,2.2444,1.2279
1.2294,1.1084,2.2495,1.2203
1.2218,1.1059,2.2571,1.2254
1.2243,1.0906,2.2546,1.2305
1.2345,1.0931,2.2469,1.233
1.2345,1.1008,2.2444,1.2279
1.2294,1.1059,2.2495,1.2203
1.2243,1.1059,2.2571,1.2279
1.2243,1.0957,2.2571,1.2305
1.2294,1.0931,2.2495,1.2356
1.2371,1.1059,2.2444,1.2203
1.2294,1.1059,2.2469,1.2203
1.2294,1.1059,2.2546,1.2279
1.2218,1.0906,2.2546,1.2356
1.2294,1.0906,2.2418,1.2356
1.2345,1.1008,2.2418,1.2279
1.2294,1.0982,2.2495,1.2228
1.2294,1.1008,2.2469,1.2305
1.2294,1.1008,2.2469,1.2279
1.2269,1.1008,2.2495,1.2279
1.2345,1.0982,2.2393,1.2279
1.2294,1.1059,2.2469,1.2203
1.2218,1.0982,2.2546,1.233
1.2269,1.0957,2.2393,1.233
1.2345,1.1008,2.2418,1.2228
1.2269,1.1059,2.2495,1.2203
1.2218,1.0931,2.2546,1.233
1.2345,1.0906,2.2418,1.2279
1.2345,1.1059,2.2418,1.2203
1.2243,1.1059,2.2546,1.2279
1.2218,1.0931,2.2546,1.2305
1.2345,1.0931,2.2393,1.2305
1.2345,1.1059,2.2418,1.2203
1.2218,1.1059,2.2546,1.2254
1.2218,1.0931,2.252,1.233
1.2294,1.0931,2.2393,1.233
1.2345,1.1008,2.2393,1.2279
1.2269,1.1059,2.2444,1.2228
1.2269,1.0982,2.2444,1.2279
1.2218,1.0982,2.2495,1.2305
1.2269,1.0906,2.2444,1.2305
1.2345,1.0931,2.2367,1.2305
1.2345,1.0982,2.2367,1.2305
1.2243,1.1033,2.2418,1.2254
1.2294,1.0982,2.2418,1.2305
1.2192,1.0982,2.2418,1.2305
1.2269,1.0906,2.2444,1.2356
1.2269,1.0982,2.2418,1.2305
1.232,1.0982,2.2393,1.2305
1.2269,1.1059,2.2393,1.2305
1.2218,1.0982,2.2469,1.2305
1.2269,1.0906,2.2393,1.2356
1.232,1.0982,2.2316,1.2305
1.2269,1.1033,2.2418,1.2305
1.2192,1.0982,2.2469,1.2305
1.2243,1.0931,2.2418,1.2381
1.2345,1.0982,2.2342,1.2305
1.2269,1.1059,2.2444,1.2254
1.2192,1.1059,2.2495,1.2279
1.2192,1.0982,2.2469,1.2356
1.232,1.0931,2.2418,1.2356
1.2345,1.1008,2.2367,1.2279
1.2269,1.1059,2.2418,1.2228
1.2192,1.0982,2.2495,1.2305
1.2218,1.0931,2.252,1.2356
1.232,1.0931,2.2418,1.2305
1.2294,1.1008,2.2444,1.2305
1.2269,1.1059,2.2444,1.2279
1.2218,1.0982,2.2495,1.2279
1.2269,1.0957,2.2444,1.233
1.232,1.1008,2.2393,1.2279
1.2269,1.1059,2.2444,1.2228
1.2218,1.1033,2.2495,1.2279
1.2218,1.0931,2.252,1.2356
1.2345,1.0906,2.2393,1.2279
1.232,1.0982,2.2393,1.2305
1.2269,1.0982,2.2444,1.2279
1.2218,1.0982,2.252,1.2305
1.2218,1.0931,2.2495,1.2356
1.2345,1.0931,2.2418,1.233
1.2345,1.0982,2.2393,1.2203
1.2294,1.1059,2.2469,1.2203
1.2218,1.1033,2.252,1.2254
1.2218,1.0906,2.2546,1.233
1.2345,1.0931,2.2393,1.233
1.2371,1.0982,2.2418,1.2305
1.2269,1.1059,2.2495,1.2203
1.2218,1.1059,2.2546,1.2279
1.2243,1.1008,2.2495,1.2279
1.2294,1.0931,2.2495,1.2279
1.2345,1.1008,2.2418,1.2279
1.2294,1.0982,2.2495,1.2203
1.2243,1.0982,2.2571,1.2254
1.2294,1.0931,2.252,1.233
1.2371,1.0982,2.2444,1.2279
1.2371,1.1059,2.2495,1.2203
1.2294,1.1008,2.2495,1.2279
1.2243,1.1008,2.252,1.2254
1.2294,1.0931,2.252,1.233
1.2345,1.1008,2.2469,1.2254
1.2345,1.1059,2.2469,1.2203
1.2294,1.1084,2.252,1.2203
1.2243,1.1008,2.2571,1.2305
1.2294,1.0957,2.252,1.2305
1.2345,1.1008,2.2495,1.2254
1.2294,1.1059,2.252,1.2177
1.2243,1.1059,2.2597,1.2254
1.2243,1.1008,2.2597,1.2305
1.2294,1.0957,2.2495,1.2305
1.2345,1.0982,2.2495,1.2254
1.2294,1.0982,2.2571,1.2177
1.2294,1.1059,2.2546,1.2254
1.2243,1.0982,2.2546,1.2279
1.232,1.1008,2.2571,1.2305
1.2396,1.1008,2.2495,1.2279
1.232,1.1084,2.252,1.2254
1.2294,1.0982,2.2597,1.2228
1.232,1.0931,2.252,1.2254
1.2345,1.1008,2.2495,1.2203
1.2269,1.1084,2.2622,1.2177
1.2243,1.0957,2.2597,1.2305
1.2371,1.1008,2.2495,1.2254
1.2294,1.1059,2.252,1.2254
1.2243,1.1008,2.2597,1.2228
1.2243,1.0931,2.2597,1.2305
1.2371,1.0931,2.2495,1.2254
1.2371,1.1008,2.2495,1.2279
1.232,1.1059,2.2571,1.2254
1.2243,1.1008,2.2622,1.2254
1.232,1.0931,2.2571,1.2305
1.2371,1.1008,2.252,1.2177
1.232,1.1008,2.2546,1.2177
1.232,1.1008,2.2571,1.2203
1.232,1.1008,2.2571,1.2254
1.232,1.0931,2.2571,1.2228
1.2396,1.1008,2.2546,1.2254
1.232,1.1008,2.2546,1.2228
1.232,1.0931,2.2571,1.2279
1.2396,1.1008,2.252,1.2203
1.2269,1.1084,2.2571,1.2152
1.2269,1.1008,2.2648,1.2279
1.2396,1.0957,2.252,1.2279
1.2371,1.1059,2.252,1.2177
1.2294,1.1059,2.2571,1.2203
1.2345,1.0931,2.2597,1.2279
1.2345,1.1008,2.2597,1.2228
1.232,1.1008,2.2546,1.2152
1.232,1.1084,2.2673,1.2177
1.2294,1.1008,2.2648,1.2203
1.2294,1.0906,2.2648,1.2279
1.2396,1.0931,2.252,1.2279
1.2396,1.1008,2.252,1.2152
1.232,1.1084,2.2597,1.2126
1.2243,1.1084,2.2673,1.2203
1.2269,1.0957,2.2673,1.2279
1.2396,1.0957,2.2546,1.2203
1.2422,1.1084,2.2571,1.2152
1.2294,1.1059,2.2648,1.2152
1.2269,1.0931,2.2699,1.2279
1.2345,1.0957,2.2597,1.2254
1.2345,1.1008,2.2597,1.2203
1.2396,1.1084,2.2546,1.2203
1.2345,1.1059,2.2622,1.2203
1.2269,1.1008,2.2699,1.2203
1.2269,1.0931,2.2699,1.2279
1.2422,1.0957,2.2571,1.2254
1.2422,1.1008,2.2546,1.2152
1.2345,1.1059,2.2622,1.2126
1.2345,1.1033,2.2648,1.2203
1.2294,1.1008,2.2699,1.2279
1.2345,1.0957,2.2622,1.2254
1.2396,1.1008,2.2571,1.2203
1.2345,1.1059,2.2597,1.2152
1.2294,1.1084,2.2699,1.2177
1.2345,1.0931,2.2648,1.2279
1.2396,1.0931,2.2648,1.2203
1.2345,1.1008,2.2622,1.2101
1.2345,1.1008,2.2622,1.2203
1.2345,1.0931,2.2622,1.2254
1.2345,1.1008,2.2622,1.2203
1.2422,1.1059,2.2597,1.2126
1.2294,1.111,2.2699,1.2126
1.2294,1.0957,2.2699,1.2254
1.2345,1.0957,2.2648,1.2254
1.2396,1.1008,2.2597,1.2203
1.2422,1.1059,2.2571,1.2126
1.2294,1.1059,2.2699,1.2177
1.2294,1.0957,2.2724,1.2254
1.2422,1.0931,2.2597,1.2177
1.2422,1.1084,2.2597,1.2101
1.2294,1.1084,2.2648,1.2101
1.2294,1.1033,2.2724,1.2254
1.2345,1.0957,2.2673,1.2254
1.2447,1.1084,2.2597,1.2177
1.2345,1.1084,2.2648,1.2203
1.2294,1.1008,2.2699,1.2203
1.2345,1.0957,2.2648,1.2254
1.2422,1.1008,2.2571,1.2177
1.2422,1.1084,2.2571,1.2101
1.232,1.1059,2.2699,1.2126
1.232,1.1008,2.2724,1.2254
1.2371,1.0957,2.2648,1.2228
1.2422,1.1008,2.2597,1.2177
1.2345,1.1008,2.2648,1.2126
1.2345,1.1008,2.2622,1.2177
1.2294,1.1008,2.2699,1.2177
1.2345,1.1008,2.2648,1.2203
1.2422,1.1033,2.2571,1.2203
1.2371,1.111,2.2648,1.2126
1.2294,1.1008,2.2699,1.2203
1.2345,1.0957,2.2673,1.2177
1.2371,1.1008,2.2648,1.2203
1.2294,1.1008,2.2699,1.2203
1.2345,1.0931,2.2648,1.2254
1.2422,1.1008,2.2597,1.2203
1.2345,1.1084,2.2648,1.2126
1.2371,1.1008,2.2648,1.2203
1.2371,1.1008,2.2622,1.2203
1.2371,1.1008,2.2648,1.2203
1.2345,1.1008,2.2571,1.2177
1.2345,1.1084,2.2648,1.2126
1.232,1.1008,2.2724,1.2254
1.2345,1.0957,2.2673,1.2254
1.2422,1.1008,2.2597,1.2203
1.2345,1.1084,2.2648,1.2152
1.232,1.1033,2.2724,1.2177
1.2345,1.0957,2.2673,1.2228
1.2371,1.1008,2.2673,1.2177
1.2422,1.1084,2.2597,1.2126
1.2345,1.1008,2.2673,1.2203
1.2294,1.1008,2.2724,1.2254
1.2422,1.0957,2.2597,1.2254
1.2422,1.1008,2.2622,1.2101
1.2345,1.1084,2.2648,1.2126
1.2294,1.1008,2.2724,1.2177
1.2294,1.0982,2.2724,1.2279
1.2422,1.0957,2.2597,1.2254
1.2422,1.111,2.2597,1.2101
1.2345,1.1084,2.2648,1.2126
1.2294,1.1084,2.2724,1.2177
1.2294,1.0957,2.2724,1.2254
1.2345,1.0957,2.2673,1.2228
1.2422,1.1008,2.2597,1.2126
1.2371,1.1008,2.2673,1.2101
1.2345,1.1084,2.2673,1.2101
1.2294,1.111,2.2724,1.2177
1.2294,1.0982,2.2724,1.2228
1.2345,1.0957,2.2673,1.2228
1.2345,1.1033,2.2597,1.2177
1.2422,1.1008,2.2648,1.2177
1.2345,1.1084,2.2673,1.2101
1.232,1.1084,2.2699,1.2152
1.2294,1.0982,2.2724,1.2228
1.2422,1.0957,2.2673,1.2228
1.2422,1.1084,2.2597,1.2177
1.2345,1.1033,2.2648,1.2101
1.2345,1.1008,2.2699,1.2177
1.2345,1.1008,2.2673,1.2177
1.2345,1.0982,2.2597,1.2228
1.2422,1.1008,2.2597,1.2101
1.2294,1.111,2.2648,1.2101
1.232,1.1008,2.2724,1.2254
1.2422,1.0931,2.2673,1.2203
1.2345,1.1033,2.2673,1.2203
1.2371,1.1008,2.2673,1.2177
1.2294,1.1033,2.2648,1.2177
1.2269,1.0931,2.2699,1.2228
1.2396,1.0957,2.2673,1.2177
1.2345,1.1008,2.2673,1.2152
1.2345,1.1033,2.2673,1.2177
1.2345,1.1033,2.2699,1.2203
1.2345,1.1008,2.2673,1.2177
1.2345,1.1008,2.2673,1.2177
1.2371,1.1084,2.2673,1.2177
1.2345,1.1033,2.2673,1.2203
1.2345,1.1008,2.2673,1.2177
1.2396,1.1033,2.2673,1.2203
1.2371,1.111,2.2673,1.2126
1.2269,1.1033,2.2724,1.2177
1.2345,1.0957,2.2673,1.2254
1.2396,1.1033,2.2597,1.2203
1.2345,1.111,2.2648,1.2126
1.2294,1.1008,2.2699,1.2177
1.2345,1.0931,2.2673,1.2254
1.2422,1.1008,2.2571,1.2203
1.2345,1.111,2.2648,1.2152
1.2294,1.1008,2.2699,1.2203
1.2345,1.0957,2.2622,1.2254
1.2422,1.1008,2.2571,1.2203
1.2345,1.1008,2.2597,1.2152
1.2345,1.0982,2.2622,1.2203
1.2345,1.1033,2.2622,1.2228
1.2345,1.1008,2.2648,1.2279
1.2396,1.1059,2.2571,1.2126
1.2269,1.1084,2.2699,1.2152
1.2269,1.0931,2.2673,1.2279
1.2396,1.0957,2.2571,1.2203
1.2422,1.1084,2.2571,1.2126
1.2269,1.1084,2.2648,1.2228
1.232,1.1008,2.2622,1.2203
1.2345,1.1008,2.2622,1.2228
1.232,1.1008,2.2622,1.2228
1.2345,1.1084,2.2622,1.2203
1.2345,1.1033,2.2648,1.2279
1.2345,1.1008,2.2622,1.2203
1.2345,1.1008,2.2597,1.2152
1.232,1.1008,2.2622,1.2203
1.2269,1.0931,2.2673,1.2305
1.2396,1.0957,2.2546,1.2228
1.2345,1.1084,2.2597,1.2228
1.2269,1.1008,2.2673,1.2203
1.2371,1.0957,2.2546,1.2279
1.2371,1.1084,2.2546,1.2152
1.2294,1.1059,2.2699,1.2152
1.2243,1.1033,2.2597,1.2279
1.2345,1.1008,2.2597,1.2228
1.232,1.1008,2.2597,1.2177
1.232,1.1008,2.2597,1.2228
1.2294,1.0957,2.2597,1.2305
1.2396,1.1008,2.252,1.2254
1.232,1.1084,2.2597,1.2177
1.2243,1.1008,2.2648,1.2228
1.2294,1.1008,2.2571,1.2254
1.2294,1.1008,2.2571,1.2254
1.232,1.1084,2.2571,1.2228
1.232,1.0982,2.2546,1.233
1.232,1.1008,2.2495,1.2254
1.232,1.1084,2.2546,1.2203
1.2243,1.1008,2.2597,1.2254
1.2294,1.0931,2.252,1.2305
1.2345,1.1008,2.2469,1.2177
1.2294,1.111,2.2597,1.2203
1.2243,1.0931,2.2597,1.233
1.2294,1.0957,2.2495,1.2305
1.2371,1.1008,2.2469,1.2203
1.2294,1.1059,2.2546,1.2203
1.2218,1.1008,2.2597,1.233
1.232,1.0931,2.2546,1.233
1.2345,1.1008,2.2469,1.2279
1.2294,1.1084,2.252,1.2203
1.2243,1.1008,2.2597,1.2279
1.2243,1.0931,2.2597,1.233
1.2345,1.0957,2.2495,1.233
1.2345,1.1008,2.2469,1.2254
1.2294,1.1084,2.2546,1.2203
1.2294,1.1008,2.2622,1.2254
1.2294,1.1008,2.2546,1.2254
1.232,1.1008,2.2546,1.2254
1.2345,1.1033,2.2495,1.2254
1.2371,1.1059,2.2495,1.2203
1.2243,1.1084,2.2546,1.2203
1.2243,1.1008,2.2648,1.2254
1.2294,1.0931,2.2571,1.233
1.2345,1.1084,2.2495,1.2254
1.2294,1.1084,2.2622,1.2203
1.2243,1.0957,2.2622,1.233
1.2294,1.0957,2.2571,1.233
1.2371,1.1008,2.252,1.2279
1.232,1.1008,2.2571,1.2254
1.2269,1.1008,2.2648,1.2254
1.2294,1.1008,2.2571,1.2305
1.2345,1.1008,2.252,1.2254
1.2294,1.1084,2.2571,1.2254
1.2243,1.1008,2.2648,1.2254
1.232,1.0957,2.2571,1.2254
1.2345,1.1084,2.252,1.2177
1.2294,1.1084,2.2571,1.2177
1.2243,1.1008,2.2622,1.2254
1.232,1.0957,2.2571,1.233
1.2294,1.1008,2.2546,1.2254
1.232,1.1008,2.2546,1.2203
1.2269,1.1008,2.2546,1.2254
1.2294,1.1008,2.2546,1.2279
1.2294,1.1008,2.2546,1.2254
1.232,1.0982,2.2546,1.2279
1.232,1.1008,2.2546,1.233
1.232,1.1008,2.2546,1.2254
1.2294,1.1008,2.2546,1.2254
1.2371,1.1008,2.2546,1.2279
1.232,1.1084,2.2571,1.2279
1.2243,1.1008,2.2571,1.2305
1.232,1.0957,2.2546,1.2305
1.2294,1.1008,2.2495,1.2279
1.2294,1.1084,2.2546,1.2203
1.232,1.1008,2.2571,1.2254
1.232,1.1008,2.2546,1.2305
1.2294,1.1008,2.252,1.2254
1.2371,1.1008,2.2546,1.2254
1.2294,1.1059,2.2571,1.2254
1.2243,1.1033,2.2622,1.2254
1.2269,1.0931,2.2622,1.2305
1.2345,1.0931,2.2546,1.233
1.2371,1.1033,2.2495,1.2203
1.232,1.1059,2.2546,1.2177
1.232,1.1008,2.2571,1.2254
1.232,1.1008,2.2571,1.2254
1.232,1.0931,2.2546,1.2254
1.2371,1.1008,2.2495,1.2254
