4.3496,1.241,4.6098,2.6737
4.3496,1.2333,4.6098,2.6788
4.3496,1.2333,4.6098,2.6788
4.347,1.2435,4.6073,2.6763
4.3419,1.2359,4.6098,2.689
4.3521,1.2282,4.5971,2.6814
4.3445,1.241,4.6047,2.6839
4.3394,1.2359,4.6047,2.6814
4.3445,1.2308,4.6047,2.6865
4.347,1.2333,4.6098,2.6788
4.3445,1.2333,4.6098,2.6788
4.347,1.2308,4.6124,2.6839
4.3546,1.2359,4.6073,2.6686
4.3419,1.2435,4.6124,2.6712
4.3419,1.2384,4.62,2.6814
4.3546,1.2359,4.6098,2.6737
4.3445,1.241,4.6149,2.6686
4.3419,1.2359,4.6251,2.6737
4.3419,1.2282,4.6251,2.6788
4.3546,1.2282,4.6124,2.6712
4.3546,1.241,4.6149,2.6661
4.3445,1.2359,4.6302,2.6686
4.3445,1.2282,4.6251,2.6763
4.3521,1.2384,4.62,2.6661
4.3546,1.2435,4.6277,2.6584
4.347,1.2359,4.6353,2.6635
4.3521,1.2308,4.6277,2.6661
4.3597,1.2384,4.6226,2.661
4.3546,1.2359,4.6277,2.6635
4.3521,1.2359,4.6302,2.6712
4.3546,1.2384,4.6302,2.6635
4.3546,1.2435,4.6302,2.6584
4.347,1.2384,4.6353,2.6635
4.3521,1.2384,4.6353,2.6635
4.3546,1.2384,4.6353,2.6584
4.3546,1.2359,4.6353,2.6584
4.3546,1.2308,4.6379,2.6661
4.3648,1.2384,4.6328,2.6508
4.3496,1.2435,4.6481,2.6533
4.3572,1.2333,4.6455,2.6559
4.3648,1.2384,4.6404,2.6431
4.3572,1.2435,4.6532,2.6406
4.3546,1.2333,4.6557,2.6508
4.3674,1.241,4.6455,2.6457
4.3597,1.2435,4.6506,2.638
4.3546,1.241,4.6583,2.6431
4.3597,1.2333,4.6455,2.6482
4.3648,1.2486,4.6455,2.6355
4.3546,1.2486,4.6583,2.6329
4.3546,1.2333,4.6608,2.6457
4.3674,1.241,4.6481,2.6406
4.3623,1.2486,4.6557,2.638
4.3623,1.2435,4.6532,2.638
4.3597,1.2435,4.6532,2.638
4.3597,1.2486,4.6557,2.6329
4.3546,1.2435,4.6608,2.638
4.3597,1.2384,4.6532,2.6457
4.3597,1.241,4.6532,2.638
4.3623,1.2435,4.6532,2.638
4.3623,1.2359,4.6532,2.6457
4.3648,1.2435,4.6455,2.638
4.3597,1.2486,4.6506,2.638
4.3597,1.2461,4.6557,2.638
4.3648,1.2384,4.6455,2.638
4.3674,1.2537,4.6506,2.6304
4.3521,1.2461,4.6557,2.638
4.3597,1.2359,4.6506,2.6457
4.3648,1.2461,4.643,2.638
4.3546,1.2461,4.6455,2.6329
4.3572,1.2435,4.6455,2.638
4.3572,1.2461,4.6455,2.638
4.3546,1.2537,4.6455,2.6355
4.3521,1.2461,4.6506,2.6406
4.3546,1.241,4.6455,2.6457
4.3572,1.2486,4.6404,2.638
4.3572,1.2461,4.6455,2.6355
4.3546,1.2461,4.6455,2.638
4.3496,1.241,4.6532,2.6431
4.3623,1.241,4.6404,2.6457
4.3623,1.2461,4.6481,2.638
4.3572,1.2461,4.6481,2.6355
4.3597,1.2486,4.6557,2.6406
4.3648,1.241,4.6506,2.6355
4.3597,1.2512,4.6506,2.6329
4.3572,1.2486,4.6506,2.6355
4.3521,1.2486,4.6532,2.6329
4.3572,1.2486,4.6532,2.6304
4.3648,1.2486,4.6455,2.6329
4.3648,1.2537,4.6455,2.6227
4.3597,1.2486,4.6532,2.6278
4.3521,1.2512,4.6557,2.6304
4.3572,1.2435,4.6506,2.6329
4.3648,1.2512,4.643,2.6304
4.3546,1.2563,4.6481,2.6253
4.3521,1.2435,4.6532,2.638
4.3648,1.2512,4.643,2.6304
4.3572,1.2563,4.6506,2.6253
4.3521,1.2512,4.6506,2.6278
4.3572,1.2486,4.6532,2.6329
4.3648,1.2512,4.6455,2.6278
4.3572,1.2512,4.6506,2.6278
4.3597,1.2537,4.6532,2.6304
4.3572,1.2512,4.6532,2.6253
4.3623,1.2537,4.6532,2.6176
4.3521,1.2537,4.6583,2.6227
4.3572,1.2461,4.6532,2.6304
4.3648,1.2537,4.6455,2.6253
4.3572,1.2614,4.6532,2.6176
4.3521,1.2537,4.6608,2.6304
4.3597,1.2537,4.6532,2.6202
4.3597,1.2537,4.6557,2.6227
4.3597,1.2563,4.6557,2.6202
4.3597,1.2563,4.6532,2.6278
4.3648,1.2537,4.6481,2.6176
4.3597,1.2614,4.6557,2.6125
4.3546,1.2563,4.6608,2.6176
4.3623,1.2512,4.6557,2.6227
4.3699,1.2563,4.6506,2.6151
4.3623,1.2614,4.6557,2.61
4.3546,1.2563,4.6634,2.6151
4.3648,1.2512,4.6608,2.6176
4.3699,1.2563,4.6532,2.6125
4.3648,1.2639,4.6608,2.6074
4.3572,1.2563,4.6659,2.6176
4.3648,1.2512,4.6532,2.6176
4.3699,1.2639,4.6532,2.6049
4.3546,1.2639,4.6608,2.6023
4.3572,1.2537,4.671,2.6151
4.3699,1.2537,4.6557,2.6151
4.3699,1.2665,4.6557,2.6023
4.3572,1.2614,4.6659,2.6074
4.3623,1.2537,4.6583,2.6176
4.3674,1.2614,4.6506,2.61
4.3623,1.269,4.6557,2.61
4.3546,1.2614,4.6583,2.6176
4.3597,1.2537,4.6532,2.6202
4.3648,1.2588,4.6455,2.61
4.3572,1.2665,4.6481,2.61
4.3572,1.2614,4.6506,2.6176
4.3572,1.2537,4.6455,2.6227
4.3648,1.2588,4.6404,2.6176
4.3648,1.269,4.643,2.6125
4.3521,1.2665,4.6532,2.6176
4.3521,1.2512,4.6532,2.6253
4.3648,1.2537,4.6404,2.6227
4.3648,1.2588,4.643,2.61
4.3521,1.269,4.6506,2.6125
4.3521,1.2512,4.6557,2.6253
4.3648,1.2537,4.6455,2.6151
4.3648,1.2665,4.6455,2.61
4.3597,1.269,4.6583,2.6074
4.3546,1.2639,4.6583,2.6125
4.3597,1.2614,4.6532,2.6125
4.3699,1.2588,4.6557,2.61
4.3623,1.2614,4.6557,2.6074
4.3597,1.2614,4.6557,2.6074
4.3623,1.2614,4.6557,2.6074
4.3699,1.269,4.6532,2.6023
4.3572,1.269,4.6634,2.6074
4.3572,1.2563,4.6634,2.6151
4.3674,1.2537,4.6532,2.6074
4.3623,1.2614,4.6557,2.6074
4.3546,1.2639,4.6634,2.6074
4.3623,1.2639,4.6583,2.6049
4.3648,1.2639,4.6583,2.6074
4.3623,1.2639,4.6583,2.6074
4.3623,1.2563,4.6557,2.6125
4.3699,1.2639,4.6506,2.6074
4.3623,1.269,4.6557,2.61
4.3546,1.2614,4.6583,2.6074
4.3623,1.2588,4.6583,2.6074
4.3699,1.2639,4.6532,2.5998
4.3623,1.2665,4.6583,2.5998
4.3572,1.2614,4.6659,2.6074
4.3623,1.2563,4.6557,2.6074
4.3699,1.2639,4.6532,2.6049
4.3648,1.269,4.6583,2.5998
4.3546,1.2639,4.6634,2.6074
4.3648,1.2563,4.6583,2.61
4.3674,1.2639,4.6506,2.5972
4.3623,1.269,4.6557,2.5972
4.3572,1.2665,4.6634,2.61
4.3699,1.2588,4.6506,2.61
4.3699,1.2716,4.6506,2.5998
4.3546,1.2639,4.6634,2.6023
4.3699,1.2588,4.6506,2.61
4.3674,1.2716,4.6506,2.5998
4.3546,1.269,4.6634,2.6049
4.3546,1.2588,4.6634,2.61
4.3674,1.2639,4.6506,2.6074
4.3623,1.2665,4.6583,2.5972
4.3546,1.2639,4.6634,2.6049
4.3648,1.2563,4.6583,2.6049
4.3623,1.2639,4.6532,2.6049
4.3648,1.2741,4.6557,2.5972
4.3546,1.2639,4.6634,2.6049
4.3623,1.2588,4.6608,2.61
4.3699,1.2563,4.6557,2.6023
4.3699,1.2716,4.6557,2.5947
4.3597,1.2716,4.6685,2.6023
4.3648,1.2588,4.6659,2.6074
4.3699,1.2639,4.6583,2.5998
4.3699,1.2639,4.6685,2.5972
4.3648,1.2639,4.6685,2.5972
4.3674,1.2639,4.671,2.5972
4.3699,1.2639,4.6685,2.5896
4.3623,1.2639,4.6787,2.5947
4.3699,1.2588,4.671,2.5972
4.3776,1.2665,4.6659,2.5947
4.3725,1.2716,4.6761,2.5921
4.3699,1.2639,4.6761,2.5921
4.3725,1.2639,4.6761,2.5947
4.3725,1.2639,4.6761,2.5845
4.375,1.2639,4.6761,2.5896
4.375,1.2639,4.6787,2.5972
4.3776,1.2639,4.6736,2.5896
4.375,1.2716,4.6812,2.5819
4.3648,1.2639,4.6863,2.5896
4.3827,1.2614,4.6761,2.5947
4.3801,1.269,4.6761,2.5794
4.3674,1.269,4.6888,2.587
4.3674,1.2588,4.6863,2.5921
4.3827,1.2639,4.6812,2.587
4.375,1.2716,4.6863,2.587
4.3699,1.2639,4.6863,2.5845
4.3776,1.2639,4.6888,2.5921
4.3827,1.269,4.6787,2.5794
4.3699,1.2639,4.6939,2.587
4.375,1.2563,4.6863,2.5947
4.3827,1.2614,4.6812,2.5896
4.3776,1.2639,4.6888,2.587
4.3699,1.2563,4.6965,2.5947
4.3827,1.2614,4.6837,2.587
4.375,1.269,4.6914,2.5819
4.3699,1.2614,4.6965,2.5845
4.375,1.2537,4.6863,2.5947
4.375,1.2639,4.6914,2.587
4.375,1.2614,4.6914,2.5845
4.3699,1.2614,4.6914,2.587
4.3776,1.2537,4.6863,2.5947
4.3827,1.269,4.6888,2.5819
4.375,1.2665,4.6939,2.5794
4.3699,1.2537,4.699,2.5921
4.3827,1.2588,4.6863,2.587
4.3827,1.2639,4.6939,2.5845
4.3699,1.2614,4.7016,2.587
4.3776,1.2537,4.6965,2.5921
4.3827,1.2588,4.6888,2.5845
4.3776,1.2665,4.6965,2.587
4.3699,1.2614,4.7016,2.5819
4.375,1.2537,4.6939,2.587
4.3801,1.2614,4.6863,2.5896
4.375,1.2665,4.6939,2.5819
4.3648,1.2614,4.6965,2.5921
4.3725,1.2563,4.6863,2.5998
4.3801,1.2614,4.6812,2.5921
4.375,1.2639,4.6863,2.5896
4.3648,1.2588,4.6965,2.5947
4.3725,1.2588,4.6863,2.5947
4.3725,1.2639,4.6914,2.5896
4.3648,1.2588,4.6939,2.5998
4.3776,1.2537,4.6812,2.6023
4.3776,1.2639,4.6812,2.587
4.3648,1.2639,4.6939,2.5896
4.3648,1.2512,4.6939,2.5998
4.3776,1.2512,4.6888,2.5972
4.3725,1.2588,4.6863,2.5972
4.3725,1.2588,4.6863,2.5972
4.3674,1.2588,4.6863,2.5972
4.3699,1.2563,4.6863,2.5972
4.3776,1.2639,4.6812,2.5896
4.3648,1.2614,4.6939,2.5972
4.3648,1.2512,4.6939,2.6049
4.3776,1.2537,4.6812,2.5998
4.3776,1.2639,4.6812,2.5921
4.3648,1.2639,4.6914,2.5998
4.3699,1.2486,4.6888,2.6074
4.3776,1.2537,4.6787,2.6023
4.3699,1.2614,4.6863,2.6049
4.3648,1.2563,4.6888,2.6023
4.3699,1.2512,4.6837,2.61
4.375,1.2537,4.6761,2.5972
4.3648,1.2614,4.6812,2.5972
4.3648,1.2537,4.6888,2.61
4.3699,1.2486,4.6787,2.6151
4.375,1.2614,4.6736,2.5998
4.3623,1.2614,4.6863,2.5972
4.3597,1.2486,4.6863,2.6151
4.375,1.2486,4.6736,2.6151
4.3725,1.2537,4.6736,2.6023
4.3648,1.2614,4.6761,2.6049
4.3623,1.2537,4.6837,2.6176
4.3648,1.2486,4.6787,2.6176
4.3725,1.2537,4.671,2.6049
4.3597,1.2588,4.6812,2.6074
4.3597,1.2537,4.6837,2.6176
4.375,1.2486,4.6685,2.6202
4.3699,1.2512,4.6659,2.6125
4.3648,1.2537,4.671,2.6151
4.3648,1.2537,4.671,2.6176
4.3648,1.2537,4.671,2.6176
4.3648,1.2537,4.6685,2.6176
4.3648,1.2563,4.6659,2.6176
4.3623,1.2537,4.6634,2.6253
4.3623,1.2537,4.6659,2.6202
4.3623,1.2588,4.6659,2.6176
4.3546,1.2537,4.671,2.6304
4.3597,1.2486,4.6557,2.6329
4.3648,1.2537,4.6557,2.6202
4.3521,1.2588,4.6608,2.6227
4.3521,1.2486,4.6659,2.6329
4.3572,1.2461,4.6557,2.6329
4.3648,1.2588,4.6506,2.6253
4.3496,1.2563,4.6634,2.6304
4.3521,1.2461,4.6659,2.6355
4.3648,1.2461,4.6506,2.6304
4.3623,1.2588,4.6506,2.6253
4.3521,1.2512,4.6634,2.6304
4.3572,1.2435,4.6557,2.6406
4.3648,1.2512,4.6506,2.6329
4.3572,1.2588,4.6583,2.6253
4.3496,1.2486,4.6608,2.6329
4.3572,1.2435,4.6557,2.638
4.3623,1.2512,4.6506,2.6329
4.3572,1.2563,4.6557,2.6278
4.3496,1.2512,4.6634,2.6329
4.3572,1.2435,4.6557,2.638
4.3623,1.2512,4.6506,2.6355
4.3648,1.2563,4.6557,2.6329
4.3521,1.2512,4.6659,2.6329
4.3572,1.241,4.6583,2.6355
4.3648,1.2512,4.6532,2.6304
4.3572,1.2563,4.6608,2.6278
4.3521,1.2512,4.6685,2.6304
4.3572,1.2435,4.6608,2.6355
4.3648,1.2486,4.6557,2.6278
4.3648,1.2563,4.6532,2.6227
4.3546,1.2563,4.6659,2.6278
4.3521,1.2435,4.6685,2.6355
4.3648,1.2435,4.6608,2.638
4.3648,1.2512,4.6532,2.6253
4.3572,1.2563,4.6583,2.6253
4.3496,1.2486,4.6634,2.6329
4.3572,1.241,4.6532,2.638
4.3623,1.2486,4.6481,2.6355
4.3546,1.2537,4.6506,2.6329
4.3445,1.2461,4.6557,2.6406
4.3572,1.2435,4.6506,2.6457
4.3597,1.2512,4.6404,2.6355
4.3521,1.2563,4.6455,2.6355
4.3419,1.2435,4.6506,2.6482
4.3496,1.2435,4.643,2.6508
4.3572,1.2486,4.6353,2.6457
4.3521,1.2537,4.6404,2.638
4.3419,1.241,4.6506,2.6533
4.3496,1.241,4.6328,2.6533
4.3546,1.2537,4.6328,2.6431
4.3419,1.2486,4.643,2.6482
4.347,1.2486,4.6353,2.6559
4.3521,1.2461,4.6277,2.6533
4.3496,1.2461,4.6328,2.6533
4.3368,1.2486,4.6379,2.661
4.347,1.2435,4.6226,2.6635
4.3546,1.2537,4.62,2.6533
4.3445,1.2537,4.6251,2.6533
4.3394,1.2384,4.6302,2.6686
4.3496,1.241,4.6175,2.6686
4.3496,1.2512,4.6149,2.6584
4.3368,1.2512,4.62,2.6661
4.3419,1.2461,4.62,2.6712
4.3496,1.2461,4.6124,2.6661
4.3419,1.2512,4.62,2.6635
4.3368,1.2435,4.6226,2.6661
4.3394,1.2359,4.6124,2.6763
4.347,1.2435,4.6098,2.6712
4.3419,1.2486,4.6149,2.6635
4.3343,1.2435,4.6175,2.6712
4.3394,1.2384,4.6124,2.6788
4.347,1.2435,4.6098,2.6712
4.3419,1.2486,4.6149,2.6661
4.3343,1.2435,4.6226,2.6686
4.3368,1.2359,4.6149,2.6763
4.3496,1.2359,4.6098,2.6712
4.3419,1.2486,4.6124,2.6661
4.3419,1.241,4.6226,2.6686
4.3419,1.2384,4.6149,2.6788
4.347,1.241,4.6098,2.6737
4.3419,1.241,4.6149,2.6661
4.3419,1.241,4.6149,2.6737
4.3368,1.241,4.6149,2.6737
4.3419,1.241,4.6149,2.6737
4.3419,1.2435,4.6149,2.6737
4.3419,1.241,4.6124,2.6763
4.3394,1.241,4.6124,2.6737
4.3419,1.2435,4.6124,2.6763
4.3419,1.241,4.6098,2.6788
4.3368,1.241,4.6073,2.6788
4.3343,1.241,4.6073,2.6763
4.3368,1.241,4.6073,2.6814
4.3419,1.241,4.6047,2.6737
4.3394,1.241,4.6047,2.6788
4.3368,1.241,4.6047,2.689
4.3394,1.241,4.6047,2.6814
4.3419,1.241,4.6073,2.6763
4.3394,1.241,4.6047,2.6788
4.3317,1.2333,4.6124,2.689
4.3445,1.2333,4.6022,2.6788
4.3445,1.2435,4.6022,2.6737
4.3343,1.2461,4.6124,2.6839
4.3343,1.2308,4.6073,2.689
4.3445,1.2384,4.6022,2.6788
4.3368,1.2461,4.6098,2.6737
4.3343,1.2384,4.6149,2.6814
4.3419,1.2384,4.6124,2.6788
4.3445,1.2384,4.6022,2.6814
4.3394,1.2384,4.6124,2.6737
4.3343,1.2384,4.6175,2.6814
4.3419,1.2308,4.6124,2.689
4.347,1.2384,4.6047,2.6788
4.347,1.2359,4.6098,2.6763
4.3343,1.2384,4.6175,2.6788
4.3394,1.2333,4.6124,2.6839
4.3496,1.2333,4.6047,2.6788
4.3496,1.2435,4.6047,2.6763
4.3343,1.241,4.6175,2.6814
4.3343,1.2359,4.6124,2.6865
4.3419,1.2308,4.6047,2.6814
4.347,1.2435,4.6047,2.6763
4.3368,1.241,4.6175,2.6839
4.3343,1.2308,4.6175,2.689
4.347,1.2359,4.6098,2.6839
4.3419,1.2359,4.6098,2.6814
4.3394,1.2282,4.6098,2.689
4.347,1.2435,4.6022,2.6788
4.3343,1.241,4.6149,2.6763
4.3368,1.2282,4.6149,2.689
4.3445,1.2359,4.6047,2.6814
4.3419,1.2435,4.6073,2.6763
4.3394,1.2359,4.6124,2.6865
4.3419,1.2282,4.6098,2.6916
4.347,1.2333,4.6098,2.6763
4.3419,1.2333,4.6073,2.689
4.3394,1.2308,4.6073,2.6916
4.3445,1.2333,4.6022,2.6865
4.3394,1.241,4.6047,2.6814
4.3317,1.2282,4.6098,2.6941
4.347,1.2282,4.5945,2.689
4.3368,1.2384,4.6022,2.6839
4.3292,1.2282,4.6073,2.6992
4.3445,1.2282,4.5945,2.6992
4.3419,1.2384,4.592,2.6865
4.3266,1.2384,4.6022,2.6941
4.3343,1.2282,4.5945,2.7018
4.3394,1.2333,4.5869,2.6967
4.3317,1.2435,4.5894,2.6941
4.3266,1.2359,4.5945,2.6992
4.3317,1.2308,4.5869,2.7069
4.3368,1.2435,4.5767,2.6967
4.3266,1.2435,4.5843,2.6941
4.3241,1.2282,4.5894,2.7094
4.3343,1.2282,4.5767,2.7018
4.3266,1.2384,4.5818,2.6992
4.3241,1.2333,4.5894,2.7018
4.3292,1.2308,4.5818,2.712
4.3343,1.2333,4.5767,2.6992
4.3292,1.241,4.5894,2.6992
4.3292,1.2333,4.5894,2.7043
4.3292,1.2333,4.5818,2.7043
4.3292,1.2333,4.5818,2.6992
4.3266,1.2359,4.5792,2.7069
4.3292,1.2282,4.5792,2.712
4.3343,1.2333,4.5741,2.7069
4.3241,1.241,4.5792,2.7094
4.3241,1.2359,4.5741,2.7094
4.3266,1.2359,4.5767,2.7145
4.3317,1.2435,4.569,2.7018
4.319,1.241,4.5818,2.7094
4.319,1.2308,4.5818,2.7145
4.3292,1.2282,4.5639,2.712
4.3317,1.241,4.5639,2.7043
4.3266,1.2359,4.5716,2.7094
4.3241,1.2359,4.5716,2.712
4.3241,1.2282,4.569,2.712
4.3317,1.2359,4.5639,2.712
4.3317,1.241,4.5639,2.7069
4.3164,1.241,4.569,2.7094
4.3241,1.2359,4.5716,2.712
4.3215,1.2359,4.5716,2.712
4.3292,1.2359,4.5639,2.712
4.3241,1.241,4.5741,2.7043
4.3164,1.2359,4.5792,2.7094
4.3241,1.2282,4.5716,2.7196
4.3317,1.2282,4.5639,2.7094
4.3292,1.241,4.5639,2.7043
4.319,1.241,4.5792,2.7069
4.3164,1.2359,4.5792,2.7196
4.3292,1.2308,4.5741,2.7171
4.3343,1.241,4.5665,2.7094
4.3241,1.241,4.5741,2.7043
4.319,1.2384,4.5792,2.7094
