1.311,1.1518,2.1883,1.1999
1.3059,1.1492,2.196,1.1922
1.3059,1.1518,2.196,1.1999
1.3059,1.1492,2.196,1.2075
1.3059,1.1518,2.196,1.1999
1.3136,1.1492,2.1934,1.1999
1.3059,1.1569,2.196,1.1948
1.3008,1.1569,2.2036,1.1999
1.3008,1.1441,2.2011,1.205
1.311,1.1467,2.1883,1.1999
1.3136,1.1569,2.1883,1.1922
1.3008,1.1543,2.2036,1.1922
1.3008,1.1441,2.2036,1.205
1.3085,1.1416,2.1883,1.205
1.3136,1.1492,2.1883,1.1948
1.3059,1.1569,2.196,1.1922
1.3059,1.1492,2.1985,1.205
1.3059,1.1518,2.2036,1.1999
1.3059,1.1441,2.196,1.2075
1.3136,1.1492,2.1909,1.1999
1.311,1.1543,2.1909,1.1948
1.3059,1.1543,2.1985,1.1922
1.3008,1.1416,2.2011,1.205
1.3059,1.1467,2.1985,1.205
1.3059,1.1492,2.1985,1.1999
1.3161,1.1518,2.1909,1.1948
1.3059,1.1569,2.1985,1.1922
1.3059,1.1492,2.196,1.1999
1.3059,1.1518,2.1985,1.1999
1.3059,1.1416,2.1985,1.205
1.311,1.1492,2.1909,1.1999
1.3136,1.1543,2.1909,1.1948
1.3059,1.1543,2.196,1.1948
1.3008,1.1492,2.2036,1.1999
1.3059,1.1416,2.196,1.205
1.3059,1.1492,2.196,1.1999
1.3059,1.1492,2.196,1.1999
1.3059,1.1543,2.196,1.1999
1.3008,1.1492,2.2036,1.1999
1.3085,1.1441,2.196,1.2075
1.3136,1.1416,2.1883,1.1999
1.3136,1.1518,2.1909,1.1922
1.3008,1.1543,2.1985,1.1948
1.3008,1.1492,2.2036,1.2075
1.311,1.1441,2.196,1.2075
1.3085,1.1492,2.196,1.1999
1.3085,1.1492,2.1883,1.1999
1.3059,1.1543,2.196,1.1922
1.3085,1.1518,2.1985,1.1999
1.3008,1.1492,2.2011,1.2075
1.3085,1.1416,2.196,1.2075
1.3059,1.1492,2.1985,1.1999
1.3161,1.1518,2.196,1.1999
1.3085,1.1569,2.196,1.1948
1.3008,1.1492,2.2036,1.1999
1.3008,1.1492,2.1985,1.1999
1.3085,1.1416,2.196,1.1999
1.3136,1.1492,2.1909,1.1999
1.3161,1.1543,2.1909,1.1922
1.3008,1.1543,2.2011,1.1948
1.3034,1.1416,2.2036,1.1999
1.3059,1.1416,2.196,1.2075
1.3161,1.1416,2.1909,1.205
1.3136,1.1492,2.1883,1.1948
1.3008,1.1543,2.2036,1.1999
1.3034,1.1441,2.2036,1.2075
1.3161,1.1416,2.1909,1.2075
1.3136,1.1492,2.1883,1.1948
1.3059,1.1467,2.1985,1.1948
1.3085,1.1467,2.196,1.1999
1.3034,1.1492,2.2036,1.1999
1.3085,1.1416,2.196,1.2075
1.3085,1.1492,2.196,1.1999
1.3085,1.1492,2.196,1.1999
1.311,1.1543,2.196,1.1999
1.3034,1.1467,2.2036,1.2024
1.3008,1.1416,2.196,1.2075
1.3136,1.1416,2.1909,1.1999
1.3136,1.1543,2.1909,1.1948
1.3085,1.1543,2.196,1.1948
1.3085,1.1492,2.1985,1.1999
1.3085,1.1492,2.196,1.2101
1.3059,1.1416,2.196,1.2024
1.3136,1.1492,2.1934,1.2024
1.311,1.1543,2.196,1.205
1.3085,1.1492,2.2011,1.2024
1.3059,1.1416,2.1985,1.2101
1.3136,1.1467,2.1909,1.2024
1.3136,1.1467,2.1985,1.1948
1.311,1.1492,2.1985,1.1999
1.3034,1.1492,2.2036,1.1999
1.3161,1.1416,2.1985,1.2075
1.3161,1.1467,2.1909,1.2024
1.3085,1.1467,2.1909,1.1999
1.3085,1.1518,2.1985,1.1948
1.3034,1.1467,2.2062,1.2024
1.3034,1.1416,2.2062,1.2101
1.3085,1.1467,2.1985,1.2024
1.3085,1.1467,2.1985,1.2024
1.3085,1.1543,2.1985,1.1999
1.3034,1.1467,2.1985,1.2024
1.311,1.1416,2.1985,1.2075
1.3136,1.139,2.1909,1.2024
1.3136,1.1467,2.1909,1.1948
1.3034,1.1543,2.196,1.1973
1.3034,1.1492,2.2036,1.2024
1.3085,1.139,2.1985,1.2075
1.3059,1.1467,2.1934,1.2024
1.3085,1.1441,2.196,1.2024
1.3085,1.1518,2.1985,1.1999
1.3008,1.1467,2.2062,1.1999
1.3085,1.1467,2.1985,1.2075
1.3085,1.1467,2.1985,1.2024
1.3161,1.1467,2.1909,1.2024
1.3136,1.1518,2.1909,1.1973
1.3085,1.1518,2.2062,1.1948
1.3008,1.1467,2.2062,1.1999
1.3085,1.1492,2.1985,1.2101
1.3059,1.139,2.1985,1.1999
1.3161,1.139,2.1909,1.1999
1.3136,1.1441,2.1934,1.1973
1.3034,1.1518,2.2036,1.1973
1.3008,1.1467,2.2036,1.2075
1.3059,1.139,2.1909,1.2101
1.3161,1.1467,2.1909,1.2024
1.3059,1.1518,2.1985,1.1973
1.3034,1.1467,2.2036,1.205
1.3059,1.139,2.1985,1.2101
1.3059,1.1467,2.1985,1.2024
1.3161,1.1518,2.196,1.1973
1.3008,1.1518,2.2062,1.1973
1.3034,1.139,2.2062,1.2075
1.3161,1.139,2.1909,1.2101
1.3161,1.1518,2.1934,1.1948
1.3034,1.1518,2.1985,1.1973
1.3034,1.1416,2.2062,1.2101
1.3085,1.139,2.1985,1.2101
1.3161,1.1467,2.1934,1.2024
1.311,1.1518,2.1985,1.1948
1.3008,1.1518,2.2062,1.1948
1.3008,1.1441,2.2036,1.2024
1.3085,1.1365,2.1985,1.2101
1.3059,1.1467,2.2011,1.2024
1.3161,1.1441,2.2011,1.205
1.311,1.1518,2.1985,1.205
1.3034,1.1467,2.2087,1.2024
1.3008,1.1416,2.2036,1.2101
1.3085,1.139,2.1985,1.2075
1.3136,1.1467,2.1934,1.2024
1.3085,1.1441,2.196,1.1948
1.3085,1.1467,2.1985,1.1999
1.3085,1.1467,2.2036,1.2101
1.311,1.139,2.1985,1.2101
1.3161,1.1467,2.1909,1.1999
1.3085,1.1441,2.196,1.1973
1.3085,1.1467,2.1934,1.205
1.3034,1.1467,2.2036,1.2024
1.311,1.1416,2.1985,1.205
1.3161,1.1467,2.1909,1.2024
1.3085,1.1518,2.1934,1.1973
1.3034,1.1467,2.2036,1.2024
1.3059,1.1416,2.196,1.2101
1.3161,1.1441,2.1909,1.205
1.311,1.1518,2.1985,1.1973
1.3085,1.1441,2.1985,1.1999
1.311,1.139,2.1985,1.2101
1.3161,1.1441,2.1909,1.2024
1.3161,1.1518,2.1985,1.1973
1.3034,1.1518,2.2036,1.2024
1.3034,1.139,2.2062,1.2101
1.3161,1.1416,2.1883,1.2101
1.3136,1.1467,2.1909,1.1973
1.3059,1.1518,2.1985,1.1948
1.3034,1.1467,2.2036,1.2101
1.3085,1.139,2.1909,1.2101
1.3161,1.1467,2.1909,1.1973
1.311,1.1467,2.1909,1.1973
1.3008,1.1518,2.2036,1.1973
1.3034,1.1416,2.2062,1.2075
1.3059,1.139,2.1909,1.2101
1.3085,1.1467,2.1985,1.2024
1.3085,1.1441,2.1985,1.2024
1.3085,1.1467,2.2036,1.2024
1.311,1.139,2.2011,1.2024
1.3161,1.1492,2.1934,1.1999
1.3085,1.1518,2.1985,1.1948
1.3034,1.1467,2.2062,1.2024
1.311,1.139,2.2011,1.2101
1.3161,1.139,2.1909,1.2024
1.3136,1.1518,2.1909,1.1973
1.3034,1.1543,2.196,1.1948
1.3034,1.1416,2.2036,1.2075
1.3085,1.139,2.1985,1.2075
1.3161,1.1441,2.1909,1.1948
1.3085,1.1518,2.1985,1.1973
1.3034,1.1492,2.2036,1.2075
1.3085,1.139,2.1985,1.2101
1.311,1.1467,2.1985,1.2024
1.311,1.1492,2.196,1.1973
1.3085,1.1467,2.1985,1.2024
1.3059,1.1467,2.1985,1.2024
1.3059,1.139,2.2062,1.2075
1.311,1.1416,2.1985,1.2075
1.3161,1.1467,2.1909,1.205
1.3085,1.1467,2.1985,1.1922
1.3085,1.1518,2.2036,1.1973
1.3034,1.1467,2.2062,1.2101
1.311,1.1467,2.1985,1.2075
1.311,1.1467,2.196,1.1999
1.3085,1.1467,2.1909,1.1999
1.3085,1.1518,2.196,1.1973
1.3085,1.1441,2.1985,1.1999
1.3085,1.1467,2.2036,1.2101
1.311,1.1416,2.1985,1.2101
1.3161,1.1467,2.1934,1.1999
1.3161,1.1518,2.1934,1.1973
1.3136,1.1518,2.1985,1.1948
1.3034,1.1467,2.2036,1.1999
1.311,1.139,2.1985,1.2101
1.3161,1.1467,2.1909,1.2024
1.3161,1.1441,2.1985,1.1973
1.311,1.1518,2.2062,1.1973
1.3034,1.1441,2.2062,1.2101
1.311,1.139,2.1985,1.2101
1.311,1.1416,2.1985,1.1999
1.3161,1.1467,2.1934,1.2024
1.311,1.1518,2.1985,1.2024
1.3059,1.1467,2.2036,1.2024
1.3059,1.139,2.2062,1.2101
1.3085,1.139,2.1934,1.2101
1.3161,1.1441,2.1934,1.2024
1.3085,1.1518,2.1985,1.1973
1.311,1.1441,2.196,1.205
1.311,1.1441,2.1985,1.205
1.311,1.139,2.1985,1.2075
1.3161,1.1467,2.1909,1.1948
1.3085,1.1492,2.1985,1.1948
1.311,1.1467,2.1985,1.2024
1.3034,1.139,2.2062,1.2101
1.311,1.139,2.1985,1.2101
1.3161,1.1441,2.1934,1.1973
1.311,1.1518,2.1985,1.1973
1.3085,1.1441,2.1985,1.2024
1.311,1.1441,2.2062,1.205
1.3085,1.139,2.1985,1.2101
1.3161,1.139,2.1909,1.205
1.3161,1.1518,2.196,1.1973
1.3085,1.1492,2.1985,1.205
1.3034,1.1441,2.2062,1.205
1.3008,1.1441,2.2011,1.2126
1.311,1.1416,2.1985,1.205
1.3161,1.1441,2.1934,1.205
1.311,1.1441,2.1985,1.2024
1.3034,1.1416,2.2062,1.205
1.311,1.1365,2.1985,1.205
1.3161,1.1441,2.1934,1.2075
1.3161,1.1492,2.1909,1.1973
1.3034,1.1518,2.2062,1.205
1.3034,1.139,2.2062,1.2101
1.3161,1.1365,2.1934,1.2101
1.3161,1.1441,2.1934,1.205
1.311,1.1467,2.1985,1.1973
1.3085,1.1492,2.1985,1.205
1.3034,1.1441,2.2062,1.205
1.3034,1.1441,2.1985,1.205
1.3085,1.1365,2.1985,1.2101
1.3161,1.139,2.1934,1.205
1.3161,1.1492,2.1909,1.1973
1.311,1.1518,2.1985,1.1973
1.311,1.1441,2.1985,1.2024
1.3059,1.1441,2.2062,1.2024
1.3034,1.139,2.2062,1.2101
1.3161,1.139,2.1985,1.2101
1.3161,1.1441,2.1909,1.1973
1.311,1.1441,2.1985,1.205
1.311,1.1518,2.1985,1.1973
1.3034,1.1518,2.2036,1.1973
1.3034,1.1441,2.2062,1.205
1.311,1.1467,2.1985,1.2024
1.311,1.139,2.1985,1.2101
1.311,1.1365,2.1934,1.2101
1.3161,1.1467,2.196,1.1948
1.311,1.1416,2.1985,1.1973
1.3085,1.1518,2.1985,1.205
1.3034,1.1518,2.2062,1.1948
1.3034,1.1416,2.2062,1.205
1.311,1.1441,2.2011,1.2101
1.311,1.139,2.1985,1.2101
1.311,1.139,2.1934,1.2101
1.3161,1.1441,2.1934,1.2024
1.3187,1.1441,2.1985,1.205
1.311,1.1518,2.2011,1.2024
1.311,1.1492,2.2062,1.1973
1.3034,1.1441,2.2087,1.2024
1.3034,1.139,2.2087,1.2101
1.3085,1.139,2.1985,1.2101
1.3161,1.139,2.2011,1.205
1.311,1.1441,2.196,1.205
1.3085,1.1518,2.2011,1.1973
1.3085,1.1441,2.2036,1.205
1.3034,1.1441,2.2062,1.2024
1.3034,1.139,2.2062,1.2101
1.311,1.139,2.2011,1.2101
1.3161,1.139,2.196,1.2024
1.3161,1.1441,2.1934,1.1973
1.3136,1.1518,2.1985,1.1948
1.3085,1.1416,2.2011,1.205
1.3059,1.1467,2.2087,1.2024
1.311,1.139,2.2011,1.2101
1.3161,1.1365,2.2011,1.2101
1.3161,1.1416,2.196,1.2024
1.3085,1.1467,2.2036,1.205
1.311,1.1441,2.2011,1.2024
1.3059,1.1441,2.2062,1.205
1.311,1.1467,2.1985,1.2024
1.311,1.1441,2.2011,1.1999
1.3161,1.1441,2.1934,1.2024
1.3161,1.1492,2.196,1.1973
1.3034,1.1518,2.1985,1.1973
1.3059,1.1467,2.2062,1.2024
1.3034,1.139,2.2087,1.2101
1.311,1.139,2.1934,1.2101
1.3161,1.1441,2.1934,1.205
1.311,1.1416,2.1985,1.1973
1.311,1.1492,2.2011,1.1999
1.3059,1.1467,2.2062,1.205
1.3034,1.139,2.2087,1.2101
1.311,1.1365,2.2036,1.2101
1.3085,1.1416,2.2011,1.205
1.311,1.1441,2.2011,1.2024
1.311,1.1518,2.2036,1.1973
1.311,1.1518,2.2011,1.205
1.3034,1.1441,2.2011,1.2024
1.311,1.139,2.2011,1.2101
1.311,1.1467,2.2036,1.2024
1.3161,1.1416,2.2036,1.2024
1.311,1.1492,2.2011,1.1973
1.3059,1.1441,2.2087,1.2024
1.3034,1.1365,2.2062,1.2101
1.3085,1.1365,2.2011,1.2024
1.3161,1.1365,2.196,1.205
1.3161,1.1416,2.196,1.205
1.3085,1.1416,2.2011,1.205
1.311,1.1441,2.2011,1.1973
1.3085,1.1441,2.2011,1.205
1.3034,1.1441,2.2087,1.205
1.3034,1.1365,2.2087,1.2101
1.3161,1.1365,2.2011,1.2101
1.3085,1.1416,2.2011,1.205
1.3161,1.1441,2.196,1.205
1.3161,1.1492,2.196,1.1973
1.311,1.1492,2.2036,1.2024
1.3008,1.1441,2.2087,1.205
1.3034,1.1441,2.2087,1.2101
1.311,1.1365,2.2011,1.2101
1.311,1.1416,2.2011,1.205
1.3161,1.1441,2.2036,1.2024
1.311,1.1467,2.2011,1.1973
1.3059,1.1492,2.2011,1.1973
1.3059,1.1416,2.2087,1.2101
1.311,1.139,2.2011,1.2101
1.3085,1.1441,2.2036,1.205
1.311,1.1416,2.2011,1.2024
1.311,1.1518,2.2087,1.1973
1.3059,1.139,2.2087,1.2101
1.311,1.1339,2.2011,1.2075
1.311,1.1416,2.1934,1.205
1.311,1.1492,2.2011,1.1973
1.3034,1.1441,2.2011,1.205
1.3059,1.1365,2.2087,1.2101
1.311,1.1339,2.2011,1.2101
1.3161,1.1441,2.1934,1.205
1.311,1.1416,2.196,1.1999
1.3085,1.1492,2.2036,1.1973
1.3034,1.1416,2.2087,1.2101
1.311,1.1416,2.2011,1.2075
1.311,1.1416,2.2036,1.205
1.3161,1.1416,2.196,1.205
1.3161,1.1492,2.196,1.1999
1.3136,1.1467,2.2011,1.1999
1.3136,1.1441,2.2011,1.205
1.3059,1.1416,2.2062,1.205
1.3059,1.1365,2.2087,1.2101
1.3085,1.1339,2.2011,1.2126
1.3161,1.1441,2.196,1.1999
1.311,1.1467,2.2011,1.1973
1.3136,1.1416,2.2011,1.205
1.311,1.1416,2.2011,1.2075
1.311,1.1365,2.2011,1.2075
1.3161,1.1416,2.196,1.205
1.3161,1.1467,2.196,1.1973
1.3136,1.1492,2.2062,1.1999
1.3034,1.139,2.2062,1.205
1.311,1.1416,2.2036,1.2126
1.311,1.1416,2.2036,1.205
1.3136,1.139,2.196,1.2075
1.3161,1.1467,2.1985,1.1999
1.3034,1.1467,2.2087,1.1999
1.3059,1.139,2.2087,1.2126
1.311,1.1416,2.2036,1.2126
1.311,1.1416,2.2011,1.205
1.3187,1.1416,2.196,1.2075
1.3187,1.1467,2.196,1.1999
1.311,1.1467,2.2036,1.1973
1.3059,1.1416,2.2087,1.205
1.311,1.1416,2.2011,1.2101
1.311,1.1339,2.2011,1.205
1.3161,1.1416,2.196,1.205
1.3161,1.1416,2.1985,1.2075
1.3136,1.1492,2.2011,1.1999
1.3059,1.1492,2.2087,1.2075
1.3059,1.1339,2.2087,1.2126
1.311,1.1365,2.2011,1.2101
1.3187,1.1416,2.1985,1.1999
1.311,1.139,2.2011,1.1999
1.311,1.1467,2.2011,1.2075
1.3059,1.1492,2.2087,1.2075
1.3059,1.1416,2.2062,1.2101
1.311,1.1339,2.2036,1.2126
1.3136,1.1416,2.2036,1.205
1.3187,1.1416,2.196,1.1999
1.3161,1.1467,2.2011,1.1999
1.311,1.139,2.2036,1.205
1.3059,1.1441,2.2011,1.2075
1.311,1.1365,2.2036,1.2126
1.3187,1.1339,2.196,1.2075
1.3187,1.1416,2.196,1.1999
1.3059,1.1467,2.2036,1.1999
1.3059,1.139,2.2087,1.205
1.3136,1.1416,2.2087,1.2101
1.3161,1.1365,2.2011,1.2126
1.3187,1.139,2.1985,1.2075
1.3161,1.1492,2.2036,1.1999
1.3136,1.1416,2.2036,1.205
1.3136,1.139,2.2087,1.205
1.3136,1.1339,2.2036,1.205
1.3187,1.139,2.1934,1.2075
1.3136,1.1467,2.2036,1.2024
1.3136,1.139,2.2011,1.205
1.3059,1.1416,2.2113,1.2075
1.3136,1.1416,2.2011,1.2126
1.3136,1.1339,2.2036,1.205
1.3161,1.139,2.1985,1.2075
1.3136,1.139,2.2011,1.2075
1.3136,1.139,2.2062,1.205
1.3059,1.1416,2.2087,1.205
1.311,1.1339,2.2036,1.2126
1.3212,1.1416,2.196,1.205
1.3187,1.1467,2.1985,1.1999
1.3085,1.1467,2.2087,1.2024
1.3085,1.1416,2.2087,1.2101
1.3161,1.1339,2.2011,1.2126
1.3136,1.1416,2.2011,1.2075
1.3187,1.1416,2.2036,1.2075
1.311,1.1467,2.2036,1.1999
1.3059,1.1441,2.2087,1.205
1.3059,1.1416,2.2087,1.205
1.311,1.1314,2.2036,1.2126
1.3212,1.1339,2.196,1.2101
1.3187,1.1467,2.196,1.1999
1.3136,1.1467,2.2087,1.2024
1.3059,1.139,2.2087,1.2075
1.3136,1.1339,2.2036,1.2126
1.3136,1.1339,2.196,1.2126
1.3187,1.1416,2.196,1.1999
1.3136,1.1467,2.2036,1.1999
1.3136,1.1467,2.2087,1.2024
1.3059,1.1339,2.2087,1.205
1.3136,1.1339,2.2011,1.2126
1.3161,1.1339,2.1985,1.2075
1.3187,1.1467,2.1934,1.2024
1.3059,1.1467,2.2036,1.1999
1.3034,1.139,2.2087,1.2075
1.311,1.1416,2.2036,1.2152
1.311,1.1339,2.2036,1.2075
1.3161,1.139,2.196,1.2101
1.311,1.1467,2.2036,1.2024
1.311,1.139,2.2036,1.2075
1.3059,1.1416,2.2036,1.2075
1.311,1.1339,2.2036,1.2126
1.3161,1.1314,2.2036,1.2075
1.3187,1.139,2.196,1.2075
1.3161,1.1467,2.196,1.2024
1.3136,1.1467,2.2087,1.2024
1.311,1.1441,2.2087,1.2075
1.3059,1.1339,2.2087,1.2126
1.311,1.1339,2.2036,1.2152
1.3161,1.139,2.1985,1.2075
1.311,1.1416,2.1985,1.1999
1.311,1.1467,2.2036,1.1999
1.3059,1.139,2.2113,1.205
1.3136,1.1416,2.2036,1.2101
1.311,1.139,2.2062,1.2075
1.3161,1.1416,2.196,1.2075
1.311,1.1467,2.2036,1.1999
1.3059,1.1492,2.2087,1.205
1.3059,1.1416,2.2113,1.2101
1.311,1.1365,2.2036,1.2126
1.3212,1.1416,2.1985,1.205
1.3212,1.1467,2.196,1.1973
