0.92354,0.29521,0.41679,0.49098
0.91589,0.29011,0.42444,0.49098
0.91589,0.28246,0.42444,0.49863
0.92354,0.28246,0.41169,0.49863
0.92864,0.29521,0.41169,0.48588
0.92099,0.29521,0.41679,0.48588
0.92354,0.28756,0.42444,0.49353
0.92354,0.28756,0.41679,0.49353
0.92354,0.27991,0.41679,0.49353
0.92864,0.28756,0.41424,0.49353
0.92864,0.29521,0.41169,0.48588
0.91589,0.29521,0.41934,0.48588
0.91589,0.29011,0.42444,0.49608
0.92354,0.28246,0.41934,0.49863
0.92864,0.29011,0.41169,0.49353
0.92354,0.29521,0.41679,0.48588
0.91589,0.28756,0.42444,0.49353
0.92354,0.27991,0.41934,0.49863
0.92609,0.28756,0.40914,0.48588
0.92099,0.29521,0.41679,0.48588
0.91844,0.29011,0.42444,0.49098
0.92354,0.28246,0.41934,0.49608
0.92864,0.28756,0.41169,0.49098
0.92354,0.28756,0.41169,0.48588
0.91589,0.29521,0.42444,0.48333
0.91589,0.28756,0.42444,0.49353
0.92354,0.28246,0.41934,0.49863
0.92864,0.28756,0.41169,0.49098
0.92864,0.29266,0.41424,0.48333
0.91589,0.29521,0.42444,0.49098
0.91589,0.29011,0.42444,0.49863
0.92864,0.28501,0.41169,0.49863
0.92864,0.29521,0.41424,0.48588
0.92354,0.29521,0.41679,0.48588
0.91589,0.28501,0.42444,0.49608
0.93119,0.28501,0.41679,0.49863
0.92609,0.28756,0.41169,0.48588
0.91589,0.29521,0.42444,0.48588
0.91844,0.28501,0.42444,0.49863
0.92864,0.28501,0.41169,0.49608
0.92864,0.29521,0.41169,0.48588
0.92354,0.29521,0.42444,0.48588
0.91844,0.28756,0.42444,0.49608
0.92354,0.28246,0.41679,0.49863
0.92354,0.29011,0.41934,0.49353
0.92354,0.29011,0.41679,0.49098
0.92354,0.29011,0.41679,0.49353
0.91589,0.29011,0.42444,0.49353
0.92354,0.28756,0.41679,0.49863
0.92864,0.28501,0.41424,0.48588
0.92354,0.29521,0.41424,0.48588
0.91589,0.29011,0.42444,0.48843
0.92354,0.28246,0.41679,0.49863
0.92609,0.28246,0.41169,0.49863
0.92864,0.29011,0.41169,0.48588
0.92099,0.29521,0.41934,0.48588
0.92354,0.29011,0.41679,0.49098
0.91589,0.29266,0.41679,0.49098
0.92099,0.28246,0.41679,0.49863
0.92864,0.28246,0.41169,0.49863
0.92864,0.29521,0.40914,0.48588
0.92354,0.29011,0.41679,0.48588
0.92354,0.28756,0.41679,0.49098
0.91589,0.28756,0.42444,0.49098
0.91589,0.28246,0.42444,0.50118
0.92864,0.28246,0.41424,0.49353
0.92864,0.28501,0.41169,0.49353
0.92864,0.29266,0.41169,0.48588
0.91589,0.29521,0.42444,0.48588
0.91589,0.28756,0.42444,0.49353
0.92099,0.29011,0.41679,0.49608
0.92354,0.28756,0.41934,0.49353
0.92609,0.29011,0.41169,0.49353
0.92099,0.28756,0.41679,0.49353
0.91589,0.29011,0.42189,0.49098
0.92354,0.28246,0.41934,0.49098
0.92864,0.29011,0.41424,0.49353
0.92864,0.29521,0.41934,0.48588
0.91589,0.29266,0.42189,0.49098
0.91589,0.28756,0.42444,0.49353
0.92354,0.27991,0.41679,0.49608
0.92864,0.28501,0.41424,0.49353
0.92864,0.29266,0.40914,0.48588
0.92354,0.29521,0.41679,0.48588
0.92354,0.28756,0.41934,0.49353
0.91334,0.28756,0.41679,0.49353
0.92354,0.28246,0.41169,0.49608
0.92864,0.29011,0.41169,0.49098
0.92099,0.28501,0.41679,0.49098
0.92099,0.28756,0.41934,0.49353
0.91589,0.29011,0.42189,0.49353
0.92354,0.28756,0.41679,0.49098
0.92354,0.28246,0.41679,0.49098
0.92864,0.29011,0.41169,0.49098
0.92864,0.29521,0.41169,0.48588
0.92354,0.29521,0.42189,0.48588
0.91844,0.29011,0.42444,0.49098
0.92354,0.29011,0.41679,0.49608
0.92099,0.29011,0.41679,0.49353
0.92864,0.28756,0.41424,0.49353
0.92354,0.29521,0.41679,0.48588
0.91334,0.29521,0.42444,0.48588
0.91589,0.28756,0.42444,0.49863
0.92354,0.28756,0.41934,0.49863
0.92864,0.28246,0.41424,0.49863
0.92864,0.29011,0.41169,0.49353
0.92354,0.29266,0.41679,0.48588
0.91844,0.29521,0.42444,0.49098
0.91589,0.29011,0.42444,0.49098
0.92354,0.28246,0.41424,0.49863
0.92864,0.27991,0.41169,0.49098
0.92864,0.29521,0.41169,0.48588
0.91844,0.29521,0.41679,0.48588
0.91589,0.29521,0.42444,0.49353
0.91589,0.28501,0.41679,0.49353
0.92354,0.28246,0.41679,0.49353
0.92864,0.28501,0.41169,0.49098
0.92864,0.29266,0.41169,0.48588
0.91589,0.29521,0.42444,0.48333
0.91844,0.27991,0.42444,0.49863
0.92354,0.28246,0.41679,0.49863
0.92354,0.29011,0.41934,0.49353
0.92354,0.29011,0.41169,0.49353
0.92354,0.29521,0.41679,0.48588
0.92354,0.28501,0.41934,0.48588
0.91589,0.28756,0.42444,0.49863
0.92354,0.29011,0.41934,0.49353
0.92354,0.28756,0.41679,0.49353
0.92864,0.28756,0.41934,0.49098
0.92354,0.29266,0.41679,0.49098
0.91844,0.28756,0.42444,0.49098
0.91844,0.28246,0.42444,0.49608
0.92864,0.27991,0.41424,0.49353
0.92864,0.29521,0.41169,0.48588
0.91589,0.29266,0.41934,0.48588
0.91589,0.28756,0.42444,0.49863
0.92099,0.27991,0.41934,0.49863
0.92099,0.29011,0.41679,0.49098
0.92099,0.28756,0.41424,0.48588
0.92354,0.29521,0.41934,0.48588
0.92099,0.29521,0.41679,0.49353
0.91589,0.29521,0.42444,0.49098
0.91589,0.28756,0.42444,0.49863
0.92354,0.28246,0.41934,0.49863
0.92354,0.28756,0.41679,0.49098
0.92864,0.28501,0.41169,0.49353
0.92354,0.29521,0.41679,0.49353
0.91589,0.28756,0.42444,0.49353
0.91589,0.28246,0.42444,0.49863
0.92864,0.28246,0.41169,0.49608
0.92864,0.29521,0.41424,0.48588
0.92354,0.29521,0.41934,0.48588
0.91589,0.29011,0.42444,0.49353
0.92354,0.28756,0.41679,0.49863
0.92354,0.28756,0.41679,0.49353
0.92864,0.28756,0.41424,0.49353
0.92354,0.29266,0.41679,0.48588
0.92354,0.28756,0.41934,0.49353
0.91589,0.28756,0.42444,0.49098
0.92354,0.28246,0.41934,0.49098
0.92864,0.28246,0.41169,0.49098
0.92864,0.29521,0.41169,0.48843
0.92354,0.29521,0.41934,0.48588
0.91589,0.28756,0.42444,0.49098
0.92354,0.29011,0.41679,0.49863
0.92099,0.27991,0.41934,0.49098
0.92864,0.28756,0.41169,0.49353
0.92354,0.29521,0.41934,0.48588
0.91589,0.29521,0.42444,0.49353
0.91589,0.28246,0.42444,0.49863
0.92864,0.28246,0.41424,0.49098
0.92864,0.29521,0.41424,0.48588
0.92354,0.29011,0.41679,0.49353
0.92354,0.28756,0.41934,0.49863
0.92354,0.29011,0.41679,0.49098
0.93119,0.29011,0.41424,0.49098
0.92354,0.29521,0.41934,0.48588
0.91589,0.29521,0.42444,0.49608
0.91589,0.29011,0.42444,0.49608
0.92354,0.28501,0.41934,0.49863
0.92099,0.28756,0.41679,0.49098
0.93119,0.29011,0.41424,0.49353
0.92864,0.29521,0.41424,0.48588
0.92354,0.29521,0.41679,0.48588
0.91589,0.28756,0.42444,0.48843
0.92354,0.29011,0.41679,0.49608
0.92099,0.28756,0.41679,0.49353
0.92864,0.28756,0.41679,0.49353
0.92354,0.29521,0.41679,0.48588
0.91589,0.29011,0.41679,0.49353
0.92354,0.28246,0.41679,0.49863
0.92354,0.28756,0.41679,0.49098
0.92354,0.29011,0.41679,0.49098
0.92099,0.29521,0.41679,0.49098
0.91844,0.29011,0.42444,0.49353
0.92099,0.28246,0.41679,0.49863
0.93119,0.28246,0.41169,0.49353
0.92864,0.28756,0.41169,0.48843
0.92354,0.29521,0.41679,0.48843
0.91844,0.28756,0.42444,0.49098
0.92354,0.28756,0.41679,0.49863
0.92354,0.28246,0.41679,0.49863
0.92864,0.28756,0.41424,0.48588
0.92099,0.29266,0.41934,0.48588
0.92354,0.28756,0.41679,0.49098
0.91589,0.28756,0.42444,0.49098
0.92354,0.29011,0.41679,0.49863
0.92099,0.28246,0.41679,0.49098
0.92864,0.28246,0.41424,0.49098
0.92864,0.28756,0.41679,0.49353
0.92354,0.29521,0.41424,0.48588
0.91589,0.29521,0.42444,0.48588
0.91589,0.29011,0.42444,0.49353
0.91589,0.29011,0.42189,0.49608
0.92354,0.28246,0.41679,0.49863
0.92354,0.29011,0.41679,0.49098
0.92864,0.29011,0.41424,0.49353
0.92864,0.29521,0.41169,0.48588
0.91589,0.29266,0.42444,0.48843
0.91589,0.28756,0.42444,0.49863
0.92354,0.28246,0.41934,0.49608
0.92354,0.29011,0.41679,0.49098
0.92609,0.28756,0.41169,0.49098
0.92099,0.29521,0.41679,0.48333
0.92354,0.29521,0.42189,0.48588
0.91589,0.29011,0.42444,0.49098
0.92354,0.29011,0.41679,0.49863
0.92354,0.28246,0.41679,0.49863
0.92864,0.29011,0.41169,0.48588
0.92354,0.29521,0.41679,0.48588
0.92354,0.28756,0.41679,0.49353
0.91589,0.28756,0.42444,0.49098
0.91589,0.28246,0.42444,0.49608
0.92864,0.28246,0.41169,0.49353
0.92864,0.29521,0.41424,0.48588
0.91334,0.29266,0.42189,0.48588
0.91589,0.28756,0.42444,0.49098
0.92354,0.28756,0.41679,0.49098
0.93119,0.28756,0.41934,0.49098
0.92354,0.29521,0.41679,0.49098
0.91589,0.28756,0.42189,0.49098
0.91589,0.28501,0.42444,0.49863
0.92864,0.28501,0.41424,0.49353
0.92864,0.29266,0.41169,0.48588
0.92354,0.29521,0.42444,0.48588
0.91589,0.28756,0.42444,0.49863
0.92354,0.28246,0.41934,0.49608
0.92354,0.28756,0.41679,0.49098
0.92864,0.29521,0.41169,0.48588
0.92354,0.29266,0.41679,0.48843
0.91844,0.28756,0.42444,0.49098
0.92354,0.29011,0.42444,0.50118
0.92864,0.28246,0.41169,0.49353
0.92864,0.29521,0.41169,0.48588
0.92354,0.29521,0.41679,0.48588
0.92354,0.28501,0.41934,0.49098
0.91844,0.28501,0.41934,0.49098
0.92354,0.28246,0.41679,0.49863
0.92864,0.28756,0.41169,0.49353
0.92354,0.28756,0.41679,0.48588
0.92354,0.28756,0.41934,0.49353
0.91589,0.28756,0.42444,0.49098
0.92354,0.28246,0.41934,0.49863
0.92099,0.29011,0.41169,0.49098
0.92354,0.28756,0.41679,0.48588
0.92354,0.28756,0.41679,0.49353
0.91589,0.28756,0.42189,0.49098
0.91589,0.27991,0.42699,0.49863
0.92354,0.27991,0.41169,0.49863
0.92864,0.29011,0.41169,0.49353
0.92354,0.29266,0.41424,0.48588
0.92099,0.29011,0.41679,0.49353
0.92354,0.29011,0.41679,0.49353
0.92354,0.29011,0.41679,0.49098
0.93119,0.28756,0.41169,0.49098
0.92354,0.29521,0.41679,0.48588
0.91589,0.29521,0.42444,0.48843
0.91589,0.28501,0.42444,0.49608
0.92354,0.28246,0.41934,0.49863
0.92354,0.29011,0.41679,0.49353
0.92864,0.29011,0.41169,0.49353
0.92864,0.28756,0.41424,0.48588
0.92609,0.29521,0.41934,0.48588
0.92354,0.29011,0.41934,0.48588
0.91589,0.29011,0.42444,0.49098
0.92354,0.28246,0.41679,0.49863
0.92099,0.29011,0.41679,0.49353
0.92354,0.28756,0.41424,0.49353
0.92354,0.29521,0.41679,0.48588
0.91589,0.29521,0.42444,0.49353
0.91844,0.28246,0.42189,0.49863
0.92354,0.28246,0.41934,0.49863
0.92864,0.28756,0.41169,0.48588
0.92354,0.29521,0.41679,0.48588
0.92354,0.28756,0.41679,0.49353
0.91589,0.28756,0.42189,0.49353
0.92354,0.28246,0.41934,0.49863
0.92864,0.28246,0.40914,0.49608
0.92864,0.28756,0.41169,0.48333
0.92354,0.28756,0.41679,0.48588
0.92354,0.29011,0.41679,0.49098
0.91844,0.28756,0.42444,0.49353
0.91589,0.29011,0.42444,0.49863
0.92354,0.28246,0.41679,0.49863
0.92864,0.28246,0.41169,0.49098
0.93119,0.29521,0.41424,0.48588
0.92609,0.29521,0.41424,0.48588
0.91589,0.28756,0.42444,0.49353
0.92354,0.29011,0.42444,0.49098
0.92354,0.28246,0.41679,0.49098
0.92864,0.28756,0.41169,0.49098
0.92864,0.29521,0.41169,0.48588
0.92354,0.29521,0.42444,0.48843
0.91844,0.28246,0.42444,0.50118
0.92864,0.28246,0.41169,0.49863
0.93119,0.28501,0.41169,0.48588
0.92354,0.29266,0.41679,0.48588
0.91844,0.29011,0.42444,0.49353
0.91844,0.27991,0.42444,0.50118
0.92354,0.28246,0.41424,0.49608
0.92864,0.29011,0.41169,0.48588
0.91844,0.29521,0.41679,0.48588
0.91589,0.29011,0.42189,0.49863
0.92864,0.27991,0.41679,0.49608
0.92864,0.28501,0.41169,0.49353
0.92354,0.29521,0.41934,0.48588
0.92354,0.28756,0.41679,0.49353
0.92099,0.28756,0.41679,0.49353
0.92099,0.28246,0.41679,0.49353
0.92864,0.28246,0.41169,0.49098
0.93119,0.29521,0.41169,0.48843
0.92354,0.28756,0.41679,0.49098
0.91589,0.28756,0.42444,0.49353
0.92354,0.28246,0.41679,0.49608
0.92864,0.29011,0.41424,0.49353
0.92609,0.28756,0.41679,0.48843
0.92609,0.29521,0.42444,0.48588
0.91589,0.28756,0.42189,0.49353
0.92864,0.28501,0.41679,0.49608
0.92864,0.28756,0.40914,0.49098
0.92354,0.29521,0.41679,0.48588
0.92354,0.28756,0.41679,0.49098
0.92354,0.28756,0.42189,0.49353
0.92354,0.28246,0.41679,0.49863
0.92864,0.29011,0.41169,0.49353
0.92099,0.29011,0.41679,0.49353
0.92609,0.29266,0.41679,0.49098
0.91589,0.29011,0.42189,0.49353
0.92354,0.28246,0.41679,0.49863
0.93119,0.28246,0.41424,0.49353
0.92864,0.28756,0.41169,0.49353
0.92354,0.29521,0.41679,0.48588
0.91589,0.29011,0.42444,0.49098
0.92354,0.29011,0.41679,0.49608
0.92099,0.28756,0.41679,0.49353
0.92864,0.29011,0.41934,0.49353
0.92099,0.29521,0.41679,0.49353
0.92354,0.28756,0.42444,0.49098
0.92354,0.28246,0.41679,0.50118
0.92354,0.28756,0.41424,0.49353
0.92354,0.28501,0.41934,0.48588
0.92354,0.29011,0.41424,0.49098
0.91589,0.27991,0.42189,0.49098
0.92354,0.28246,0.41679,0.49353
0.92609,0.28756,0.41424,0.49098
0.92354,0.28756,0.41424,0.49098
0.92354,0.28756,0.41679,0.49098
0.92354,0.29011,0.41679,0.49353
0.92354,0.28756,0.41934,0.48588
0.91844,0.28756,0.42444,0.49353
0.92354,0.28246,0.41679,0.49863
0.92864,0.29011,0.41169,0.49353
0.92354,0.29521,0.41679,0.48588
0.91589,0.28246,0.42444,0.49098
0.92609,0.28246,0.41679,0.49863
0.92864,0.29011,0.41169,0.48588
0.92354,0.29521,0.41679,0.48588
0.91589,0.29011,0.42189,0.49863
0.92099,0.28246,0.41679,0.49863
0.93119,0.28501,0.41169,0.48588
0.91589,0.29521,0.42189,0.48588
0.91589,0.28246,0.42444,0.49608
0.92864,0.28246,0.41169,0.49863
0.92354,0.29011,0.41934,0.49353
0.92609,0.29266,0.41679,0.49098
0.91844,0.28756,0.41679,0.49098
0.92354,0.28246,0.41679,0.49353
0.92864,0.29011,0.41169,0.49353
0.92354,0.29521,0.41679,0.48843
0.91589,0.28756,0.42189,0.49608
0.92354,0.28246,0.41679,0.49608
0.92864,0.28501,0.41169,0.48588
0.92354,0.29521,0.42189,0.48588
0.91589,0.28756,0.42444,0.49098
0.92354,0.28756,0.41679,0.49863
0.92354,0.27991,0.41679,0.49098
0.92864,0.29011,0.40914,0.49098
0.92354,0.28756,0.41424,0.48588
0.91844,0.28246,0.42444,0.49863
0.92354,0.27991,0.40914,0.50118
0.92864,0.29521,0.41169,0.49353
0.92099,0.29521,0.41679,0.48588
0.91844,0.28756,0.42444,0.49098
0.91844,0.28246,0.42189,0.49608
0.92354,0.28756,0.41679,0.49353
0.92354,0.29521,0.41679,0.48588
0.91589,0.29011,0.42444,0.49098
0.92354,0.28756,0.41679,0.49863
0.92099,0.28756,0.41679,0.49353
0.92864,0.29011,0.41679,0.49353
0.92354,0.29521,0.41424,0.48588
0.91844,0.28756,0.42189,0.49353
0.92354,0.28756,0.41934,0.49863
0.92864,0.28756,0.41169,0.49353
0.92354,0.28756,0.41679,0.48588
0.91589,0.29011,0.42444,0.49353
0.92354,0.28246,0.41679,0.49608
0.92864,0.28501,0.41169,0.49353
0.92354,0.29521,0.41679,0.48588
0.92099,0.29011,0.42444,0.49098
0.92354,0.28246,0.41679,0.49863
0.92354,0.28756,0.41679,0.49098
0.92864,0.29266,0.40914,0.48588
0.91589,0.29521,0.42444,0.48588
0.91589,0.28756,0.41679,0.49098
0.92354,0.28756,0.41679,0.49353
0.92354,0.28756,0.41169,0.49353
0.92354,0.29521,0.41679,0.48843
0.91844,0.28756,0.41679,0.49098
0.92354,0.29011,0.41679,0.49353
0.92864,0.29011,0.41424,0.49353
0.92354,0.29521,0.41679,0.48588
0.91844,0.29011,0.42189,0.49353
0.92354,0.28246,0.41679,0.49863
0.92864,0.28246,0.40914,0.49098
0.92864,0.29521,0.41169,0.48588
0.91589,0.29521,0.42444,0.48588
0.91844,0.29011,0.42444,0.49863
0.92354,0.28246,0.40914,0.49608
0.92864,0.29521,0.41169,0.48843
0.91844,0.29521,0.42444,0.48588
0.91844,0.28756,0.42444,0.49608
0.92864,0.28246,0.40914,0.49098
0.92864,0.29521,0.41169,0.48588
0.91844,0.29521,0.42189,0.49608
0.91844,0.28246,0.42444,0.49608
0.92354,0.28246,0.41169,0.49608
0.92864,0.28756,0.40914,0.49353
0.92354,0.28756,0.41934,0.48588
0.92609,0.28756,0.41679,0.49098
0.91589,0.28756,0.42444,0.49098
0.92354,0.27991,0.41424,0.49098
0.92864,0.28756,0.41169,0.49098
0.92354,0.29521,0.41679,0.48588
0.91844,0.29266,0.42189,0.48843
0.91589,0.28246,0.42444,0.49863
0.92864,0.28246,0.41934,0.49098
0.92354,0.28756,0.41679,0.49098
0.92354,0.28756,0.41679,0.49353
0.91589,0.29011,0.42444,0.49353
0.91844,0.29011,0.41679,0.49608
0.92609,0.29011,0.41679,0.49353
0.92354,0.29011,0.41679,0.49353
0.92354,0.28756,0.41934,0.49608
0.92354,0.28756,0.41679,0.49353
0.92609,0.28246,0.41679,0.49098
0.93119,0.28756,0.41169,0.49353
0.92354,0.29266,0.41424,0.49353
0.91844,0.29266,0.42444,0.49098
0.91589,0.27991,0.42189,0.49863
0.92354,0.28246,0.41679,0.49863
0.93119,0.29266,0.41169,0.48588
0.92354,0.29521,0.41934,0.49098
0.91589,0.28756,0.42444,0.49353
0.92354,0.27991,0.41679,0.49353
0.92864,0.28756,0.41169,0.49098
0.92354,0.29521,0.41679,0.48843
0.91589,0.28756,0.42444,0.49353
0.92354,0.28246,0.41679,0.49863
0.92864,0.28756,0.41169,0.49353
0.92354,0.29521,0.41424,0.48588
0.91589,0.28756,0.42444,0.49098
0.92354,0.28246,0.41679,0.49863
0.92864,0.28501,0.40914,0.49353
0.92609,0.29521,0.41679,0.48843
0.92099,0.28756,0.41424,0.49353
0.91589,0.27991,0.42444,0.49608
0.92609,0.28246,0.41679,0.49353
0.92864,0.28756,0.40914,0.49098
0.92354,0.29521,0.41424,0.48843
0.91589,0.28756,0.42444,0.49353
0.91589,0.28246,0.42189,0.49863
0.92864,0.28246,0.41679,0.49353
0.92354,0.29011,0.41169,0.49353
0.92609,0.29011,0.41424,0.49353
0.92354,0.29011,0.42444,0.49863
0.92354,0.28246,0.41934,0.49863
0.92864,0.28501,0.41169,0.49353
0.92354,0.29521,0.41679,0.48588
0.91589,0.28756,0.42444,0.49353
