3.3401,1.2104,3.185,1.9955
3.3325,1.2053,3.1926,2.0006
3.3376,1.2027,3.185,2.0006
3.3401,1.2053,3.185,1.9955
3.3427,1.2027,3.185,2.0006
3.3401,1.1976,3.185,2.0082
3.3503,1.2027,3.1799,2.0031
3.3427,1.2129,3.1824,1.9955
3.335,1.1976,3.1926,2.0006
3.3401,1.2053,3.1799,2.0031
3.3427,1.2129,3.185,1.9955
3.3325,1.1976,3.1926,2.0082
3.3477,1.2002,3.1824,2.0006
3.3427,1.2129,3.185,1.9955
3.335,1.2027,3.1926,2.0006
3.3427,1.2053,3.185,2.0006
3.3401,1.2129,3.185,1.9955
3.335,1.2053,3.1901,2.0082
3.3452,1.1976,3.1799,2.0031
3.3477,1.2078,3.1773,1.9955
3.335,1.2027,3.1926,2.0031
3.3401,1.1976,3.185,2.0006
3.3503,1.2053,3.1799,2.0006
3.3427,1.2104,3.185,2.0006
3.3427,1.2002,3.185,2.0082
3.3503,1.2027,3.1773,1.9955
3.3427,1.2129,3.1875,1.9955
3.3376,1.2053,3.1901,2.0057
3.3503,1.1976,3.1773,2.0006
3.3401,1.2053,3.185,1.9955
3.3376,1.2053,3.1926,2.0031
3.3452,1.1976,3.1799,2.0082
3.3503,1.2104,3.1799,1.9929
3.335,1.2053,3.1901,2.0006
3.3427,1.2002,3.185,2.0006
3.3427,1.2053,3.185,1.9955
3.3376,1.2053,3.1901,2.0006
3.3427,1.2002,3.1799,2.0057
3.3427,1.2129,3.185,1.9955
3.335,1.2053,3.185,2.0006
3.3427,1.2053,3.185,2.0031
3.3427,1.2129,3.1875,1.9955
3.3376,1.2053,3.1952,2.0082
3.3477,1.2002,3.1773,2.0006
3.3427,1.2104,3.185,1.9955
3.335,1.2053,3.1901,2.0057
3.3477,1.2002,3.1773,2.0006
3.3427,1.2104,3.185,2.0006
3.335,1.2053,3.1926,2.0031
3.3401,1.2027,3.185,2.0031
3.3427,1.2129,3.1875,1.9955
3.335,1.2053,3.1901,2.0006
3.3401,1.2078,3.185,2.0006
3.3401,1.2129,3.1875,1.9955
3.335,1.2053,3.1901,2.0006
3.3427,1.2053,3.1875,2.0006
3.335,1.2104,3.185,1.9955
3.335,1.2002,3.1926,2.0057
3.3503,1.2053,3.1875,2.0006
3.3427,1.2053,3.1875,2.0006
3.3427,1.2078,3.1901,2.0057
3.3503,1.2027,3.1773,2.0006
3.3427,1.2053,3.185,1.9955
3.3401,1.1976,3.185,2.0057
3.3452,1.2027,3.1875,2.0031
3.3427,1.2053,3.185,2.0031
3.3401,1.2002,3.185,2.0082
3.3477,1.2129,3.1799,2.0031
3.335,1.2053,3.1952,2.0006
3.3376,1.2002,3.1875,2.0082
3.3477,1.2104,3.1824,1.9929
3.335,1.2129,3.1926,2.0006
3.335,1.2002,3.1875,2.0006
3.3477,1.2027,3.1799,2.0006
3.3427,1.2053,3.1875,2.0006
3.3401,1.2053,3.185,2.0006
3.3401,1.2027,3.1875,2.0057
3.3452,1.2104,3.1799,1.9955
3.335,1.2053,3.1926,2.0006
3.3401,1.2002,3.185,2.0057
3.3452,1.2027,3.1799,1.9955
3.3401,1.2104,3.1926,1.9955
3.335,1.1976,3.1926,2.0057
3.3452,1.1976,3.1773,2.0006
3.3401,1.2104,3.1875,1.9955
3.335,1.2053,3.1926,2.0031
3.3401,1.1976,3.185,1.998
3.3452,1.2104,3.185,1.9955
3.335,1.2078,3.1926,2.0006
3.3427,1.2027,3.185,2.0006
3.3427,1.2129,3.1875,1.9955
3.335,1.2053,3.1926,2.0108
3.3477,1.1976,3.1799,2.0006
3.3427,1.2129,3.185,1.9955
3.3325,1.2027,3.1926,2.0006
3.3376,1.2078,3.185,2.0006
3.3401,1.2053,3.185,1.9955
3.335,1.2053,3.1952,2.0057
3.3452,1.1976,3.1824,2.0057
3.3401,1.2104,3.1875,1.998
3.335,1.2053,3.1926,2.0006
3.3401,1.1976,3.185,2.0006
3.3401,1.2053,3.1799,2.0006
3.3427,1.2027,3.1875,1.998
3.3401,1.2002,3.185,2.0082
3.3503,1.2027,3.1799,1.9955
3.3401,1.2129,3.1875,2.0006
3.3401,1.2027,3.185,2.0006
3.3401,1.2078,3.1875,2.0031
3.3376,1.2053,3.185,1.9955
3.3401,1.2053,3.1875,2.0006
3.3401,1.1976,3.1875,2.0082
3.3452,1.2027,3.1824,2.0006
3.3401,1.2129,3.1926,1.9955
3.335,1.2078,3.1952,2.0006
3.3401,1.1976,3.185,2.0082
3.3401,1.2053,3.1875,2.0006
3.335,1.2129,3.1926,2.0006
3.3427,1.2027,3.1875,2.0057
3.3477,1.2053,3.1799,2.0006
3.3427,1.2129,3.1875,1.9929
3.3325,1.2027,3.1952,2.0006
3.3401,1.2053,3.185,2.0006
3.3401,1.2027,3.1875,2.0031
3.3401,1.2053,3.185,2.0006
3.3401,1.1976,3.1875,2.0057
3.3503,1.2053,3.1799,2.0006
3.335,1.2104,3.185,1.9955
3.335,1.2053,3.1926,2.0057
3.3452,1.1976,3.1799,2.0006
3.3452,1.2129,3.185,1.9955
3.335,1.2053,3.1901,2.0006
3.3503,1.2002,3.1799,2.0057
3.3452,1.2053,3.1824,1.9929
3.335,1.2104,3.1926,1.9955
3.335,1.2002,3.185,2.0057
3.3452,1.2053,3.1773,2.0006
3.3401,1.2053,3.185,2.0006
3.3427,1.1976,3.1875,2.0057
3.3477,1.2027,3.1773,2.0031
3.3427,1.2027,3.185,2.0006
3.3427,1.2053,3.1875,2.0057
3.3401,1.2053,3.1824,2.0006
3.3452,1.2104,3.1875,1.9955
3.3376,1.1976,3.1926,2.0006
3.3427,1.1976,3.1875,2.0006
3.3401,1.2027,3.1875,1.9955
3.335,1.2053,3.1926,2.0006
3.3477,1.2002,3.1773,2.0006
3.3427,1.2104,3.185,2.0006
3.3401,1.2078,3.185,2.0057
3.3477,1.2027,3.1824,2.0031
3.335,1.2104,3.1926,1.9929
3.335,1.2002,3.1952,2.0082
3.3477,1.1976,3.1824,2.0006
3.3376,1.2129,3.1875,1.9955
3.335,1.2078,3.1952,2.0006
3.3401,1.2002,3.185,2.0082
3.3477,1.2104,3.1824,1.9955
3.335,1.2053,3.1901,2.0006
3.3376,1.2002,3.1875,2.0057
3.3452,1.2027,3.1799,1.9955
3.335,1.2129,3.1926,2.0031
3.3401,1.1976,3.1875,2.0057
3.3376,1.2053,3.1824,2.0006
3.3401,1.2053,3.1875,1.9955
3.3401,1.2078,3.1901,2.0057
3.3452,1.2129,3.1824,2.0006
3.335,1.2129,3.1977,1.9955
3.3401,1.1951,3.1875,2.0006
3.3452,1.2053,3.1824,2.0006
3.335,1.2027,3.1901,2.0006
3.3376,1.2002,3.1875,2.0057
3.3452,1.2104,3.1824,1.9955
3.335,1.2104,3.1952,2.0006
3.3401,1.2053,3.1875,2.0057
3.3452,1.2027,3.1824,2.0006
3.3401,1.2129,3.1875,1.9955
3.335,1.2002,3.1952,2.0006
3.3452,1.2002,3.1799,2.0031
3.3401,1.2104,3.1875,2.0006
3.3401,1.2053,3.185,2.0006
3.3452,1.2053,3.1799,1.9955
3.3325,1.2129,3.1952,1.9955
3.335,1.2002,3.1952,2.0057
3.3452,1.2027,3.1824,2.0006
3.3401,1.2129,3.1875,1.9955
3.3325,1.2078,3.1926,2.0031
3.3401,1.2002,3.1875,2.0082
3.3452,1.2129,3.185,1.9955
3.335,1.2129,3.1952,1.9955
3.3376,1.2053,3.1926,2.0006
3.3452,1.1951,3.1824,2.0057
3.3477,1.2129,3.1824,1.9955
3.335,1.2053,3.1952,2.0006
3.3401,1.1976,3.1875,2.0006
3.3401,1.2053,3.1875,2.0006
3.3376,1.2053,3.1901,2.0031
3.335,1.2002,3.1875,2.0057
3.3452,1.2053,3.1824,2.0031
3.335,1.2129,3.1901,1.9955
3.335,1.2002,3.1952,2.0057
3.3452,1.2027,3.1824,2.0031
3.3376,1.2104,3.1875,1.9955
3.3325,1.2053,3.1875,2.0031
3.3401,1.2027,3.1824,2.0031
3.3376,1.2129,3.1875,1.9929
3.3401,1.2078,3.1926,2.0006
3.3376,1.1976,3.185,2.0006
3.3401,1.2053,3.1824,2.0031
3.3401,1.2027,3.1875,2.0006
3.3401,1.2002,3.185,2.0057
3.3452,1.2053,3.1824,2.0006
3.3401,1.2027,3.1875,2.0006
3.3376,1.2002,3.1875,2.0082
3.3452,1.2053,3.1824,2.0031
3.3401,1.2104,3.1952,2.0006
3.3401,1.2027,3.185,2.0082
3.3401,1.2078,3.1875,2.0031
3.3427,1.2053,3.1875,2.0082
3.3376,1.1976,3.185,2.0082
3.3452,1.2104,3.1824,1.9955
3.335,1.2104,3.1952,2.0031
3.3401,1.1976,3.1875,2.0082
3.3452,1.2053,3.1824,2.0006
3.3376,1.2129,3.1875,2.0031
3.3401,1.2027,3.1875,2.0031
3.3376,1.2053,3.185,2.0031
3.3401,1.2053,3.185,2.0006
3.3427,1.2053,3.1875,2.0006
3.3376,1.2002,3.1875,2.0082
3.3452,1.2104,3.1824,1.9955
3.335,1.2129,3.1952,2.0006
3.3376,1.1976,3.185,2.0082
3.3477,1.2104,3.1824,1.9955
3.3325,1.2053,3.1952,2.0031
3.3376,1.2078,3.1875,2.0031
3.3427,1.2027,3.1875,2.0006
3.3401,1.2104,3.1952,2.0006
3.3376,1.2002,3.1875,2.0031
3.3427,1.2053,3.1799,2.0031
3.3427,1.2129,3.185,2.0006
3.3401,1.2078,3.1875,2.0057
3.3376,1.2053,3.1799,2.0031
3.3376,1.2104,3.1875,1.9955
3.3325,1.2027,3.1926,2.0031
3.3376,1.1976,3.1875,2.0082
3.3452,1.2078,3.1799,2.0031
3.3401,1.2129,3.1875,1.9955
3.3325,1.2053,3.1926,2.0031
3.3401,1.2002,3.1875,2.0031
3.3452,1.2053,3.1875,2.0031
3.3401,1.2104,3.185,2.0006
3.335,1.2053,3.1926,2.0006
3.3401,1.2002,3.1875,2.0031
3.3477,1.2078,3.1875,2.0031
3.3427,1.2104,3.185,2.0031
3.3427,1.2053,3.185,2.0031
3.3401,1.2027,3.185,2.0031
3.3401,1.2104,3.1875,1.9955
3.3376,1.2053,3.1901,2.0031
3.3477,1.2002,3.1824,2.0057
3.3427,1.2129,3.185,1.9955
3.3376,1.2053,3.1952,2.0031
3.3401,1.2002,3.1875,2.0031
3.3427,1.2078,3.185,2.0031
3.3401,1.2027,3.1875,2.0031
3.3427,1.2053,3.1875,2.0108
3.3477,1.2027,3.1824,1.998
3.335,1.2129,3.1926,1.9955
3.3427,1.1976,3.185,2.0057
3.3503,1.2027,3.185,2.0031
3.3427,1.2078,3.185,2.0006
3.3427,1.1976,3.1875,2.0082
3.3503,1.2027,3.1773,1.9955
3.335,1.2129,3.1901,2.0031
3.3427,1.2002,3.1875,2.0082
3.3427,1.2027,3.185,2.0031
3.335,1.2053,3.1901,2.0031
3.3427,1.2002,3.1799,2.0082
3.3452,1.2129,3.185,1.9955
3.3376,1.2027,3.185,2.0031
3.3503,1.2053,3.1799,2.0031
3.3427,1.2104,3.1875,1.998
3.3376,1.2002,3.1926,2.0082
3.3427,1.2002,3.185,2.0082
3.3503,1.2129,3.1773,1.9955
3.335,1.2129,3.1901,2.0031
3.3452,1.1976,3.185,2.0108
3.3503,1.2053,3.1773,2.0031
3.3452,1.2129,3.185,1.998
3.3401,1.2053,3.1901,2.0031
3.3427,1.1976,3.185,2.0031
3.3452,1.2053,3.1799,2.0031
3.3452,1.2129,3.1875,2.0031
3.3427,1.2053,3.1901,2.0082
3.3503,1.2027,3.1799,2.0057
3.335,1.2053,3.1901,2.0031
3.3503,1.2002,3.1799,2.0031
3.3452,1.2104,3.185,1.998
3.3376,1.2053,3.185,2.0057
3.3452,1.2027,3.1875,2.0031
3.3452,1.2129,3.1824,1.998
3.3376,1.2053,3.1926,2.0031
3.3452,1.2078,3.185,2.0031
3.3427,1.2129,3.185,1.9955
3.3376,1.1976,3.1926,2.0082
3.3477,1.2078,3.1799,2.0031
3.3452,1.2027,3.185,2.0031
3.3427,1.2078,3.1875,2.0082
3.3503,1.2078,3.1773,2.0031
3.3452,1.2104,3.1824,1.9955
3.3376,1.1976,3.185,2.0082
3.3427,1.2027,3.1773,2.0031
3.3427,1.2027,3.1875,2.0031
3.3427,1.2002,3.185,2.0082
3.3503,1.2129,3.1773,1.998
3.3376,1.2053,3.1926,2.0031
3.3427,1.2002,3.185,2.0031
3.3452,1.2129,3.185,1.9955
3.3376,1.2027,3.1901,2.0108
3.3503,1.1976,3.1773,2.0031
3.3427,1.2129,3.185,2.0031
3.3452,1.2053,3.1875,2.0082
3.3528,1.2027,3.1824,2.0031
3.335,1.2129,3.1926,2.0031
3.3452,1.1976,3.185,2.0031
3.3503,1.2027,3.1799,1.9955
3.335,1.2129,3.1901,1.9955
3.335,1.2002,3.1926,2.0108
3.3503,1.2053,3.1773,2.0031
3.3427,1.2104,3.185,1.9955
3.3376,1.2078,3.1875,2.0006
3.3452,1.2078,3.185,2.0031
3.3427,1.2104,3.185,1.9955
3.335,1.2053,3.1901,2.0082
3.3477,1.2078,3.1773,2.0006
3.3427,1.2129,3.185,2.0006
3.3401,1.2002,3.185,2.0082
3.3477,1.2129,3.1824,1.9955
3.335,1.2053,3.1926,2.0031
3.3427,1.2002,3.185,2.0031
3.3452,1.2053,3.185,1.9955
3.335,1.2053,3.1926,2.0082
3.3503,1.2078,3.1824,2.0031
3.335,1.2078,3.1926,2.0006
3.3477,1.2002,3.1799,2.0031
3.3427,1.2129,3.1875,1.9929
3.335,1.2053,3.1926,2.0006
3.3427,1.2078,3.185,2.0031
3.3427,1.2053,3.1875,1.9955
3.335,1.2027,3.1952,2.0006
3.3427,1.2002,3.1799,2.0057
3.3503,1.2104,3.1799,1.9955
3.335,1.2027,3.1926,2.0006
3.3477,1.2002,3.1875,2.0057
3.3477,1.2104,3.1824,1.998
3.335,1.2053,3.1952,2.0006
3.3427,1.2053,3.1875,2.0057
3.3401,1.2027,3.185,2.0031
3.335,1.2027,3.1926,1.998
3.3477,1.1976,3.1901,2.0082
3.3427,1.2104,3.1875,2.0031
3.3376,1.2027,3.185,2.0006
3.3477,1.2027,3.1824,2.0006
3.335,1.2129,3.185,2.0006
3.3401,1.2002,3.1875,2.0057
3.3401,1.2078,3.185,1.9955
3.335,1.2053,3.1952,2.0031
3.3477,1.2002,3.1824,2.0031
3.3401,1.2129,3.1875,1.9955
3.335,1.2002,3.1952,2.0057
3.3503,1.2027,3.1824,1.9955
3.335,1.2104,3.1926,2.0006
3.3401,1.1976,3.1824,2.0082
3.3452,1.2129,3.1824,1.9955
3.335,1.2027,3.1952,2.0031
3.3401,1.2027,3.1875,2.0031
3.3401,1.2104,3.1875,1.9955
3.335,1.2027,3.1875,2.0006
3.3401,1.2053,3.1875,2.0006
3.3401,1.2129,3.1875,1.9955
3.335,1.1976,3.1926,2.0006
3.3452,1.2053,3.1824,2.0006
3.335,1.2104,3.1875,1.9955
3.335,1.2002,3.1952,2.0057
3.3452,1.2078,3.1799,2.0006
3.335,1.2104,3.1875,1.9955
3.335,1.2027,3.1926,2.0082
3.3452,1.2002,3.1824,2.0031
3.3401,1.2129,3.1875,1.9955
3.335,1.2053,3.1926,2.0006
3.3427,1.2053,3.1875,2.0082
3.3427,1.2078,3.1824,2.0006
3.3427,1.2129,3.1875,2.0006
3.3401,1.2053,3.1875,2.0057
3.3503,1.2053,3.1824,2.0006
3.3401,1.2104,3.1875,1.9929
3.335,1.2078,3.1952,2.0082
3.3401,1.1976,3.1901,2.0082
3.3477,1.2104,3.1824,1.9955
3.335,1.2104,3.1926,2.0006
3.3401,1.2002,3.1875,2.0057
3.3477,1.2053,3.1824,2.0031
3.3427,1.2129,3.1926,1.9955
3.3401,1.1976,3.1875,2.0057
3.3477,1.2053,3.1824,2.0006
3.3427,1.2078,3.1875,2.0006
3.3427,1.1976,3.185,2.0082
3.3427,1.2129,3.1875,1.9955
3.335,1.1976,3.1952,2.0057
3.3503,1.2078,3.1799,2.0006
3.3427,1.2053,3.1875,2.0006
3.3376,1.1976,3.1926,2.0082
3.3503,1.2053,3.1799,2.0031
3.3452,1.2104,3.1875,2.0006
3.3503,1.1976,3.1875,2.0082
3.3503,1.2027,3.1799,1.9955
3.3376,1.2129,3.1926,2.0031
3.3427,1.2053,3.185,2.0082
3.3427,1.2053,3.1875,1.9955
3.3401,1.2078,3.1926,2.0057
3.3503,1.2002,3.1799,2.0057
3.3503,1.2129,3.1799,1.9955
3.3376,1.2078,3.1926,2.0006
3.3427,1.2053,3.1875,2.0006
3.3452,1.2053,3.185,1.9929
3.3376,1.2053,3.1901,2.0057
3.3427,1.2002,3.1799,2.0082
3.3427,1.2129,3.185,1.9955
3.3376,1.1976,3.1901,2.0057
3.3503,1.2053,3.1799,2.0031
3.3452,1.2129,3.185,1.998
3.335,1.2078,3.1926,2.0031
3.3452,1.2027,3.185,2.0006
3.3452,1.2053,3.1875,1.9955
3.335,1.2053,3.1926,2.0082
3.3452,1.2002,3.1875,2.0057
3.3503,1.2027,3.185,2.0006
3.3452,1.2053,3.185,2.0006
3.3427,1.1976,3.185,2.0082
3.3477,1.2053,3.1799,2.0031
3.3452,1.2129,3.1875,2.0006
3.3452,1.2053,3.1875,2.0031
3.3503,1.2027,3.1824,2.0006
3.3376,1.2129,3.185,1.9955
3.3427,1.2002,3.1875,2.0082
3.3452,1.2053,3.185,2.0031
3.3452,1.2078,3.185,2.0006
3.3427,1.1976,3.1824,2.0082
3.3503,1.2129,3.1773,1.9955
3.3376,1.2053,3.1926,2.0006
3.3427,1.2078,3.1875,2.0031
3.3452,1.2078,3.185,1.9955
3.3376,1.2027,3.1926,2.0006
3.3427,1.2002,3.185,2.0031
3.3503,1.2053,3.1799,2.0031
3.3452,1.2078,3.185,2.0006
3.3427,1.1976,3.185,2.0082
3.3528,1.2027,3.1799,1.9955
3.3427,1.2129,3.1926,1.9929
3.335,1.2078,3.1875,2.0082
3.3503,1.2053,3.1824,1.9955
3.335,1.2129,3.185,2.0031
3.3503,1.2002,3.185,2.0082
3.3503,1.2129,3.1799,1.9955
3.3452,1.2053,3.1926,2.0031
3.3452,1.1976,3.1773,2.0031
3.3452,1.2053,3.1875,2.0031
3.3427,1.2053,3.185,2.0108
3.3503,1.2053,3.1824,1.9955
3.335,1.2129,3.1926,1.998
3.3376,1.2002,3.1926,2.0082
3.3528,1.2078,3.1799,2.0006
3.3452,1.2129,3.1926,1.998
3.3401,1.2002,3.1926,2.0082
3.3503,1.2002,3.1773,2.0057
3.3528,1.2129,3.1824,1.998
3.3401,1.2078,3.1926,2.0031
3.3452,1.1976,3.1875,2.0031
3.3427,1.2053,3.185,1.9955
3.335,1.2078,3.1926,2.0031
3.3427,1.1976,3.185,2.0082
3.3503,1.2053,3.1799,2.0031
3.3452,1.2027,3.1875,2.0006
3.3452,1.2053,3.1875,2.0057
3.3528,1.2053,3.1773,1.9955
3.3376,1.2053,3.1901,2.0006
3.3452,1.1976,3.185,2.0006
3.3503,1.2129,3.1799,1.998
3.3376,1.2053,3.1926,2.0031
3.3452,1.2002,3.185,2.0031
3.3452,1.2129,3.185,1.9929
3.335,1.2053,3.1926,2.0082
3.3554,1.2002,3.1773,2.0108
3.3452,1.2104,3.185,1.9955
3.3401,1.2002,3.1926,2.0057
3.3528,1.2027,3.185,2.0006
3.3452,1.2053,3.185,2.0031
3.3452,1.2078,3.185,2.0082
