2.973,1.3073,3.1442,1.9215
2.9756,1.3124,3.1416,1.9164
2.9654,1.3022,3.1518,1.9292
2.9832,1.3047,3.1365,1.9241
2.973,1.3047,3.1442,1.9215
2.9756,1.3047,3.1416,1.9266
2.9807,1.3047,3.1365,1.9241
2.9705,1.3124,3.1442,1.9164
2.9679,1.3073,3.1493,1.9241
2.9756,1.2996,3.1442,1.9241
2.9832,1.3047,3.1365,1.9241
2.9756,1.3047,3.1442,1.9215
2.9756,1.2971,3.1416,1.9317
2.9832,1.3073,3.1365,1.9241
2.9781,1.3124,3.1416,1.919
2.9679,1.2971,3.1493,1.9292
2.9832,1.3073,3.1365,1.9241
2.9756,1.3149,3.1416,1.919
2.9679,1.3073,3.1493,1.9241
2.9781,1.3047,3.1416,1.9241
2.9832,1.3124,3.1365,1.9164
2.9679,1.3047,3.1493,1.9241
2.9832,1.2996,3.1442,1.9292
2.9832,1.3047,3.134,1.9164
2.9756,1.3124,3.1467,1.919
2.9679,1.2996,3.1493,1.9292
2.9832,1.3047,3.134,1.9241
2.9781,1.3124,3.1493,1.919
2.9705,1.3073,3.1493,1.9292
2.9781,1.3022,3.1365,1.9317
2.9807,1.3098,3.1365,1.919
2.9679,1.3047,3.1467,1.9241
2.9756,1.3022,3.1442,1.9317
2.9832,1.3098,3.134,1.919
2.9679,1.3098,3.1442,1.9215
2.9756,1.2996,3.1416,1.9241
2.9832,1.3047,3.1365,1.9215
2.9781,1.3124,3.1416,1.919
2.9781,1.3047,3.1467,1.9241
2.9781,1.3047,3.1416,1.9215
2.9781,1.3047,3.1416,1.9164
2.973,1.3047,3.1467,1.9241
2.9807,1.3047,3.1442,1.9241
2.9781,1.3047,3.1391,1.919
2.973,1.3073,3.1467,1.9215
2.9781,1.2996,3.1416,1.9241
2.9781,1.3124,3.1416,1.9164
2.973,1.2971,3.1493,1.9292
2.9858,1.2971,3.134,1.9215
2.9781,1.3124,3.1416,1.9241
2.973,1.3047,3.1467,1.9241
2.9807,1.2996,3.1365,1.9292
2.9858,1.3124,3.1365,1.9164
2.973,1.3047,3.1467,1.9241
2.9781,1.3047,3.1416,1.9215
2.9807,1.3124,3.1467,1.9164
2.973,1.2996,3.1467,1.9292
2.9781,1.3047,3.1391,1.9241
2.9781,1.3149,3.1416,1.9164
2.973,1.3047,3.1365,1.9215
2.9858,1.3047,3.134,1.9139
2.9807,1.3124,3.1467,1.9139
2.973,1.3047,3.1467,1.9292
2.9858,1.2996,3.134,1.9241
2.9807,1.3098,3.1416,1.9139
2.9756,1.2996,3.1467,1.9215
2.9807,1.2971,3.1391,1.9292
2.9858,1.3047,3.1391,1.9215
2.9756,1.3073,3.1467,1.9292
2.9883,1.3022,3.1314,1.9241
2.9858,1.3124,3.1365,1.9164
2.973,1.3124,3.1442,1.9241
2.9807,1.2996,3.1365,1.9292
2.9883,1.3073,3.134,1.9164
2.9781,1.3124,3.1391,1.9241
2.9756,1.3047,3.1365,1.9241
2.9807,1.3047,3.1391,1.9241
2.9807,1.3073,3.1391,1.9139
2.9756,1.3047,3.1442,1.9241
2.9832,1.2996,3.1391,1.9292
2.9909,1.3047,3.1314,1.9215
2.9756,1.3124,3.1442,1.919
2.9756,1.2996,3.1442,1.9317
2.9883,1.3073,3.1314,1.9241
2.9832,1.3047,3.1416,1.9241
2.9858,1.2996,3.1314,1.9266
2.9883,1.3149,3.1314,1.919
2.9756,1.3047,3.1442,1.9241
2.9832,1.2996,3.134,1.9292
2.9883,1.3047,3.134,1.9164
2.9781,1.3124,3.1442,1.919
2.9756,1.3022,3.1467,1.9292
2.9807,1.3047,3.1391,1.9241
2.9883,1.3149,3.134,1.919
2.9756,1.3047,3.1442,1.9241
2.9832,1.3022,3.1365,1.9215
2.9883,1.3073,3.1314,1.919
2.9832,1.3124,3.1467,1.919
2.9756,1.2996,3.1442,1.9292
2.9883,1.3022,3.134,1.9317
2.9883,1.3098,3.1314,1.919
2.9756,1.3124,3.1416,1.9241
2.9756,1.3022,3.1442,1.9292
2.9883,1.3047,3.134,1.9241
2.9807,1.3149,3.1416,1.9164
2.9832,1.3073,3.1391,1.9241
2.9832,1.3047,3.1391,1.9266
2.9883,1.3098,3.1314,1.9164
2.9756,1.3124,3.1442,1.9241
2.9832,1.3022,3.1365,1.9317
2.9883,1.3047,3.1365,1.9241
2.9832,1.3124,3.1365,1.9241
2.9858,1.3073,3.1442,1.9241
2.9807,1.3073,3.1391,1.9241
2.9832,1.3124,3.1391,1.9164
2.9756,1.3047,3.1442,1.9317
2.9781,1.2996,3.1365,1.9292
2.9858,1.3073,3.134,1.919
2.9756,1.3124,3.1467,1.9241
2.9807,1.2996,3.1391,1.9292
2.9883,1.3047,3.134,1.9241
2.9807,1.3149,3.1467,1.919
2.9756,1.3073,3.1467,1.9292
2.9858,1.3022,3.1365,1.9317
2.9883,1.3098,3.134,1.9164
2.973,1.3073,3.1467,1.9215
2.9807,1.3022,3.1391,1.9241
2.9807,1.3047,3.134,1.9241
2.9807,1.3073,3.1391,1.9241
2.9781,1.3047,3.1416,1.9292
2.9883,1.3073,3.134,1.9241
2.973,1.3149,3.1442,1.9164
2.9756,1.2971,3.1442,1.9292
2.9858,1.3022,3.1365,1.9292
2.9858,1.3124,3.134,1.919
2.973,1.3047,3.1467,1.9241
2.9807,1.2996,3.1391,1.9292
2.9858,1.3073,3.1365,1.9241
2.9781,1.3149,3.1416,1.919
2.973,1.3073,3.1467,1.9317
2.9883,1.2996,3.1416,1.9317
2.9858,1.3124,3.134,1.9164
2.973,1.3149,3.1467,1.919
2.9756,1.3022,3.1467,1.9266
2.9858,1.2996,3.134,1.9241
2.9832,1.3124,3.134,1.919
2.973,1.3047,3.1467,1.9241
2.9781,1.2996,3.1416,1.9292
2.9858,1.3047,3.1365,1.9266
2.9781,1.3124,3.1391,1.9164
2.973,1.3098,3.1416,1.9241
2.9781,1.2996,3.1416,1.9241
2.9807,1.3073,3.1416,1.9241
2.9705,1.3073,3.1493,1.9317
2.9781,1.3022,3.1391,1.9317
2.9858,1.3124,3.134,1.919
2.973,1.3073,3.1493,1.9241
2.9807,1.3047,3.1416,1.9215
2.9781,1.3149,3.1416,1.919
2.973,1.3073,3.1467,1.9292
2.9832,1.2996,3.1365,1.9241
2.9807,1.3124,3.1391,1.919
2.9781,1.3073,3.1442,1.9241
2.9781,1.3073,3.1391,1.9241
2.9781,1.3124,3.1391,1.9164
2.973,1.3073,3.1467,1.9266
2.9858,1.3022,3.1365,1.9241
2.9781,1.3124,3.1416,1.9241
2.9705,1.3073,3.1467,1.9241
2.9807,1.3047,3.1416,1.9215
2.9756,1.3073,3.1416,1.9164
2.973,1.3073,3.1467,1.9292
2.9781,1.3022,3.134,1.9292
2.9858,1.3149,3.134,1.919
2.973,1.3124,3.1467,1.9241
2.9781,1.2996,3.1442,1.9266
2.9858,1.3073,3.134,1.9241
2.9807,1.3149,3.1391,1.919
2.9756,1.3047,3.1467,1.9241
2.9781,1.2996,3.1416,1.9317
2.9858,1.3124,3.134,1.919
2.973,1.3047,3.1467,1.9241
2.9781,1.2996,3.1416,1.9292
2.9858,1.3047,3.134,1.9241
2.9781,1.3124,3.1416,1.9241
2.973,1.3047,3.1467,1.9241
2.9781,1.3047,3.1416,1.9241
2.9781,1.3073,3.1416,1.919
2.9807,1.3073,3.1416,1.9241
2.9807,1.3022,3.1391,1.9317
2.9858,1.3047,3.1314,1.9241
2.9781,1.3149,3.1391,1.919
2.973,1.3073,3.1442,1.9241
2.9858,1.2996,3.1416,1.9292
2.9858,1.3047,3.134,1.919
2.973,1.3124,3.1467,1.919
2.973,1.2996,3.1442,1.9317
2.9858,1.3047,3.134,1.9241
2.9807,1.3149,3.1416,1.9241
2.9756,1.3098,3.1442,1.9241
2.9781,1.3022,3.1391,1.9241
2.9807,1.3047,3.1416,1.9241
2.9781,1.3047,3.1416,1.9241
2.9832,1.3073,3.1391,1.9241
2.9781,1.3047,3.1416,1.9241
2.9807,1.3047,3.134,1.919
2.973,1.3149,3.1467,1.9241
2.9807,1.2996,3.1416,1.9292
2.9858,1.3047,3.134,1.9241
2.9807,1.3149,3.1416,1.9241
2.9756,1.3047,3.1442,1.9241
2.9832,1.3073,3.1416,1.9241
2.9883,1.3073,3.1391,1.9241
2.9807,1.3047,3.1391,1.9266
2.9832,1.3022,3.1391,1.9317
2.9858,1.3073,3.134,1.919
2.973,1.3124,3.1391,1.919
2.9756,1.2996,3.1467,1.9317
2.9858,1.3073,3.1314,1.9241
2.9807,1.3073,3.1391,1.9241
2.9781,1.3047,3.1416,1.9317
2.9807,1.3047,3.134,1.9241
2.9807,1.3149,3.1442,1.919
2.9756,1.3047,3.1467,1.9241
2.9781,1.2996,3.1391,1.9292
2.9883,1.3047,3.134,1.9241
2.9781,1.3149,3.1467,1.919
2.973,1.2996,3.1467,1.9317
2.9883,1.3073,3.1416,1.9241
2.9832,1.3124,3.1391,1.9241
2.9807,1.3047,3.1391,1.9241
2.9858,1.2996,3.134,1.9266
2.9807,1.3124,3.1391,1.9241
2.9781,1.3073,3.1391,1.9292
2.9858,1.3073,3.134,1.919
2.973,1.3149,3.1416,1.919
2.9807,1.3022,3.1416,1.9317
2.9883,1.3047,3.1391,1.9266
2.9781,1.3073,3.1391,1.9241
2.9832,1.2996,3.1416,1.9317
2.9883,1.3124,3.1314,1.9241
2.9756,1.3149,3.1467,1.9241
2.9832,1.3022,3.1365,1.9241
2.9858,1.3047,3.1365,1.9266
2.9781,1.3073,3.1442,1.9241
2.9832,1.3022,3.1391,1.9317
2.9883,1.3149,3.1314,1.9215
2.9756,1.3149,3.1442,1.9241
2.9781,1.2996,3.1391,1.9317
2.9832,1.3047,3.1314,1.9266
2.9858,1.3098,3.1365,1.919
2.9832,1.2996,3.1391,1.9317
2.9832,1.3047,3.1289,1.9241
2.9832,1.3073,3.1365,1.9241
2.9832,1.3047,3.1365,1.9317
2.9832,1.3047,3.1416,1.9266
2.9832,1.3047,3.1365,1.919
2.9832,1.3073,3.1442,1.9241
2.9832,1.2996,3.1391,1.9317
2.9909,1.3124,3.1314,1.919
2.9858,1.3149,3.1365,1.919
2.9781,1.2996,3.1442,1.9343
2.9883,1.3073,3.1314,1.9266
2.9858,1.3098,3.1365,1.9241
2.9832,1.2996,3.1391,1.9317
2.9883,1.3124,3.1289,1.919
2.9781,1.3124,3.1442,1.9215
2.9832,1.2996,3.1365,1.9266
2.9883,1.3047,3.1289,1.9266
2.9832,1.3124,3.1391,1.9266
2.9858,1.3022,3.1365,1.9317
2.9883,1.3073,3.1314,1.9266
2.9781,1.3124,3.1442,1.919
2.9781,1.2996,3.1442,1.9317
2.9883,1.3073,3.1314,1.9241
2.9858,1.3149,3.1391,1.9241
2.9832,1.3073,3.1365,1.9241
2.9909,1.3022,3.1314,1.9266
2.9883,1.3149,3.1314,1.919
2.9781,1.3149,3.1442,1.9241
2.9781,1.2971,3.1467,1.9317
2.9909,1.3047,3.1314,1.9292
2.9858,1.3124,3.1365,1.919
2.9781,1.3073,3.1416,1.9241
2.9858,1.2996,3.1391,1.9266
2.9883,1.3098,3.1314,1.9241
2.9832,1.3149,3.1365,1.9241
2.9781,1.3047,3.1365,1.9241
2.9858,1.3073,3.1365,1.9266
2.9832,1.3073,3.1365,1.919
2.9781,1.3073,3.1442,1.9241
2.9807,1.3022,3.1391,1.9317
2.9883,1.3073,3.1314,1.919
2.9832,1.3124,3.1442,1.919
2.9781,1.2971,3.1442,1.9317
2.9909,1.2996,3.134,1.9292
2.9883,1.3124,3.134,1.9164
2.9781,1.3073,3.1442,1.9241
2.9781,1.2996,3.1365,1.9292
2.9832,1.3073,3.1391,1.9241
2.9832,1.3073,3.1365,1.9241
2.9832,1.2996,3.1391,1.9317
2.9909,1.3124,3.1314,1.919
2.9781,1.3073,3.1442,1.9241
2.9832,1.2996,3.1391,1.9241
2.9832,1.3098,3.1416,1.919
2.9756,1.3073,3.1442,1.9215
2.9883,1.3022,3.134,1.9292
2.9832,1.3124,3.1416,1.9164
2.9781,1.3073,3.1442,1.9241
2.9781,1.3047,3.1391,1.9241
2.9807,1.3124,3.1416,1.9164
2.9756,1.3073,3.1391,1.9241
2.9883,1.3073,3.1365,1.9215
2.9756,1.3149,3.1467,1.9215
2.9781,1.2996,3.1416,1.9292
2.9858,1.3124,3.1314,1.9164
2.9756,1.3047,3.1467,1.9317
2.9858,1.2996,3.134,1.9241
2.9807,1.3124,3.1416,1.9215
2.9756,1.3073,3.1467,1.9292
2.9858,1.3022,3.1416,1.9241
2.9807,1.3124,3.1391,1.919
2.973,1.2996,3.1467,1.9292
2.9858,1.2996,3.134,1.9241
2.9807,1.3124,3.1467,1.919
2.9756,1.2996,3.1442,1.9317
2.9858,1.3073,3.1365,1.9241
2.9807,1.3073,3.1416,1.9241
2.9781,1.3073,3.1391,1.9292
2.9883,1.3047,3.1365,1.9139
2.9705,1.3124,3.1467,1.9215
2.9832,1.3047,3.1416,1.9292
2.9858,1.3149,3.134,1.919
2.973,1.3047,3.1467,1.9241
2.9781,1.3047,3.1416,1.9241
2.9807,1.3149,3.1442,1.919
2.9781,1.3047,3.1416,1.9292
2.9858,1.3047,3.134,1.9241
2.973,1.3124,3.1467,1.9164
2.9781,1.2996,3.1391,1.9317
2.9781,1.3047,3.1416,1.9241
2.9705,1.3047,3.1467,1.9241
2.9807,1.3022,3.1365,1.9317
2.9858,1.3149,3.134,1.919
2.9756,1.3073,3.1467,1.9241
2.9781,1.2996,3.1365,1.9317
2.9832,1.3149,3.1365,1.9164
2.9705,1.3073,3.1467,1.9241
2.9781,1.3022,3.1416,1.9241
2.9781,1.3073,3.1416,1.9241
2.9781,1.3124,3.1442,1.9241
2.9781,1.2996,3.1416,1.9266
2.9781,1.3073,3.134,1.9241
2.9781,1.3073,3.1442,1.9164
2.973,1.3022,3.1467,1.9317
2.9858,1.3047,3.134,1.9241
2.9781,1.3124,3.1416,1.919
2.9756,1.2996,3.1467,1.9317
2.9858,1.2996,3.1365,1.9215
2.9781,1.3149,3.1391,1.919
2.9705,1.3073,3.1467,1.9241
2.9781,1.3047,3.1442,1.9241
2.9781,1.3047,3.1365,1.919
2.973,1.3047,3.1467,1.9241
2.9781,1.3022,3.1391,1.9292
2.9858,1.3073,3.1365,1.9241
2.9781,1.3124,3.1416,1.9215
2.9781,1.3047,3.1416,1.9266
2.9832,1.3047,3.134,1.9241
2.9807,1.3098,3.1416,1.919
2.9705,1.2996,3.1467,1.9292
2.9858,1.2996,3.134,1.9215
2.9781,1.3124,3.1416,1.9241
2.9781,1.3073,3.1416,1.9241
2.9807,1.3047,3.1416,1.9241
2.9807,1.3149,3.1416,1.9164
2.9705,1.3073,3.1467,1.9241
2.9781,1.3047,3.1442,1.9317
2.9781,1.3149,3.1416,1.9164
2.9781,1.3047,3.1416,1.9241
2.9858,1.3047,3.1365,1.9241
2.9781,1.3073,3.1416,1.9241
2.9781,1.2996,3.1416,1.9266
2.9832,1.3047,3.1365,1.9164
2.973,1.3124,3.1467,1.9241
2.9781,1.2996,3.1416,1.9292
2.9832,1.3047,3.134,1.9215
2.9781,1.3047,3.1416,1.9241
2.9807,1.3073,3.1416,1.9317
2.9832,1.3073,3.1365,1.9241
2.9705,1.3124,3.1467,1.9164
2.9756,1.2996,3.1442,1.9215
2.9781,1.3047,3.1416,1.9241
2.9781,1.3073,3.1416,1.9215
2.9781,1.2996,3.1416,1.9292
2.9832,1.3047,3.1365,1.9164
2.9807,1.3149,3.1416,1.919
2.973,1.3073,3.1442,1.9241
2.9781,1.3047,3.1365,1.9241
2.9781,1.3124,3.1416,1.9164
2.973,1.2971,3.1493,1.9317
2.9832,1.2996,3.134,1.9241
2.9781,1.3149,3.1416,1.919
2.9705,1.3073,3.1467,1.9241
2.9781,1.3047,3.1416,1.9241
2.9756,1.3124,3.1416,1.9164
2.9705,1.3047,3.1493,1.9241
2.9781,1.3073,3.1442,1.9215
2.9781,1.3047,3.1416,1.9164
2.9781,1.3047,3.1416,1.9241
2.9756,1.2971,3.1416,1.9215
2.9781,1.3073,3.1416,1.9241
2.9781,1.3047,3.1391,1.9241
2.9756,1.2996,3.1416,1.9317
2.9832,1.3124,3.1365,1.9139
2.9705,1.3124,3.1493,1.9241
2.9756,1.2996,3.1365,1.9292
2.9832,1.3047,3.1416,1.9164
2.9679,1.3047,3.1493,1.9215
2.9756,1.2971,3.1442,1.9241
2.9756,1.3149,3.1442,1.9164
2.9705,1.3047,3.1493,1.9292
2.9807,1.3022,3.1391,1.9241
2.9756,1.3047,3.1416,1.9164
2.9756,1.3047,3.1442,1.9292
2.9832,1.3047,3.1365,1.9241
2.9781,1.3124,3.1493,1.9139
2.9756,1.2996,3.1391,1.9266
2.9756,1.3047,3.1416,1.9241
2.9705,1.3073,3.1467,1.9241
2.9756,1.2971,3.1442,1.9241
2.9756,1.3047,3.1416,1.9164
2.9705,1.3073,3.1493,1.9215
2.9832,1.2996,3.1365,1.9292
2.9832,1.3124,3.1365,1.919
2.9705,1.3047,3.1442,1.9241
2.9756,1.3047,3.1442,1.9241
2.9756,1.3124,3.1442,1.9164
2.9705,1.3073,3.1493,1.9292
2.9832,1.2996,3.1365,1.9241
2.9781,1.3124,3.1416,1.9164
2.973,1.3073,3.1467,1.9241
2.9781,1.3047,3.1416,1.9241
2.9781,1.3047,3.1416,1.919
2.9756,1.3073,3.1442,1.9241
2.9781,1.3047,3.1442,1.9266
2.9832,1.3047,3.1365,1.9215
2.9756,1.3149,3.1442,1.919
2.9705,1.2996,3.1493,1.9292
2.9807,1.2996,3.1365,1.9241
2.9756,1.3098,3.1416,1.9164
2.9705,1.3047,3.1416,1.9241
2.9756,1.3047,3.1416,1.9215
2.9781,1.3124,3.1416,1.9164
2.9705,1.3073,3.1467,1.9292
2.9781,1.2996,3.1391,1.9266
2.9832,1.3098,3.1391,1.919
2.9781,1.3073,3.1416,1.9241
2.9781,1.2996,3.1416,1.9292
2.9832,1.3124,3.1365,1.9139
2.9705,1.3124,3.1467,1.9241
2.9781,1.3022,3.1416,1.9317
2.9832,1.3047,3.1365,1.9241
2.9756,1.3124,3.1416,1.9241
2.9705,1.3047,3.1493,1.9241
2.9781,1.3047,3.1416,1.9241
2.9781,1.3073,3.1442,1.9164
2.9679,1.3073,3.1493,1.9241
2.9781,1.2996,3.1416,1.9292
2.9807,1.3047,3.134,1.919
2.9705,1.3149,3.1493,1.919
2.9705,1.2996,3.1493,1.9292
2.9832,1.3073,3.1365,1.9215
2.9756,1.3124,3.1442,1.9139
2.9781,1.3073,3.1467,1.9241
2.9781,1.3073,3.1416,1.9241
2.9781,1.3073,3.1442,1.919
2.9781,1.3073,3.1493,1.9215
2.9781,1.2996,3.1416,1.9317
2.9858,1.3073,3.1365,1.9241
2.9781,1.3149,3.1416,1.919
2.9705,1.2996,3.1467,1.9292
2.9832,1.2971,3.134,1.9241
2.9781,1.3047,3.1416,1.9164
2.9705,1.3073,3.1467,1.9241
2.9781,1.3047,3.1442,1.9241
2.9781,1.3073,3.1391,1.9241
2.9781,1.3073,3.1391,1.9215
2.9781,1.3073,3.1493,1.9317
2.9858,1.3098,3.1365,1.9241
2.9781,1.3149,3.1416,1.9241
2.9781,1.2996,3.1416,1.9317
2.9858,1.3073,3.134,1.919
2.973,1.3124,3.1493,1.9241
2.9781,1.3022,3.1416,1.9317
2.9807,1.3073,3.1416,1.9241
2.9807,1.3047,3.1416,1.9241
2.9781,1.2996,3.1416,1.9317
2.9883,1.3124,3.134,1.919
