0.50039,1.8757,2.6854,1.3019
0.49019,1.8706,2.6905,1.307
0.49784,1.863,2.6854,1.3146
0.50039,1.8706,2.6777,1.3095
0.49529,1.8783,2.6854,1.307
0.49019,1.8681,2.6854,1.307
0.50294,1.8757,2.6803,1.307
0.49529,1.8757,2.6854,1.2993
0.48764,1.8681,2.693,1.3121
0.50039,1.8681,2.6777,1.3095
0.49784,1.8757,2.6854,1.307
0.49274,1.8681,2.6879,1.3121
0.50039,1.8681,2.6803,1.307
0.49784,1.8681,2.6879,1.307
0.49019,1.8681,2.6879,1.307
0.49529,1.8681,2.6879,1.3044
0.49529,1.8706,2.6879,1.2993
0.49529,1.8706,2.6854,1.307
0.49529,1.8681,2.6879,1.3146
0.49529,1.8681,2.6879,1.307
0.49529,1.8681,2.6828,1.3019
0.49529,1.8681,2.6879,1.307
0.49529,1.863,2.6854,1.3121
0.50039,1.8681,2.6828,1.307
0.49784,1.8757,2.693,1.3019
0.49019,1.863,2.693,1.3121
0.50294,1.8681,2.6777,1.3095
0.49019,1.8681,2.693,1.307
0.49529,1.863,2.6854,1.3121
0.50039,1.8757,2.6803,1.3019
0.49019,1.8757,2.6879,1.307
0.49784,1.863,2.6854,1.3121
0.50294,1.8681,2.6803,1.307
0.49784,1.8757,2.6879,1.307
0.49529,1.8681,2.6854,1.3121
0.50039,1.8681,2.6828,1.307
0.49019,1.8757,2.693,1.2993
0.49019,1.8681,2.693,1.3095
0.50039,1.863,2.6828,1.307
0.49529,1.8757,2.6854,1.3019
0.49019,1.8681,2.6956,1.307
0.49784,1.863,2.6879,1.3121
0.50039,1.8706,2.6803,1.3019
0.49019,1.8757,2.693,1.3019
0.49529,1.8706,2.6854,1.3121
0.50039,1.8757,2.6803,1.3044
0.49019,1.8757,2.6879,1.2993
0.48764,1.863,2.693,1.3121
0.50039,1.8681,2.6828,1.307
0.49784,1.8732,2.6854,1.3095
0.49529,1.8681,2.6854,1.3121
0.50294,1.8681,2.6777,1.2993
0.49784,1.8757,2.693,1.3019
0.49019,1.863,2.6879,1.3121
0.50039,1.8681,2.6777,1.307
0.49019,1.8757,2.693,1.2993
0.49529,1.863,2.6879,1.3146
0.50294,1.8706,2.6803,1.307
0.49529,1.8757,2.6854,1.2993
0.49529,1.8706,2.6879,1.307
0.49784,1.8681,2.6854,1.3095
0.49529,1.8681,2.6854,1.2993
0.48764,1.8681,2.693,1.3146
0.49529,1.863,2.6854,1.3121
0.50039,1.8681,2.6803,1.3019
0.49529,1.8757,2.693,1.3019
0.49019,1.863,2.693,1.3121
0.50039,1.8656,2.6828,1.307
0.49784,1.8757,2.6879,1.307
0.49019,1.8681,2.693,1.307
0.49529,1.8681,2.6854,1.307
0.49529,1.8706,2.6854,1.3095
0.49019,1.8757,2.693,1.307
0.49529,1.863,2.6879,1.3121
0.50039,1.8681,2.6803,1.307
0.49529,1.8783,2.6879,1.307
0.49019,1.8706,2.6854,1.307
0.49529,1.8681,2.6828,1.307
0.49274,1.8706,2.6854,1.2993
0.49529,1.8681,2.6854,1.307
0.48764,1.863,2.693,1.3146
0.50039,1.8681,2.6777,1.307
0.49784,1.8757,2.6854,1.3019
0.49529,1.8706,2.693,1.307
0.49529,1.8706,2.6879,1.307
0.50039,1.8706,2.6854,1.3044
0.49529,1.8681,2.6879,1.3019
0.49019,1.8706,2.693,1.3121
0.49529,1.8656,2.6803,1.3146
0.50294,1.8706,2.6828,1.307
0.49784,1.8681,2.6854,1.307
0.49529,1.8732,2.6828,1.3146
0.49529,1.8706,2.6777,1.307
0.49529,1.8757,2.6854,1.3019
0.49019,1.8681,2.693,1.307
0.49529,1.863,2.6828,1.3146
0.50039,1.8732,2.6777,1.3095
0.49529,1.8808,2.6828,1.3019
0.48764,1.8656,2.6905,1.3146
0.50294,1.8656,2.6777,1.307
0.49529,1.8808,2.6854,1.3019
0.49019,1.863,2.6905,1.3121
0.50039,1.8656,2.6777,1.307
0.49529,1.8757,2.6854,1.3019
0.49529,1.8706,2.6854,1.307
0.49529,1.8706,2.6854,1.307
0.49784,1.8757,2.6854,1.3019
0.49019,1.8706,2.6828,1.307
0.49529,1.8681,2.6854,1.307
0.49529,1.8706,2.6828,1.3019
0.49529,1.8681,2.6905,1.307
0.49529,1.863,2.6854,1.3121
0.50294,1.8706,2.6803,1.3044
0.49529,1.8757,2.6854,1.3019
0.49019,1.863,2.6905,1.3121
0.50039,1.8706,2.6803,1.3095
0.49784,1.8757,2.6854,1.307
0.49529,1.8706,2.6854,1.3121
0.50039,1.8681,2.6777,1.3019
0.49529,1.8757,2.6854,1.3019
0.48764,1.8732,2.693,1.3095
0.49529,1.8656,2.6828,1.3121
0.50039,1.8706,2.6777,1.3095
0.49529,1.8757,2.6905,1.3019
0.48764,1.8706,2.6879,1.3095
0.49529,1.8656,2.6854,1.3121
0.50294,1.8706,2.6803,1.307
0.49529,1.8783,2.6854,1.2993
0.49019,1.8656,2.693,1.3146
0.50039,1.8681,2.6803,1.307
0.49529,1.8783,2.6854,1.307
0.50039,1.8656,2.6752,1.3146
0.50039,1.8732,2.6777,1.307
0.49529,1.8757,2.693,1.307
0.49529,1.8656,2.6854,1.3044
0.50039,1.8706,2.6828,1.307
0.49529,1.8706,2.6854,1.3121
0.49529,1.863,2.6828,1.3146
0.50294,1.8706,2.6828,1.307
0.49274,1.8706,2.6879,1.307
0.49529,1.8656,2.6854,1.3121
0.50294,1.8706,2.6803,1.307
0.49529,1.8757,2.6879,1.3044
0.49019,1.8656,2.6905,1.3121
0.50039,1.8706,2.6777,1.307
0.49274,1.8757,2.6854,1.3019
0.49019,1.8681,2.6905,1.307
0.49784,1.8656,2.6854,1.307
0.50039,1.8783,2.6777,1.2993
0.49019,1.8706,2.6905,1.307
0.49784,1.8656,2.6828,1.3095
0.49529,1.8706,2.6803,1.3095
0.49529,1.8757,2.6854,1.307
0.49019,1.8681,2.6854,1.307
0.49529,1.863,2.6854,1.307
0.49529,1.8681,2.6854,1.307
0.49784,1.8706,2.6828,1.307
0.49529,1.8706,2.6879,1.3146
0.49784,1.8656,2.6777,1.307
0.50039,1.8757,2.6879,1.2993
0.48764,1.8681,2.6905,1.3044
0.49274,1.863,2.6854,1.3121
0.50294,1.8706,2.6854,1.307
0.49529,1.8783,2.693,1.3019
0.48764,1.863,2.693,1.3121
0.50294,1.8706,2.6803,1.307
0.49529,1.8757,2.6854,1.3019
0.49019,1.8605,2.693,1.3121
0.50294,1.863,2.6803,1.307
0.50039,1.8757,2.6777,1.3019
0.49529,1.8757,2.693,1.307
0.49019,1.8605,2.6879,1.3121
0.50294,1.8681,2.6803,1.2993
0.49784,1.8732,2.6854,1.3019
0.49019,1.8681,2.6905,1.307
0.49784,1.863,2.6854,1.3121
0.50039,1.8757,2.6777,1.3095
0.49529,1.8681,2.6828,1.307
0.48764,1.8681,2.6854,1.307
0.49529,1.8681,2.6854,1.307
0.49529,1.8681,2.6854,1.3019
0.49019,1.8706,2.693,1.3044
0.49529,1.863,2.6777,1.3146
0.50039,1.8757,2.6777,1.2993
0.49019,1.8681,2.693,1.307
0.49529,1.863,2.6879,1.3121
0.49529,1.8732,2.6854,1.3044
0.49274,1.8681,2.6854,1.307
0.49529,1.8681,2.6854,1.3121
0.50294,1.8681,2.6803,1.3019
0.49529,1.8757,2.6905,1.3019
0.49019,1.863,2.693,1.3146
0.50039,1.8681,2.6777,1.3044
0.49529,1.8757,2.693,1.3019
0.49019,1.8681,2.6905,1.3121
0.50039,1.863,2.6777,1.307
0.49529,1.8757,2.6854,1.2993
0.49529,1.8681,2.6854,1.307
0.49529,1.8706,2.6777,1.307
0.49274,1.8757,2.6854,1.3019
0.49019,1.8706,2.6905,1.307
0.49529,1.8681,2.6828,1.307
0.50039,1.8732,2.6854,1.307
0.49529,1.8681,2.6854,1.307
0.49529,1.8706,2.6854,1.307
0.49529,1.8681,2.6854,1.3095
0.49784,1.8681,2.6854,1.2993
0.49019,1.8681,2.693,1.307
0.49529,1.8656,2.6854,1.3121
0.50039,1.8706,2.6777,1.3019
0.49019,1.8783,2.6905,1.3019
0.48764,1.863,2.6905,1.3121
0.49529,1.8706,2.6803,1.307
0.49529,1.8808,2.6854,1.2993
0.49019,1.8706,2.6905,1.3121
0.50039,1.8656,2.6777,1.3121
0.49529,1.8706,2.6828,1.3019
0.49019,1.8681,2.6879,1.307
0.49529,1.8656,2.6828,1.3121
0.50039,1.8706,2.6777,1.307
0.49529,1.8706,2.6879,1.307
0.49529,1.8656,2.6828,1.3146
0.50039,1.8681,2.6777,1.3095
0.49529,1.8783,2.6828,1.3019
0.49019,1.8732,2.6879,1.3146
0.50294,1.8656,2.6777,1.307
0.49529,1.8783,2.6828,1.3019
0.48764,1.8706,2.6854,1.3095
0.49529,1.8656,2.6803,1.307
0.49784,1.8706,2.6828,1.2993
0.49019,1.8732,2.6879,1.307
0.49529,1.8656,2.6828,1.3146
0.50294,1.8757,2.6777,1.3019
0.49019,1.8757,2.6879,1.3044
0.49019,1.8656,2.6879,1.3121
0.50039,1.8706,2.6752,1.307
0.49529,1.8783,2.6828,1.3019
0.48764,1.8656,2.6905,1.3121
0.50039,1.8656,2.6777,1.3121
0.50294,1.8757,2.6752,1.3019
0.49019,1.8808,2.6905,1.307
0.49784,1.8656,2.6854,1.3121
0.50294,1.8706,2.6752,1.3095
0.49529,1.8757,2.6828,1.2993
0.49019,1.8681,2.6905,1.307
0.49529,1.8656,2.6854,1.3095
0.50039,1.8706,2.6777,1.307
0.49529,1.8783,2.6828,1.2993
0.48764,1.8732,2.6905,1.3146
0.50039,1.8656,2.6752,1.307
0.50294,1.8757,2.6752,1.3019
0.49019,1.8656,2.6905,1.307
0.49529,1.863,2.6828,1.307
0.50039,1.8706,2.6803,1.3095
0.49529,1.8757,2.6828,1.307
0.49019,1.8706,2.6905,1.307
0.49529,1.8656,2.6828,1.3095
0.49529,1.8706,2.6828,1.307
0.49529,1.8681,2.6828,1.307
0.49529,1.8681,2.6879,1.3146
0.50294,1.8656,2.6777,1.307
0.49529,1.8757,2.6828,1.2993
0.48764,1.8706,2.693,1.307
0.49784,1.8706,2.6854,1.307
0.49274,1.8681,2.6828,1.307
0.49784,1.8706,2.6828,1.307
0.49784,1.863,2.6828,1.3121
0.50039,1.8757,2.6777,1.2993
0.49019,1.8783,2.6879,1.307
0.49529,1.8706,2.6828,1.3121
0.50294,1.8706,2.6777,1.307
0.49529,1.8783,2.6828,1.307
0.49019,1.8706,2.6905,1.3044
0.49529,1.863,2.6854,1.307
0.50039,1.8681,2.6828,1.307
0.49784,1.8732,2.6828,1.3044
0.49529,1.8706,2.6828,1.3146
0.50039,1.8706,2.6777,1.307
0.49529,1.8757,2.6854,1.3019
0.48764,1.8681,2.6905,1.307
0.49784,1.863,2.6854,1.307
0.49529,1.8681,2.6854,1.307
0.49784,1.8757,2.6905,1.2993
0.49019,1.863,2.6905,1.3121
0.50294,1.8656,2.6777,1.3146
0.50294,1.8757,2.6777,1.3019
0.49784,1.8681,2.6854,1.307
0.49529,1.8681,2.6854,1.3121
0.50039,1.8706,2.6777,1.3019
0.49529,1.8757,2.6854,1.2993
0.48764,1.8706,2.6905,1.3121
0.49529,1.863,2.6854,1.3121
0.50039,1.8706,2.6803,1.3044
0.49529,1.8757,2.6854,1.3019
0.49274,1.8681,2.6905,1.307
0.50294,1.8656,2.6803,1.3121
0.50039,1.8706,2.6777,1.3019
0.49784,1.8706,2.6828,1.307
0.49529,1.8706,2.6854,1.3121
0.49784,1.8681,2.6828,1.3095
0.49529,1.8681,2.6854,1.2993
0.49529,1.8706,2.6854,1.307
0.49529,1.8681,2.6854,1.3121
0.50039,1.8681,2.6803,1.307
0.49529,1.8757,2.6828,1.3019
0.49019,1.8681,2.6905,1.3121
0.49784,1.863,2.6854,1.3121
0.50039,1.8706,2.6854,1.3044
0.49529,1.8783,2.6854,1.307
0.49529,1.8681,2.6879,1.3121
0.50294,1.8706,2.6803,1.3044
0.49784,1.8757,2.6854,1.2993
0.49019,1.8681,2.693,1.3146
0.49529,1.863,2.6803,1.3121
0.50294,1.8656,2.6828,1.3019
0.48764,1.8732,2.6905,1.3019
0.49019,1.863,2.6854,1.3121
0.50294,1.8681,2.6803,1.307
0.49784,1.8681,2.6879,1.3019
0.49529,1.8681,2.6905,1.3121
0.49784,1.8681,2.6854,1.307
0.49784,1.8757,2.6854,1.3019
0.49019,1.8681,2.6905,1.3121
0.50294,1.863,2.6854,1.3121
0.50039,1.8681,2.6803,1.3019
0.49019,1.8732,2.693,1.2993
0.49019,1.863,2.693,1.3121
0.50039,1.863,2.6879,1.3044
0.49529,1.8757,2.6879,1.3019
0.48764,1.8681,2.693,1.307
0.49529,1.863,2.6879,1.3121
0.49529,1.8681,2.6828,1.3044
0.49784,1.8757,2.6854,1.2993
0.48764,1.8681,2.693,1.307
0.49529,1.8656,2.6803,1.3121
0.50039,1.8681,2.6803,1.307
0.49784,1.8681,2.6879,1.307
0.49529,1.863,2.6854,1.3121
0.50039,1.8732,2.6828,1.3019
0.49019,1.8732,2.693,1.3044
0.49274,1.863,2.6879,1.3121
0.49529,1.8681,2.6879,1.307
0.49529,1.8681,2.6854,1.307
0.49529,1.8605,2.6879,1.307
0.50039,1.8681,2.6828,1.307
0.49784,1.8757,2.6879,1.2993
0.49019,1.8681,2.6905,1.3121
0.49529,1.863,2.6828,1.3121
0.50039,1.8732,2.6803,1.3019
0.49019,1.8757,2.6956,1.307
0.49019,1.863,2.6956,1.3121
0.50294,1.8681,2.6803,1.3095
0.49529,1.8757,2.6879,1.2993
0.49019,1.8681,2.6956,1.3121
0.50294,1.863,2.6879,1.3121
0.50294,1.8732,2.6828,1.3019
0.49019,1.8757,2.693,1.3019
0.49019,1.863,2.693,1.3121
0.49529,1.8656,2.6879,1.307
0.49784,1.8656,2.6879,1.2993
0.49019,1.8681,2.693,1.307
0.49784,1.8605,2.6879,1.3146
0.50039,1.8757,2.6803,1.3019
0.49019,1.8757,2.693,1.3019
0.48764,1.863,2.693,1.3121
0.50039,1.8681,2.6803,1.307
0.49529,1.8757,2.6854,1.307
0.49019,1.8681,2.6879,1.307
0.49529,1.8706,2.6854,1.307
0.49529,1.8732,2.6905,1.2993
0.49529,1.8681,2.6956,1.307
0.49529,1.8681,2.6879,1.307
0.49529,1.8681,2.6879,1.2993
0.49019,1.8681,2.693,1.307
0.49529,1.863,2.6854,1.3095
0.50039,1.8681,2.6777,1.307
0.49784,1.8757,2.6879,1.3019
0.49019,1.8706,2.693,1.307
0.49529,1.863,2.6879,1.3146
0.50294,1.8681,2.6803,1.307
0.49529,1.8757,2.6879,1.2993
0.48764,1.8681,2.693,1.307
0.49019,1.863,2.6956,1.3121
0.50039,1.8732,2.6828,1.307
0.49784,1.8757,2.693,1.3019
0.49019,1.8605,2.6956,1.3121
0.50294,1.8681,2.6828,1.3044
0.49784,1.8757,2.6854,1.307
0.49529,1.8706,2.6879,1.307
0.49529,1.8656,2.6828,1.307
0.49529,1.8757,2.6879,1.307
0.49019,1.8681,2.693,1.307
0.49529,1.863,2.6879,1.3121
0.50039,1.8757,2.6828,1.3019
0.49019,1.8732,2.6879,1.3019
0.49019,1.8681,2.6956,1.307
0.49784,1.863,2.6879,1.307
0.50294,1.8681,2.6854,1.307
0.49529,1.8732,2.6879,1.3044
0.49529,1.8681,2.6879,1.307
0.49784,1.8681,2.6879,1.307
0.49529,1.8681,2.6879,1.3044
0.49784,1.8681,2.6879,1.3044
0.49019,1.8605,2.6956,1.3121
0.50294,1.863,2.6803,1.3095
0.50294,1.8757,2.6879,1.2993
0.48764,1.8681,2.693,1.307
0.49529,1.863,2.6879,1.3121
0.50039,1.8681,2.6803,1.307
0.49529,1.8757,2.6879,1.2993
0.49019,1.8681,2.693,1.307
0.49529,1.8681,2.6879,1.3146
0.50039,1.8656,2.6828,1.307
0.49784,1.8732,2.6879,1.3019
0.48764,1.8681,2.693,1.307
0.49784,1.863,2.6879,1.3121
0.50039,1.8757,2.6854,1.3019
0.49019,1.8757,2.6905,1.307
0.49529,1.863,2.6879,1.3121
0.50039,1.8681,2.6879,1.307
0.49529,1.8681,2.6879,1.307
0.49529,1.8656,2.6879,1.3146
0.50294,1.8681,2.6803,1.307
0.49784,1.8757,2.6879,1.3044
0.49019,1.8656,2.693,1.3121
0.50294,1.863,2.6828,1.307
0.49784,1.8757,2.6879,1.3019
0.49529,1.8681,2.693,1.307
0.49529,1.8656,2.6879,1.307
0.49529,1.8681,2.6879,1.3019
0.49019,1.8681,2.6956,1.307
0.49529,1.863,2.6854,1.3146
0.50039,1.8681,2.6803,1.3044
0.49019,1.8757,2.693,1.307
0.49529,1.863,2.6879,1.3121
0.50039,1.8681,2.6803,1.307
0.49529,1.8757,2.6854,1.2993
0.49019,1.8656,2.693,1.3121
0.50039,1.863,2.6803,1.3121
0.50039,1.8706,2.6879,1.3019
0.49019,1.8681,2.693,1.307
0.49529,1.8656,2.6854,1.307
0.49529,1.8706,2.6879,1.307
0.49019,1.8757,2.6956,1.307
0.49019,1.863,2.6956,1.3121
0.50294,1.863,2.6828,1.307
0.49784,1.8757,2.6879,1.2993
0.48764,1.8681,2.6956,1.307
0.49529,1.863,2.6879,1.3121
0.50039,1.8681,2.6803,1.307
0.50039,1.8757,2.6803,1.307
0.49784,1.8757,2.6854,1.307
0.49529,1.8732,2.6854,1.3121
0.49529,1.8681,2.6854,1.3095
0.49529,1.8681,2.6879,1.3019
0.49529,1.8681,2.6879,1.307
0.49529,1.8681,2.6854,1.3146
0.49784,1.8681,2.6879,1.307
0.49529,1.8757,2.6879,1.2993
0.49019,1.8681,2.693,1.307
0.49529,1.863,2.6854,1.307
0.50039,1.8681,2.6854,1.307
0.49784,1.8681,2.6854,1.307
0.49529,1.8706,2.6854,1.3121
0.50294,1.8656,2.6828,1.307
0.49529,1.8757,2.6879,1.2993
0.49274,1.8681,2.693,1.3044
0.49784,1.863,2.6854,1.3121
0.50294,1.8681,2.6803,1.2993
0.49784,1.8757,2.6879,1.3019
0.49019,1.8681,2.693,1.307
0.49529,1.863,2.6854,1.3121
0.50294,1.8656,2.6803,1.307
0.49274,1.8757,2.6854,1.2993
0.49019,1.8681,2.6854,1.307
0.49529,1.8656,2.6854,1.3146
0.50039,1.8681,2.6803,1.307
0.49529,1.8757,2.6854,1.2993
0.49019,1.8681,2.693,1.307
0.49529,1.863,2.6854,1.3121
0.50294,1.8656,2.6803,1.307
0.49784,1.8757,2.6879,1.3019
0.49019,1.8681,2.693,1.307
0.50039,1.8656,2.6777,1.3121
0.50294,1.8757,2.6828,1.3019
0.49019,1.8757,2.693,1.307
0.49019,1.863,2.6905,1.3121
0.50039,1.8681,2.6803,1.307
0.49529,1.8757,2.6879,1.3019
0.49019,1.8681,2.693,1.307
0.49529,1.863,2.6854,1.3121
0.50039,1.8706,2.6777,1.307
0.49529,1.8757,2.6854,1.3019
0.48764,1.8706,2.693,1.307
0.49529,1.8681,2.6879,1.3121
0.49529,1.8681,2.6854,1.3095
0.50039,1.8757,2.6777,1.3019
0.49019,1.8757,2.6879,1.3019
0.48764,1.8656,2.693,1.3121
0.50039,1.8656,2.6777,1.3146
