1.91,1.5749,2.981,1.6767
1.91,1.5775,2.9836,1.6742
1.905,1.58,2.9887,1.6767
1.9075,1.5724,2.981,1.6869
1.9177,1.5775,2.9759,1.6742
1.91,1.5851,2.9887,1.6742
1.9024,1.5698,2.9861,1.6844
1.9151,1.58,2.981,1.6767
1.9075,1.5851,2.9836,1.6793
1.9075,1.5775,2.9836,1.6869
1.9177,1.58,2.9785,1.6742
1.905,1.5851,2.9887,1.6793
1.9075,1.5749,2.981,1.6869
1.9177,1.5775,2.9759,1.6793
1.91,1.5775,2.981,1.6793
1.9177,1.5724,2.9759,1.6793
1.9075,1.5775,2.981,1.6767
1.9075,1.5724,2.981,1.6869
1.9151,1.5851,2.9734,1.6742
1.9024,1.5775,2.9887,1.6767
1.9075,1.5749,2.981,1.6793
1.91,1.5775,2.981,1.6793
1.91,1.5775,2.981,1.6767
1.9075,1.5698,2.9836,1.6844
1.9151,1.5775,2.9759,1.6742
1.91,1.5851,2.9861,1.6742
1.905,1.5724,2.9861,1.6869
1.9151,1.5724,2.9734,1.6844
1.9151,1.5877,2.9759,1.6716
1.9024,1.5775,2.9861,1.6793
1.9075,1.58,2.9836,1.6793
1.91,1.5775,2.981,1.6742
1.905,1.58,2.9861,1.6793
1.9151,1.5698,2.981,1.6844
1.9151,1.5775,2.9759,1.6742
1.9024,1.58,2.9887,1.6793
1.91,1.5698,2.981,1.6793
1.9151,1.5851,2.9759,1.6742
1.905,1.5775,2.9887,1.6767
1.9075,1.5775,2.981,1.6818
1.9075,1.5775,2.9759,1.6742
1.905,1.5775,2.9861,1.6793
1.9075,1.5775,2.9836,1.6793
1.91,1.5851,2.9836,1.6742
1.9024,1.5775,2.9887,1.6869
1.9151,1.5724,2.9759,1.6793
1.9075,1.5775,2.9836,1.6793
1.91,1.5775,2.981,1.6869
1.9151,1.5749,2.9759,1.6742
1.9024,1.5851,2.9861,1.6793
1.9075,1.5749,2.981,1.6869
1.9177,1.5775,2.9785,1.6742
1.905,1.5775,2.9912,1.6793
1.9075,1.5775,2.9836,1.6793
1.9075,1.5826,2.9836,1.6742
1.9024,1.5775,2.9861,1.6818
1.9151,1.5698,2.9759,1.6793
1.9126,1.5775,2.981,1.6793
1.91,1.5775,2.9887,1.6767
1.9075,1.5775,2.9759,1.6793
1.91,1.5851,2.9836,1.6742
1.9075,1.5749,2.981,1.6869
1.9151,1.5775,2.9785,1.6793
1.91,1.5775,2.9887,1.6793
1.9151,1.5698,2.9734,1.6869
1.9075,1.5826,2.981,1.6742
1.9075,1.5775,2.9836,1.6793
1.9177,1.5775,2.9734,1.6793
1.9024,1.5826,2.9887,1.6793
1.9075,1.5775,2.981,1.6767
1.91,1.5775,2.981,1.6742
1.9024,1.58,2.9861,1.6869
1.9151,1.5775,2.9759,1.6793
1.9075,1.5826,2.981,1.6793
1.91,1.5698,2.9836,1.6844
1.9151,1.5775,2.9759,1.6793
1.9075,1.5775,2.981,1.6793
1.91,1.5775,2.9836,1.6869
1.9177,1.5775,2.9785,1.6793
1.9075,1.58,2.9836,1.6793
1.91,1.5724,2.981,1.6869
1.9177,1.5749,2.9759,1.6742
1.9024,1.5851,2.9861,1.6793
1.91,1.5724,2.981,1.6844
1.9075,1.5775,2.9836,1.6742
1.9024,1.58,2.9861,1.6869
1.9126,1.5775,2.9759,1.6818
1.9075,1.5826,2.9836,1.6793
1.9075,1.5775,2.981,1.6869
1.9151,1.5826,2.9759,1.6793
1.9075,1.5826,2.9861,1.6742
1.905,1.5724,2.9887,1.6818
1.9151,1.5775,2.9759,1.6793
1.91,1.5826,2.981,1.6767
1.9075,1.5775,2.9887,1.6793
1.9177,1.5775,2.9759,1.6818
1.9075,1.5851,2.9836,1.6742
1.9075,1.5724,2.981,1.6869
1.91,1.5775,2.9785,1.6742
1.9024,1.5826,2.9912,1.6793
1.9075,1.5724,2.981,1.6793
1.9075,1.5877,2.981,1.6742
1.9024,1.5698,2.9887,1.6869
1.9151,1.5724,2.9759,1.6793
1.91,1.5826,2.981,1.6742
1.905,1.58,2.9861,1.6869
1.9151,1.5724,2.981,1.6793
1.91,1.5775,2.981,1.6742
1.9024,1.5775,2.9887,1.6818
1.91,1.5724,2.981,1.6844
1.9151,1.5826,2.9759,1.6818
1.905,1.5851,2.981,1.6742
1.9024,1.5698,2.9887,1.6869
1.9151,1.58,2.9759,1.6793
1.91,1.5775,2.981,1.6793
1.9075,1.5775,2.981,1.6844
1.9177,1.58,2.9759,1.6793
1.91,1.5826,2.981,1.6793
1.9024,1.5775,2.9861,1.6793
1.9075,1.5775,2.981,1.6793
1.91,1.5826,2.981,1.6742
1.905,1.5775,2.9887,1.6869
1.9151,1.5775,2.9734,1.6793
1.91,1.5775,2.981,1.6793
1.9075,1.5724,2.9836,1.6844
1.9075,1.5775,2.981,1.6767
1.9024,1.5826,2.9861,1.6742
1.9075,1.5775,2.981,1.6869
1.9151,1.58,2.9759,1.6793
1.91,1.5826,2.9836,1.6742
1.9024,1.5775,2.981,1.6793
1.91,1.5698,2.9836,1.6767
1.9075,1.5775,2.981,1.6793
1.91,1.5851,2.981,1.6793
1.9075,1.58,2.9836,1.6793
1.91,1.5775,2.9836,1.6767
1.9075,1.5826,2.981,1.6767
1.9024,1.5698,2.9861,1.6844
1.9177,1.5724,2.981,1.6844
1.9151,1.5826,2.9759,1.6742
1.9024,1.5826,2.9887,1.6793
1.905,1.5749,2.981,1.6844
1.9126,1.58,2.9836,1.6818
1.91,1.5775,2.9836,1.6767
1.9075,1.5775,2.9887,1.6844
1.9151,1.5724,2.9759,1.6793
1.91,1.5826,2.981,1.6716
1.9024,1.58,2.9887,1.6793
1.9075,1.5775,2.981,1.6793
1.91,1.5775,2.981,1.6767
1.9075,1.5775,2.9836,1.6793
1.9075,1.5724,2.981,1.6844
1.9151,1.5775,2.981,1.6793
1.9075,1.5851,2.981,1.6793
1.91,1.5775,2.981,1.6767
1.9075,1.5775,2.981,1.6793
1.9075,1.58,2.981,1.6716
1.9024,1.5775,2.9887,1.6767
1.91,1.5698,2.9836,1.6869
1.9151,1.5851,2.9759,1.6716
1.905,1.5775,2.981,1.6793
1.9075,1.5775,2.9836,1.6767
1.9075,1.5775,2.9785,1.6742
1.905,1.5775,2.9887,1.6793
1.9075,1.5698,2.9836,1.6793
1.9151,1.5775,2.981,1.6793
1.905,1.58,2.9836,1.6793
1.9075,1.5775,2.981,1.6844
1.9151,1.5775,2.9785,1.6742
1.9075,1.58,2.9836,1.6742
1.9024,1.58,2.9887,1.6869
1.9151,1.5724,2.9759,1.6793
1.9075,1.5826,2.9836,1.6793
1.9024,1.5775,2.9887,1.6793
1.9075,1.5775,2.9836,1.6793
1.9075,1.5775,2.981,1.6742
1.9024,1.5775,2.9887,1.6844
1.9075,1.5698,2.9785,1.6844
1.9075,1.5826,2.9836,1.6742
1.9024,1.5775,2.9912,1.6793
1.905,1.5724,2.9759,1.6793
1.9075,1.5826,2.9836,1.6716
1.9024,1.5724,2.9887,1.6869
1.9177,1.5775,2.9836,1.6793
1.9075,1.5775,2.9836,1.6767
1.91,1.5724,2.9836,1.6869
1.9151,1.5775,2.9836,1.6767
1.91,1.5775,2.9836,1.6793
1.91,1.5698,2.9836,1.6844
1.9126,1.5826,2.9785,1.6742
1.9024,1.58,2.9887,1.6767
1.8999,1.5698,2.9836,1.6818
1.9151,1.5775,2.9785,1.6716
1.91,1.5851,2.9836,1.6767
1.8999,1.5775,2.9887,1.6767
1.9075,1.5698,2.9861,1.6767
1.9075,1.5749,2.9785,1.6767
1.9075,1.5775,2.9836,1.6767
1.905,1.5775,2.9836,1.6844
1.905,1.5775,2.9785,1.6793
1.91,1.5826,2.9836,1.6742
1.905,1.5698,2.9912,1.6869
1.9126,1.5724,2.9785,1.6793
1.9075,1.5826,2.9836,1.6742
1.9075,1.5775,2.9912,1.6767
1.9075,1.5775,2.9861,1.6793
1.91,1.5851,2.9836,1.6716
1.8999,1.5775,2.9912,1.6869
1.9126,1.5698,2.9785,1.6767
1.9075,1.5826,2.9836,1.6716
1.9024,1.5775,2.9912,1.6793
1.9075,1.5698,2.9836,1.6818
1.9126,1.5851,2.9785,1.6742
1.9024,1.5775,2.9912,1.6767
1.91,1.5698,2.9785,1.6844
1.9075,1.5826,2.9836,1.6716
1.9024,1.5775,2.9836,1.6767
1.9126,1.5775,2.9785,1.6716
1.9075,1.5826,2.9912,1.6691
1.8999,1.5698,2.9912,1.6844
1.9126,1.5775,2.9785,1.6767
1.9075,1.58,2.9836,1.6716
1.905,1.5775,2.9836,1.6793
1.9075,1.5775,2.9861,1.6767
1.9075,1.5826,2.9836,1.6742
1.9024,1.5749,2.9912,1.6767
1.9075,1.5749,2.9861,1.6793
1.9075,1.5826,2.9861,1.6716
1.9024,1.5775,2.9912,1.6818
1.9126,1.5698,2.981,1.6818
1.9151,1.5826,2.9785,1.6716
1.9024,1.5749,2.9912,1.6767
1.9075,1.5775,2.9861,1.6767
1.9075,1.5826,2.9836,1.6716
1.9024,1.5698,2.9836,1.6844
1.9126,1.5749,2.981,1.6691
1.9024,1.5826,2.9836,1.6767
1.905,1.5698,2.9836,1.6818
1.9126,1.5775,2.9785,1.6716
1.9075,1.5826,2.9836,1.6716
1.8999,1.5698,2.9912,1.6844
1.9151,1.5775,2.9785,1.6767
1.9075,1.5749,2.9861,1.6767
1.9075,1.5698,2.9836,1.6844
1.9177,1.5775,2.9785,1.6767
1.905,1.5826,2.9912,1.6716
1.9024,1.5749,2.9836,1.6818
1.9151,1.5775,2.9785,1.6767
1.9075,1.5826,2.9836,1.6716
1.9024,1.5724,2.9912,1.6818
1.9126,1.5775,2.9785,1.6767
1.9075,1.5826,2.9836,1.6767
1.9024,1.5749,2.9836,1.6767
1.9075,1.5775,2.9836,1.6767
1.9075,1.5775,2.9836,1.6742
1.9024,1.5775,2.9912,1.6767
1.9075,1.5698,2.9836,1.6818
1.9151,1.5775,2.9785,1.6716
1.9075,1.5775,2.9861,1.6767
1.9075,1.5724,2.9836,1.6818
1.9126,1.5775,2.9785,1.6716
1.8999,1.5826,2.9912,1.6767
1.9075,1.5698,2.981,1.6818
1.9126,1.5749,2.9785,1.6793
1.9075,1.5826,2.9836,1.6767
1.9075,1.5775,2.9861,1.6844
1.905,1.5775,2.9785,1.6793
1.9075,1.5826,2.9887,1.6716
1.9024,1.5775,2.9887,1.6844
1.9151,1.5698,2.981,1.6869
1.9151,1.58,2.9785,1.6716
1.9024,1.5749,2.9887,1.6767
1.9075,1.5698,2.9836,1.6818
1.9126,1.5775,2.981,1.6716
1.905,1.5826,2.9836,1.6716
1.8973,1.5775,2.9912,1.6818
1.9126,1.5698,2.9836,1.6767
1.9075,1.5775,2.9861,1.6691
1.9024,1.5724,2.9938,1.6767
1.9075,1.5673,2.9861,1.6793
1.9177,1.5749,2.9785,1.6767
1.9075,1.5826,2.9861,1.6691
1.9024,1.5749,2.9836,1.6793
1.905,1.5775,2.9861,1.6767
1.9126,1.5749,2.9785,1.6793
1.905,1.5826,2.9861,1.6716
1.9075,1.5749,2.9836,1.6767
1.905,1.5775,2.9887,1.6767
1.9151,1.5749,2.981,1.6793
1.9075,1.5826,2.9861,1.6793
1.905,1.5775,2.9861,1.6844
1.9151,1.5749,2.981,1.6691
1.9075,1.5826,2.9836,1.6716
1.9024,1.5775,2.9912,1.6844
1.91,1.5724,2.981,1.6844
1.9126,1.5826,2.981,1.6742
1.9024,1.5826,2.9861,1.6793
1.9075,1.5698,2.9836,1.6844
1.9126,1.5775,2.9785,1.6716
1.9075,1.5826,2.9861,1.6716
1.8999,1.5698,2.9912,1.6869
1.9151,1.5673,2.9836,1.6818
1.9126,1.5749,2.9785,1.6716
1.905,1.5826,2.9938,1.6716
1.9024,1.5673,2.9912,1.6844
1.9126,1.5698,2.981,1.6793
1.9075,1.5826,2.9836,1.6716
1.905,1.5749,2.9861,1.6767
1.905,1.5749,2.9836,1.6818
1.905,1.5749,2.9836,1.6716
1.8999,1.5749,2.9912,1.6793
1.905,1.5698,2.9836,1.6818
1.9126,1.5749,2.981,1.6716
1.8973,1.58,2.9912,1.6767
1.8999,1.5698,2.9938,1.6818
1.9075,1.5698,2.981,1.6767
1.905,1.58,2.9861,1.6716
1.9024,1.5749,2.9912,1.6793
1.9075,1.5698,2.981,1.6844
1.9151,1.5826,2.9785,1.6716
1.8999,1.5775,2.9938,1.6793
1.9075,1.5698,2.9836,1.6844
1.91,1.5749,2.9785,1.6716
1.8999,1.5826,2.9912,1.6767
1.905,1.5698,2.9861,1.6818
1.91,1.5775,2.9785,1.6793
1.905,1.5775,2.9836,1.6742
1.905,1.5698,2.9861,1.6844
1.9126,1.5749,2.981,1.6793
1.9075,1.5749,2.9836,1.6767
1.905,1.5698,2.9861,1.6844
1.9126,1.5749,2.9785,1.6691
1.8999,1.5749,2.9938,1.6767
1.905,1.5698,2.9861,1.6818
1.9075,1.5775,2.9861,1.6793
1.905,1.5749,2.9861,1.6767
1.9075,1.5698,2.9861,1.6844
1.91,1.58,2.9785,1.6716
1.8999,1.5775,2.9887,1.6767
1.905,1.5749,2.9836,1.6793
1.9075,1.5826,2.9861,1.6691
1.905,1.5775,2.9836,1.6793
1.9126,1.5775,2.981,1.6767
1.9075,1.5826,2.9836,1.6716
1.8999,1.5775,2.9912,1.6844
1.9151,1.5749,2.9785,1.6793
1.9075,1.5851,2.9836,1.6691
1.8999,1.5673,2.9912,1.6818
1.9126,1.5775,2.9785,1.6767
1.905,1.5775,2.9836,1.6767
1.905,1.5724,2.9861,1.6818
1.91,1.5749,2.9785,1.6742
1.9024,1.5826,2.9912,1.6716
1.9024,1.5673,2.9861,1.6844
1.91,1.5749,2.981,1.6793
1.905,1.5826,2.9836,1.6716
1.9024,1.5724,2.9938,1.6818
1.9126,1.5724,2.9785,1.6793
1.91,1.58,2.9836,1.6691
1.905,1.5775,2.9836,1.6767
1.9075,1.5749,2.9861,1.6793
1.9075,1.58,2.981,1.6716
1.8999,1.5775,2.9836,1.6767
1.9075,1.5775,2.9836,1.6793
1.905,1.5775,2.9836,1.6716
1.9024,1.58,2.9912,1.6793
1.9075,1.5698,2.9861,1.6844
1.9151,1.5775,2.981,1.6716
1.9024,1.5826,2.9912,1.6767
1.9024,1.5724,2.9861,1.6818
1.9126,1.5775,2.981,1.6767
1.905,1.5851,2.9836,1.6767
1.8999,1.5775,2.9887,1.6767
1.905,1.5698,2.9836,1.6767
1.9126,1.5775,2.9785,1.6716
1.9024,1.5851,2.9912,1.6767
1.8999,1.5698,2.9912,1.6844
1.9151,1.5749,2.9785,1.6767
1.905,1.5826,2.9836,1.6793
1.905,1.5775,2.9836,1.6818
1.905,1.5749,2.9836,1.6793
1.8999,1.58,2.9861,1.6716
1.9024,1.5749,2.9912,1.6844
1.91,1.5698,2.9785,1.6793
1.91,1.5826,2.9836,1.6767
1.9075,1.5698,2.9861,1.6844
1.9126,1.5826,2.981,1.6716
1.9024,1.58,2.9912,1.6793
1.9075,1.5698,2.981,1.6818
1.9126,1.5826,2.981,1.6742
1.8999,1.5775,2.9912,1.6793
1.905,1.5698,2.9861,1.6793
1.905,1.5775,2.9836,1.6767
1.905,1.5775,2.9836,1.6793
1.905,1.5724,2.9836,1.6844
1.9075,1.5749,2.981,1.6767
1.9075,1.5749,2.9861,1.6742
1.905,1.5698,2.9836,1.6818
1.905,1.5749,2.9836,1.6793
1.9024,1.5775,2.9912,1.6767
1.9126,1.5698,2.9785,1.6793
1.905,1.5826,2.9836,1.6716
1.8999,1.5698,2.9912,1.6818
1.9126,1.5698,2.9785,1.6767
1.905,1.5826,2.9861,1.6716
1.8999,1.5698,2.9912,1.6844
1.91,1.5775,2.981,1.6767
1.905,1.5826,2.9836,1.6793
1.905,1.5749,2.9861,1.6844
1.91,1.5826,2.981,1.6767
1.8999,1.5826,2.9938,1.6793
1.905,1.5698,2.9861,1.6767
1.9075,1.5775,2.9861,1.6716
1.8999,1.5775,2.9912,1.6767
1.9126,1.5724,2.9785,1.6818
1.91,1.58,2.9785,1.6742
1.8973,1.5775,2.9912,1.6767
1.9024,1.5749,2.9861,1.6793
1.905,1.5826,2.9836,1.6716
1.8999,1.5698,2.9912,1.6818
1.9126,1.5749,2.9785,1.6793
1.905,1.58,2.9861,1.6767
1.905,1.5775,2.9836,1.6818
1.9126,1.5749,2.981,1.6767
1.8973,1.5826,2.9912,1.6767
1.905,1.5673,2.9861,1.6844
1.9126,1.5749,2.9887,1.6767
1.905,1.5749,2.9861,1.6767
1.9075,1.5775,2.9836,1.6869
1.9126,1.5775,2.9785,1.6793
1.905,1.58,2.9836,1.6793
1.905,1.5749,2.9861,1.6767
1.91,1.5775,2.981,1.6767
1.905,1.5775,2.9861,1.6767
1.9024,1.5698,2.9861,1.6844
1.91,1.5775,2.981,1.6716
1.8999,1.5826,2.9861,1.6716
1.8973,1.5698,2.9912,1.6818
1.9075,1.5775,2.981,1.6767
1.905,1.5826,2.9836,1.6716
1.8973,1.5775,2.9912,1.6793
1.905,1.5749,2.9836,1.6767
1.905,1.5775,2.981,1.6767
1.9075,1.5749,2.9861,1.6793
1.905,1.5698,2.9861,1.6869
1.91,1.5749,2.981,1.6716
1.905,1.5826,2.9861,1.6691
1.8999,1.5775,2.9912,1.6767
1.905,1.5775,2.9861,1.6767
1.9126,1.58,2.981,1.6716
1.8999,1.5749,2.9912,1.6767
1.905,1.5698,2.9861,1.6793
1.9126,1.5775,2.9785,1.6793
1.905,1.5749,2.9836,1.6767
1.9075,1.5775,2.9861,1.6844
1.9126,1.5775,2.981,1.6716
1.8973,1.5826,2.9912,1.6716
1.8999,1.5698,2.9912,1.6844
1.9126,1.5749,2.981,1.6767
1.905,1.5851,2.9861,1.6793
1.905,1.5775,2.9836,1.6793
1.905,1.5749,2.9836,1.6767
1.905,1.5826,2.9861,1.6716
1.8973,1.5775,2.9938,1.6767
1.905,1.5673,2.9861,1.6869
1.9126,1.5775,2.981,1.6742
1.8973,1.5826,2.9938,1.6691
1.8973,1.5698,2.9938,1.6869
1.91,1.5775,2.9785,1.6767
1.905,1.5775,2.9861,1.6716
1.905,1.5775,2.9861,1.6793
1.905,1.5775,2.9861,1.6767
1.9024,1.5826,2.9836,1.6691
1.905,1.5749,2.9938,1.6793
1.9126,1.5749,2.981,1.6742
1.905,1.58,2.9938,1.6716
1.905,1.5698,2.9836,1.6844
1.905,1.5775,2.981,1.6793
1.905,1.5775,2.9861,1.6767
1.905,1.5698,2.9861,1.6844
1.9126,1.5749,2.981,1.6716
1.8973,1.5826,2.9938,1.6793
1.905,1.5724,2.9861,1.6793
1.91,1.5775,2.9861,1.6793
1.905,1.5775,2.9887,1.6793
1.9024,1.5724,2.9861,1.6844
1.9126,1.5826,2.981,1.6742
1.8973,1.5749,2.9938,1.6844
1.91,1.5724,2.9861,1.6844
1.9024,1.5826,2.9861,1.6742
1.8973,1.5775,2.9912,1.6793
1.91,1.5698,2.9861,1.6844
1.91,1.58,2.981,1.6716
1.8999,1.5826,2.9912,1.6793
1.905,1.5698,2.9861,1.6844
1.91,1.5775,2.9861,1.6793
1.905,1.5826,2.9861,1.6742
1.8948,1.5673,2.9938,1.6869
1.91,1.5698,2.9785,1.6844
1.91,1.5826,2.981,1.6742
