2.4658,1.3506,2.9505,1.7787
2.4734,1.3506,2.9428,1.7864
2.4683,1.3506,2.9377,1.7787
2.4709,1.3506,2.9428,1.7711
2.4709,1.3506,2.9428,1.7787
2.4734,1.3506,2.9454,1.7787
2.4734,1.3481,2.9454,1.7787
2.4785,1.3506,2.9377,1.7787
2.4734,1.3557,2.9428,1.7736
2.4632,1.3506,2.953,1.7762
2.4734,1.3455,2.9454,1.7838
2.4785,1.343,2.9377,1.7787
2.4785,1.3506,2.9377,1.7711
2.4709,1.3582,2.9454,1.7787
2.4658,1.3506,2.953,1.7787
2.4734,1.343,2.9403,1.7813
2.4785,1.3506,2.9377,1.7711
2.4683,1.3557,2.9428,1.7685
2.4658,1.3506,2.953,1.7813
2.4734,1.343,2.9454,1.7813
2.4785,1.3506,2.9403,1.7736
2.4658,1.3557,2.953,1.7711
2.4658,1.3455,2.9505,1.7838
2.4785,1.3455,2.9403,1.7762
2.4709,1.3506,2.9454,1.7711
2.4683,1.3506,2.953,1.7762
2.4734,1.3455,2.9428,1.7838
2.4785,1.3557,2.9403,1.7762
2.4709,1.3557,2.9428,1.7685
2.4658,1.3481,2.9505,1.7762
2.4709,1.3506,2.9454,1.7787
2.4734,1.3506,2.9428,1.7787
2.4709,1.3557,2.9428,1.7787
2.4734,1.3532,2.9454,1.7787
2.4734,1.3506,2.9428,1.7762
2.4709,1.3506,2.9428,1.7762
2.4709,1.3506,2.9428,1.7762
2.4632,1.343,2.9505,1.7838
2.4734,1.3455,2.9403,1.7838
2.4785,1.3506,2.9377,1.7711
2.4734,1.3557,2.953,1.7711
2.4658,1.3506,2.9505,1.7813
2.4709,1.3455,2.9428,1.7838
2.4785,1.3532,2.9377,1.7787
2.4709,1.3557,2.9428,1.7762
2.4658,1.3506,2.9505,1.7762
2.4709,1.343,2.9454,1.7838
2.4785,1.3506,2.9403,1.7787
2.4709,1.3506,2.9428,1.7685
2.4734,1.3506,2.9428,1.7762
2.4683,1.3506,2.9428,1.7787
2.4734,1.3455,2.9428,1.7762
2.4785,1.3506,2.9403,1.7762
2.4734,1.3506,2.9428,1.7685
2.4709,1.3506,2.9428,1.7787
2.4709,1.3532,2.9505,1.7813
2.4683,1.3455,2.9428,1.7813
2.476,1.3532,2.9377,1.7762
2.4683,1.3557,2.9505,1.7685
2.4658,1.3506,2.9505,1.7762
2.4709,1.343,2.9403,1.7813
2.4785,1.3481,2.9377,1.7787
2.4785,1.3557,2.9377,1.7711
2.4607,1.3557,2.9505,1.7711
2.4683,1.3532,2.9505,1.7787
2.4683,1.3481,2.9428,1.7762
2.4785,1.3506,2.9352,1.7787
2.4734,1.3557,2.9428,1.7711
2.4632,1.3506,2.9505,1.7787
2.4683,1.3455,2.9428,1.7787
2.4785,1.3455,2.9352,1.7787
2.4785,1.3557,2.9377,1.7711
2.4709,1.3557,2.9479,1.7685
2.4632,1.3455,2.9479,1.7813
2.4709,1.3455,2.9428,1.7838
2.476,1.3506,2.9377,1.7787
2.476,1.3557,2.9352,1.7736
2.4632,1.3557,2.9454,1.7711
2.4632,1.3455,2.9479,1.7813
2.4683,1.3455,2.9377,1.7838
2.4785,1.3455,2.9326,1.7787
2.476,1.3506,2.9377,1.7711
2.4709,1.3582,2.9403,1.7711
2.4709,1.3506,2.9403,1.7762
2.4632,1.3506,2.9505,1.7787
2.4683,1.3506,2.9428,1.7813
2.476,1.3481,2.9377,1.7787
2.4709,1.3582,2.9403,1.7711
2.4709,1.3506,2.9403,1.7787
2.4683,1.3532,2.9454,1.7762
2.4709,1.3455,2.9403,1.7838
2.476,1.3557,2.9326,1.7711
2.4709,1.3506,2.9403,1.7711
2.4683,1.3506,2.9403,1.7787
2.4683,1.3532,2.9505,1.7762
2.4683,1.3455,2.9403,1.7787
2.476,1.3506,2.9352,1.7762
2.4683,1.3582,2.9403,1.7736
2.4683,1.3532,2.9403,1.7787
2.4683,1.3506,2.9403,1.7787
2.4683,1.3506,2.9377,1.7787
2.4785,1.3557,2.9352,1.7711
2.4632,1.3582,2.9403,1.7711
2.4632,1.3532,2.9454,1.7813
2.4709,1.3455,2.9403,1.7838
2.476,1.3532,2.9326,1.7787
2.4632,1.3582,2.9454,1.7711
2.4709,1.3532,2.9403,1.7787
2.4683,1.3481,2.9403,1.7813
2.4683,1.3506,2.9377,1.7787
2.4709,1.3532,2.9403,1.7787
2.4709,1.3506,2.9403,1.7787
2.4734,1.343,2.9403,1.7787
2.4785,1.3506,2.9403,1.7762
2.4683,1.3506,2.9403,1.7762
2.4658,1.3455,2.9479,1.7838
2.476,1.3455,2.9403,1.7787
2.4683,1.3506,2.9403,1.7787
2.4683,1.3506,2.9403,1.7762
2.4607,1.3532,2.9403,1.7762
2.4683,1.3455,2.9377,1.7762
2.476,1.343,2.9352,1.7787
2.476,1.3557,2.9352,1.7711
2.4709,1.3582,2.9454,1.7711
2.4632,1.3455,2.9479,1.7838
2.4785,1.343,2.9403,1.7813
2.4683,1.3532,2.9326,1.7787
2.4709,1.3506,2.9403,1.7787
2.4683,1.3557,2.9403,1.7762
2.4632,1.3532,2.9454,1.7787
2.4683,1.3455,2.9403,1.7838
2.476,1.3481,2.9326,1.7813
2.4683,1.3506,2.9377,1.7736
2.4683,1.3532,2.9403,1.7762
2.4607,1.3532,2.9454,1.7787
2.4683,1.3455,2.9403,1.7787
2.476,1.3532,2.9326,1.7787
2.476,1.3557,2.9403,1.7685
2.4607,1.3532,2.9479,1.7762
2.4683,1.3455,2.9428,1.7838
2.4734,1.3532,2.9326,1.7787
2.4709,1.3582,2.9403,1.7711
2.4632,1.3532,2.9454,1.7787
2.4683,1.3455,2.9403,1.7838
2.4683,1.3506,2.9403,1.7787
2.4683,1.3532,2.9403,1.7787
2.4683,1.3582,2.9377,1.7787
2.4632,1.3532,2.9454,1.7762
2.4683,1.3481,2.9403,1.7787
2.476,1.3532,2.9301,1.7787
2.4709,1.3557,2.9403,1.7787
2.4607,1.3506,2.9377,1.7762
2.4683,1.343,2.9403,1.7838
2.4785,1.3532,2.9326,1.7787
2.4683,1.3557,2.9377,1.7787
2.4632,1.3582,2.9428,1.7787
2.4632,1.3506,2.9428,1.7838
2.4683,1.3455,2.9326,1.7838
2.476,1.3532,2.9326,1.7787
2.476,1.3582,2.9377,1.7711
2.4632,1.3582,2.9428,1.7711
2.4632,1.3532,2.9428,1.7787
2.4683,1.3455,2.9403,1.7838
2.476,1.3506,2.9326,1.7787
2.4734,1.3582,2.9301,1.7736
2.4632,1.3582,2.9454,1.7711
2.4658,1.3506,2.9428,1.7787
2.4683,1.3455,2.9352,1.7762
2.4785,1.3532,2.9403,1.7813
2.4683,1.3582,2.9377,1.7711
2.4632,1.3532,2.9428,1.7787
2.4632,1.3455,2.9428,1.7864
2.4683,1.3455,2.9403,1.7787
2.476,1.3532,2.9301,1.7787
2.4683,1.3557,2.9352,1.7711
2.4632,1.3557,2.9428,1.7762
2.4632,1.3455,2.9428,1.7838
2.4683,1.3532,2.9377,1.7787
2.476,1.3506,2.9377,1.7787
2.4683,1.3582,2.9377,1.7736
2.4683,1.3532,2.9377,1.7787
2.4683,1.3532,2.9377,1.7813
2.476,1.3532,2.9301,1.7813
2.4683,1.3532,2.9352,1.7787
2.4632,1.3532,2.9377,1.7787
2.4683,1.3455,2.9377,1.7787
2.4734,1.3532,2.9275,1.7813
2.4734,1.3582,2.9301,1.7736
2.4632,1.3582,2.9428,1.7787
2.4658,1.3455,2.9428,1.7838
2.476,1.343,2.9275,1.7864
2.476,1.3506,2.9301,1.7736
2.4683,1.3557,2.9377,1.7736
2.4632,1.3532,2.9428,1.7787
2.4632,1.3455,2.9403,1.7838
2.4709,1.3455,2.9352,1.7762
2.476,1.3455,2.9301,1.7813
2.476,1.3506,2.9301,1.7711
2.4683,1.3582,2.9352,1.7711
2.4683,1.3532,2.9352,1.7787
2.4607,1.3557,2.9428,1.7813
2.4683,1.3532,2.9428,1.7838
2.476,1.3455,2.9275,1.7838
2.4683,1.3506,2.9275,1.7787
2.4683,1.3582,2.9377,1.7711
2.4632,1.3557,2.9403,1.7762
2.4632,1.3455,2.9403,1.7838
2.476,1.3481,2.9275,1.7838
2.476,1.3582,2.9275,1.7736
2.4709,1.3582,2.9326,1.7813
2.4632,1.3506,2.9403,1.7787
2.4683,1.3532,2.9326,1.7864
2.4683,1.3506,2.9352,1.7813
2.476,1.3532,2.9275,1.7813
2.4683,1.3582,2.9352,1.7736
2.4632,1.3582,2.9403,1.7787
2.4632,1.3455,2.9403,1.7838
2.4709,1.3455,2.9352,1.7813
2.476,1.3506,2.9275,1.7787
2.4683,1.3557,2.9352,1.7711
2.4683,1.3506,2.9326,1.7787
2.4632,1.3532,2.9352,1.7813
2.4683,1.3455,2.9377,1.7864
2.476,1.3481,2.9301,1.7787
2.4734,1.3582,2.9275,1.7736
2.4709,1.3582,2.9326,1.7762
2.4683,1.3532,2.9352,1.7787
2.4683,1.3532,2.9428,1.7787
2.4683,1.3455,2.9326,1.7864
2.476,1.3455,2.9301,1.7813
2.4734,1.3506,2.9275,1.7762
2.4683,1.3557,2.9377,1.7711
2.4683,1.3532,2.9352,1.7762
2.4683,1.3532,2.9326,1.7813
2.4683,1.3532,2.9377,1.7787
2.476,1.3506,2.9326,1.7813
2.476,1.3582,2.9301,1.7736
2.4632,1.3608,2.9428,1.7736
2.4632,1.3532,2.9428,1.7864
2.4709,1.3532,2.9377,1.7864
2.4709,1.3506,2.9377,1.7813
2.4734,1.3532,2.9301,1.7762
2.4683,1.3582,2.9377,1.7813
2.4632,1.3532,2.9403,1.7813
2.4632,1.3532,2.9352,1.7813
2.4683,1.343,2.9377,1.7813
2.4785,1.3506,2.9326,1.7787
2.4683,1.3608,2.9377,1.7736
2.4683,1.3506,2.9352,1.7787
2.4632,1.3506,2.9428,1.7787
2.4683,1.3455,2.9377,1.7838
2.4709,1.3506,2.9377,1.7787
2.4683,1.3506,2.9326,1.7787
2.4683,1.3582,2.9403,1.7762
2.4632,1.3557,2.9428,1.7787
2.4658,1.3506,2.9403,1.7813
2.4683,1.3455,2.9403,1.7787
2.476,1.3506,2.9301,1.7787
2.476,1.3608,2.9326,1.7711
2.4632,1.3557,2.9377,1.7736
2.4607,1.3532,2.9428,1.7813
2.4683,1.3532,2.9377,1.7787
2.4683,1.3455,2.9377,1.7787
2.476,1.3532,2.9326,1.7813
2.4709,1.3582,2.9377,1.7736
2.4658,1.3506,2.9454,1.7787
2.4607,1.3455,2.9377,1.7864
2.476,1.3455,2.9301,1.7787
2.476,1.3506,2.9377,1.7787
2.4658,1.3582,2.9403,1.7787
2.4607,1.3455,2.9454,1.7838
2.4734,1.3455,2.9377,1.7864
2.4734,1.3506,2.9326,1.7787
2.4658,1.3557,2.9377,1.7711
2.4607,1.3506,2.9454,1.7813
2.4683,1.3532,2.9403,1.7838
2.4683,1.3481,2.9403,1.7787
2.4683,1.3532,2.9403,1.7762
2.4683,1.3557,2.9377,1.7711
2.4632,1.3532,2.9428,1.7787
2.4607,1.3506,2.9403,1.7838
2.4658,1.3455,2.9377,1.7813
2.4734,1.3506,2.9377,1.7813
2.476,1.3582,2.9377,1.7711
2.4683,1.3582,2.9428,1.7711
2.4607,1.3506,2.9428,1.7787
2.4607,1.3455,2.9428,1.7864
2.4683,1.3506,2.9377,1.7864
2.4734,1.3532,2.9326,1.7787
2.4734,1.3557,2.9301,1.7711
2.4683,1.3608,2.9377,1.7736
2.4658,1.3506,2.9428,1.7787
2.4683,1.3532,2.9377,1.7864
2.4683,1.3455,2.9403,1.7787
2.4734,1.3532,2.9326,1.7787
2.4683,1.3506,2.9326,1.7711
2.4632,1.3557,2.9454,1.7711
2.4607,1.3481,2.9454,1.7838
2.4683,1.3455,2.9403,1.7838
2.4734,1.3506,2.9326,1.7736
2.4658,1.3582,2.9403,1.7736
2.4683,1.3506,2.9377,1.7787
2.4607,1.3532,2.9454,1.7813
2.4607,1.343,2.9479,1.7838
2.4683,1.3506,2.9403,1.7813
2.476,1.3532,2.9326,1.7787
2.4709,1.3582,2.9403,1.7711
2.4607,1.3582,2.9479,1.7711
2.4581,1.3532,2.9454,1.7838
2.4683,1.3455,2.9403,1.7838
2.4683,1.3532,2.9403,1.7787
2.4734,1.3506,2.9326,1.7787
2.4658,1.3557,2.9403,1.7711
2.4607,1.3506,2.9479,1.7787
2.4607,1.3455,2.9454,1.7838
2.4683,1.3455,2.9403,1.7787
2.476,1.3506,2.9352,1.7787
2.4734,1.3557,2.9326,1.7736
2.4658,1.3582,2.9479,1.7736
2.4607,1.3506,2.9454,1.7787
2.4658,1.3532,2.9403,1.7813
2.4683,1.3506,2.9377,1.7813
2.4658,1.3532,2.9326,1.7813
2.4683,1.3557,2.9377,1.7711
2.4632,1.3506,2.9454,1.7813
2.4683,1.3455,2.9403,1.7838
2.4734,1.3455,2.9326,1.7787
2.476,1.3506,2.9326,1.7711
2.4607,1.3557,2.9454,1.7711
2.4607,1.3532,2.9454,1.7787
2.4632,1.343,2.9428,1.7838
2.4683,1.3506,2.9403,1.7813
2.4734,1.3506,2.9326,1.7787
2.4734,1.3557,2.9326,1.7736
2.4632,1.3582,2.9428,1.7736
2.4607,1.3532,2.9454,1.7838
2.4658,1.3532,2.9403,1.7864
2.4683,1.3455,2.9403,1.7864
2.4734,1.3532,2.9352,1.7736
2.4658,1.3532,2.9377,1.7711
2.4683,1.3608,2.9377,1.7736
2.4607,1.3455,2.9428,1.7813
2.4683,1.3455,2.9377,1.7864
2.4734,1.3455,2.9301,1.7864
2.4734,1.3532,2.9326,1.7787
2.4683,1.3506,2.9377,1.7762
2.4683,1.3582,2.9454,1.7736
2.4607,1.3506,2.9428,1.7864
2.4683,1.3455,2.9403,1.7838
2.4734,1.3532,2.9326,1.7787
2.4683,1.3557,2.9377,1.7711
2.4683,1.3506,2.9377,1.7787
2.4607,1.3455,2.9428,1.7787
2.4683,1.3481,2.9377,1.7787
2.4734,1.3532,2.9326,1.7787
2.4734,1.3582,2.9301,1.7762
2.4632,1.3608,2.9377,1.7711
2.4632,1.3532,2.9428,1.7813
2.4658,1.3532,2.9377,1.7787
2.4683,1.3481,2.9403,1.7813
2.4734,1.3532,2.9326,1.7813
2.4658,1.3532,2.9403,1.7736
2.4683,1.3582,2.9377,1.7736
2.4607,1.3506,2.9428,1.7787
2.4683,1.3557,2.9377,1.7787
2.4658,1.3455,2.9403,1.7838
2.4734,1.3506,2.9326,1.7787
2.4683,1.3532,2.9403,1.7711
2.4658,1.3608,2.9454,1.7736
2.4632,1.3455,2.9454,1.7864
2.4683,1.3455,2.9403,1.7838
2.4734,1.3532,2.9326,1.7711
2.4683,1.3582,2.9377,1.7736
2.4683,1.3506,2.9377,1.7787
2.4683,1.3532,2.9377,1.7838
2.4683,1.3506,2.9377,1.7813
2.4734,1.3532,2.9326,1.7813
2.4658,1.3532,2.9377,1.7813
2.4607,1.3532,2.9454,1.7813
2.4607,1.3455,2.9403,1.7838
2.4734,1.3455,2.9326,1.7838
2.476,1.3532,2.9326,1.7736
2.4683,1.3532,2.9377,1.7736
2.4683,1.3557,2.9403,1.7762
2.4607,1.3582,2.9454,1.7787
2.4632,1.3455,2.9479,1.7864
2.4658,1.3455,2.9403,1.7838
2.4734,1.3506,2.9326,1.7736
2.4632,1.3582,2.9454,1.7736
2.4632,1.3455,2.9479,1.7864
2.476,1.3455,2.9403,1.7864
2.4734,1.3506,2.9352,1.7762
2.4658,1.3506,2.9352,1.7711
2.4607,1.3582,2.9403,1.7736
2.4632,1.3532,2.9454,1.7813
2.4683,1.3532,2.9403,1.7762
2.4683,1.3455,2.9403,1.7787
2.476,1.3506,2.9326,1.7787
2.476,1.3557,2.9326,1.7736
2.4632,1.3557,2.9454,1.7787
2.4607,1.3455,2.9479,1.7838
2.4658,1.3481,2.9428,1.7838
2.4734,1.3506,2.9352,1.7787
2.4683,1.3506,2.9403,1.7711
2.4683,1.3532,2.9403,1.7762
2.4607,1.3532,2.9479,1.7813
2.4632,1.3455,2.9454,1.7838
2.4734,1.3455,2.9403,1.7813
2.4734,1.3506,2.9352,1.7813
2.4709,1.3506,2.9403,1.7787
2.4683,1.3582,2.9403,1.7736
2.4632,1.3506,2.9479,1.7838
2.4683,1.3506,2.9428,1.7838
2.476,1.3455,2.9428,1.7838
2.4734,1.3532,2.9377,1.7787
2.4709,1.3506,2.9428,1.7711
2.4683,1.3557,2.9428,1.7762
2.4632,1.3532,2.9479,1.7813
2.4683,1.3455,2.9428,1.7813
2.4683,1.3506,2.9428,1.7787
2.4683,1.3506,2.9377,1.7787
2.4683,1.3582,2.9428,1.7787
2.4632,1.3506,2.9479,1.7787
2.4607,1.3455,2.9505,1.7838
2.4683,1.3455,2.9428,1.7838
2.4734,1.3506,2.9377,1.7787
2.4683,1.3557,2.9428,1.7711
2.4683,1.3506,2.9428,1.7787
2.4683,1.3506,2.9428,1.7787
2.4683,1.3455,2.9428,1.7787
2.476,1.3506,2.9377,1.7787
2.476,1.3557,2.9377,1.7711
2.4632,1.3557,2.9505,1.7762
2.4632,1.3455,2.9479,1.7838
2.4683,1.3455,2.9377,1.7838
2.4734,1.3506,2.9377,1.7787
2.4709,1.3582,2.9428,1.7711
2.4683,1.3506,2.9428,1.7762
2.4683,1.3506,2.9428,1.7838
2.4683,1.3506,2.9428,1.7787
2.4658,1.3506,2.9428,1.7787
2.4709,1.3557,2.9454,1.7787
2.4607,1.3506,2.9505,1.7762
2.4683,1.3455,2.9428,1.7838
2.4734,1.3506,2.9403,1.7787
2.476,1.3582,2.9377,1.7685
2.4607,1.3557,2.9505,1.7711
2.4607,1.3455,2.9479,1.7838
2.4734,1.3455,2.9428,1.7838
2.4734,1.3506,2.9403,1.7787
2.4683,1.3557,2.9428,1.7711
2.4632,1.3557,2.9505,1.7762
2.4632,1.3506,2.9505,1.7838
2.4658,1.3506,2.9428,1.7838
2.4683,1.3455,2.9454,1.7838
2.4683,1.3506,2.9454,1.7762
2.4683,1.3506,2.9377,1.7787
2.4683,1.3582,2.9454,1.7787
2.4607,1.3506,2.9505,1.7762
2.4607,1.3455,2.9505,1.7838
2.4683,1.3455,2.9377,1.7838
2.476,1.3481,2.9403,1.7787
2.4683,1.3557,2.9454,1.7711
2.4658,1.3506,2.9454,1.7787
2.4658,1.3481,2.9454,1.7787
2.4658,1.3455,2.9454,1.7787
2.476,1.3506,2.9403,1.7787
2.476,1.3557,2.9403,1.7711
2.4683,1.3582,2.9428,1.7711
2.4658,1.3506,2.9454,1.7762
2.4607,1.3506,2.9454,1.7762
2.4683,1.3455,2.9454,1.7838
2.476,1.3455,2.9403,1.7762
2.476,1.3506,2.9377,1.7711
2.4683,1.3557,2.9454,1.7711
2.4683,1.3481,2.9428,1.7787
2.4658,1.3506,2.9428,1.7762
2.4683,1.3455,2.9454,1.7838
2.4734,1.3506,2.9377,1.7736
2.4683,1.3582,2.9428,1.7787
2.4607,1.3532,2.9505,1.7762
2.4658,1.3455,2.9428,1.7838
2.4734,1.3455,2.9454,1.7864
2.4734,1.3506,2.9352,1.7787
2.4683,1.3506,2.9403,1.7787
2.4683,1.3557,2.9428,1.7711
2.4607,1.3532,2.9505,1.7762
2.4607,1.3532,2.9428,1.7838
2.4709,1.3455,2.9403,1.7762
2.4734,1.3532,2.9377,1.7787
2.4683,1.3582,2.9403,1.7736
2.4607,1.3506,2.9479,1.7787
2.4607,1.3455,2.9428,1.7838
2.4734,1.3455,2.9377,1.7813
2.4734,1.3506,2.9352,1.7787
2.4658,1.3582,2.9403,1.7711
2.4658,1.3532,2.9403,1.7762
2.4607,1.3532,2.9479,1.7787
2.4581,1.3455,2.9479,1.7838
2.4683,1.343,2.9403,1.7838
