0.3143,1.8859,2.6395,1.2713
0.32195,1.8936,2.6344,1.2636
0.31685,1.9012,2.6395,1.256
0.3092,1.9012,2.6446,1.2611
0.31175,1.8885,2.6471,1.2713
0.31685,1.8859,2.6369,1.2713
0.3245,1.8936,2.6344,1.2662
0.31685,1.8936,2.6395,1.2585
0.31685,1.9012,2.6395,1.2662
0.3092,1.891,2.6446,1.2662
0.31685,1.8859,2.6369,1.2713
0.32195,1.8885,2.6344,1.2662
0.32195,1.8987,2.6344,1.2611
0.31175,1.9012,2.6395,1.2611
0.3092,1.8936,2.6471,1.2713
0.31685,1.8885,2.6395,1.2713
0.32195,1.891,2.6318,1.2636
0.32195,1.9012,2.6318,1.2585
0.3143,1.8936,2.6395,1.2662
0.31685,1.8936,2.6395,1.2662
0.31685,1.8859,2.6395,1.2713
0.3245,1.891,2.6318,1.2636
0.31685,1.8987,2.6369,1.2611
0.31175,1.8936,2.6471,1.2713
0.32195,1.8885,2.6395,1.2713
0.32195,1.8961,2.6344,1.2662
0.31685,1.9012,2.6395,1.2585
0.3092,1.8936,2.6471,1.2662
0.31685,1.8859,2.6395,1.2713
0.3245,1.891,2.6318,1.2662
0.31685,1.8987,2.6395,1.2585
0.31175,1.8936,2.6471,1.2636
0.3143,1.8936,2.642,1.2713
0.31685,1.8936,2.6395,1.2636
0.32195,1.8987,2.6344,1.2585
0.31175,1.9012,2.6471,1.2662
0.31175,1.8859,2.6446,1.2713
0.3245,1.8859,2.6344,1.2662
0.32195,1.8936,2.6344,1.2611
0.31685,1.8987,2.6395,1.2585
0.31685,1.9012,2.6471,1.2636
0.3092,1.8936,2.6471,1.2662
0.31685,1.8885,2.6395,1.2713
0.32195,1.8885,2.6344,1.2636
0.32195,1.9012,2.6344,1.256
0.3092,1.8987,2.6471,1.2585
0.31175,1.8936,2.6471,1.2713
0.31685,1.8859,2.6395,1.2713
0.3245,1.8936,2.6344,1.2662
0.3143,1.8987,2.6395,1.2662
0.31685,1.8961,2.6395,1.2713
0.31685,1.8936,2.6395,1.2662
0.31685,1.8936,2.6344,1.2662
0.31685,1.8936,2.6395,1.2662
0.3092,1.8936,2.6471,1.2636
0.31685,1.8859,2.6395,1.2713
0.32195,1.8885,2.6369,1.2611
0.3245,1.8936,2.6344,1.2585
0.3194,1.9012,2.6395,1.2585
0.31175,1.8936,2.6471,1.2713
0.31685,1.8885,2.6395,1.2713
0.31685,1.8936,2.6395,1.2662
0.3245,1.8936,2.642,1.2662
0.31685,1.9012,2.6395,1.2636
0.31175,1.8961,2.6471,1.2636
0.31685,1.891,2.642,1.2687
0.3245,1.8859,2.6344,1.2636
0.3245,1.9038,2.6369,1.256
0.31175,1.9012,2.6471,1.2636
0.31175,1.8885,2.6471,1.2713
0.32195,1.8885,2.6369,1.2662
0.32195,1.9012,2.6369,1.2585
0.31175,1.9012,2.6471,1.2636
0.31175,1.8885,2.6471,1.2713
0.32195,1.891,2.6369,1.2713
0.3245,1.9012,2.6369,1.2585
0.31685,1.8936,2.642,1.2636
0.31175,1.8885,2.6471,1.2713
0.3245,1.891,2.642,1.2713
0.32195,1.8936,2.6369,1.2636
0.31685,1.8936,2.642,1.2585
0.31685,1.9012,2.6395,1.2662
0.31685,1.8936,2.6471,1.2687
0.31685,1.8885,2.6344,1.2713
0.3245,1.9012,2.6369,1.256
0.31685,1.9012,2.642,1.2585
0.31175,1.8936,2.6471,1.2636
0.31685,1.8961,2.642,1.2713
0.31685,1.8961,2.642,1.2636
0.32195,1.8961,2.6344,1.2662
0.31685,1.9038,2.6369,1.2585
0.31175,1.9012,2.6471,1.2585
0.31175,1.8936,2.6471,1.2636
0.31685,1.8961,2.642,1.2713
0.31685,1.8961,2.642,1.2636
0.32195,1.8936,2.6344,1.2662
0.3245,1.9012,2.6344,1.2585
0.31685,1.8961,2.642,1.2611
0.31175,1.8936,2.6471,1.2636
0.31175,1.8885,2.6471,1.2713
0.32195,1.8885,2.6369,1.2662
0.32195,1.9012,2.6344,1.2585
0.31685,1.8936,2.6395,1.2662
0.31685,1.8961,2.642,1.2662
0.31685,1.891,2.642,1.2662
0.3245,1.8961,2.6369,1.2636
0.31685,1.9012,2.6446,1.2636
0.3092,1.8936,2.6497,1.2636
0.31685,1.8961,2.642,1.2636
0.3245,1.8961,2.6369,1.2662
0.31685,1.9012,2.6446,1.2636
0.31685,1.8961,2.6471,1.2662
0.31685,1.8885,2.642,1.2713
0.32195,1.8961,2.6344,1.2662
0.31685,1.9012,2.642,1.2585
0.3092,1.8961,2.6471,1.2636
0.3143,1.8885,2.642,1.2687
0.32705,1.8885,2.6344,1.2636
0.32195,1.9012,2.6369,1.2585
0.3143,1.9012,2.6471,1.2585
0.31175,1.891,2.6497,1.2713
0.31685,1.8859,2.642,1.2713
0.32195,1.8936,2.6369,1.256
0.31685,1.9012,2.642,1.256
0.3092,1.8936,2.6497,1.2662
0.31685,1.8961,2.642,1.2611
0.31685,1.8936,2.6446,1.2636
0.32195,1.8961,2.6344,1.2636
0.3194,1.8961,2.6395,1.2636
0.31175,1.8936,2.6471,1.2713
0.31685,1.8885,2.642,1.2713
0.3245,1.8936,2.6344,1.256
0.31685,1.9012,2.642,1.2585
0.3092,1.8936,2.6471,1.2636
0.3092,1.8885,2.6471,1.2713
0.32195,1.8885,2.6369,1.2636
0.3245,1.9012,2.6344,1.2611
0.31685,1.8936,2.6395,1.2611
0.31685,1.8859,2.6446,1.2713
0.3245,1.8961,2.6369,1.2636
0.31685,1.9012,2.642,1.2585
0.31175,1.8936,2.6471,1.2636
0.31685,1.8885,2.642,1.2687
0.32195,1.8936,2.6344,1.2662
0.31685,1.9012,2.6395,1.2585
0.31685,1.8936,2.642,1.2636
0.31685,1.8936,2.642,1.2662
0.31685,1.8961,2.642,1.2636
0.32195,1.8961,2.6369,1.2636
0.31685,1.8961,2.642,1.2585
0.31175,1.8936,2.6497,1.2636
0.31685,1.8859,2.6446,1.2713
0.31685,1.8936,2.6395,1.2662
0.31685,1.8961,2.642,1.2585
0.31685,1.8936,2.6369,1.2662
0.31685,1.8961,2.6471,1.2687
0.31685,1.8885,2.642,1.2713
0.3245,1.8961,2.6344,1.2636
0.3143,1.9012,2.6395,1.2585
0.31685,1.8936,2.6395,1.2636
0.31175,1.8936,2.642,1.2662
0.31685,1.8961,2.6446,1.2636
0.31685,1.8936,2.6369,1.2636
0.31685,1.9012,2.6395,1.2585
0.31175,1.8961,2.642,1.2662
0.31685,1.8885,2.642,1.2611
0.31685,1.8936,2.642,1.2611
0.31685,1.8936,2.642,1.2662
0.31685,1.8936,2.642,1.2687
0.3194,1.8961,2.642,1.2662
0.3194,1.8961,2.642,1.2636
0.31685,1.8936,2.642,1.2636
0.31175,1.8936,2.6497,1.2611
0.31175,1.891,2.6471,1.2713
0.31685,1.8961,2.6395,1.2636
0.31685,1.8936,2.642,1.256
0.31685,1.8936,2.6395,1.2636
0.31685,1.8936,2.6446,1.2636
0.31685,1.8936,2.642,1.2636
0.32705,1.8961,2.6344,1.2636
0.3194,1.8987,2.642,1.2585
0.31175,1.8961,2.6471,1.2662
0.31685,1.8885,2.642,1.2713
0.3245,1.8961,2.6344,1.2636
0.3194,1.9012,2.6395,1.2585
0.31175,1.8936,2.6471,1.2636
0.31685,1.8936,2.642,1.2713
0.3245,1.8961,2.6369,1.2611
0.31685,1.9012,2.642,1.256
0.31175,1.8936,2.6471,1.2611
0.31685,1.891,2.642,1.2713
0.31685,1.8961,2.6395,1.2636
0.31685,1.8936,2.642,1.256
0.31685,1.8936,2.642,1.2636
0.3143,1.8936,2.642,1.2713
0.32705,1.8936,2.6344,1.2636
0.31685,1.9012,2.6395,1.256
0.3143,1.8961,2.6471,1.2713
0.31685,1.8885,2.642,1.2687
0.32195,1.8936,2.6369,1.2636
0.31685,1.9012,2.6446,1.2636
0.31175,1.8936,2.6471,1.2636
0.31685,1.8885,2.6446,1.2713
0.3245,1.8885,2.6369,1.2636
0.32195,1.9038,2.6344,1.2585
0.3194,1.8987,2.6446,1.256
0.3143,1.8885,2.6471,1.2687
0.31685,1.8885,2.6395,1.2713
0.3245,1.8885,2.6369,1.2713
0.32195,1.9012,2.6344,1.2585
0.3092,1.8961,2.6471,1.2636
0.31685,1.8885,2.6446,1.2713
0.3245,1.891,2.6369,1.2636
0.32705,1.9012,2.6344,1.256
0.31685,1.9012,2.6471,1.2585
0.3143,1.8961,2.6497,1.2713
0.31685,1.891,2.6369,1.2687
0.32195,1.8961,2.6369,1.256
0.31175,1.9038,2.6522,1.2585
0.31685,1.8961,2.6497,1.2636
0.31685,1.8885,2.6395,1.2713
0.3245,1.8961,2.6344,1.2636
0.3194,1.9012,2.642,1.2585
0.31175,1.8961,2.6471,1.2611
0.31685,1.8885,2.642,1.2687
0.32195,1.8936,2.6395,1.2636
0.31685,1.9012,2.6446,1.2585
0.31175,1.8936,2.6522,1.2611
0.31685,1.8885,2.642,1.2713
0.3245,1.8961,2.6395,1.2662
0.31685,1.9012,2.6446,1.2585
0.31175,1.8961,2.6497,1.2636
0.3194,1.891,2.6446,1.2713
0.32705,1.9038,2.6395,1.256
0.31685,1.9012,2.6446,1.256
0.31685,1.8961,2.6497,1.2611
0.31685,1.8885,2.642,1.2713
0.3245,1.8987,2.6344,1.2611
0.3143,1.9038,2.6446,1.256
0.31175,1.8961,2.6497,1.2636
0.3245,1.8885,2.6369,1.2713
0.3245,1.9038,2.6369,1.2585
0.31175,1.9012,2.6497,1.2636
0.31685,1.8885,2.6446,1.2713
0.31685,1.8961,2.6369,1.2636
0.31685,1.8987,2.6446,1.2585
0.31685,1.8961,2.6446,1.2636
0.3194,1.8961,2.6497,1.2636
0.3194,1.8936,2.6446,1.2687
0.3245,1.8961,2.6369,1.2662
0.3194,1.8961,2.642,1.2585
0.31685,1.8987,2.6446,1.2636
0.31685,1.8961,2.642,1.2636
0.31685,1.8885,2.6446,1.2662
0.3245,1.8961,2.642,1.2662
0.31685,1.9038,2.6446,1.2636
0.31175,1.8961,2.6497,1.2636
0.3194,1.8885,2.6446,1.2636
0.3245,1.8961,2.6369,1.2585
0.31685,1.8961,2.6446,1.2611
0.31685,1.8961,2.6446,1.2636
0.3194,1.8987,2.642,1.2611
0.31685,1.8885,2.6446,1.2662
0.3245,1.8987,2.6369,1.2636
0.31685,1.9012,2.6446,1.2611
0.3092,1.8936,2.6497,1.2713
0.31685,1.8961,2.642,1.2713
0.3194,1.8961,2.6446,1.2636
0.32705,1.8961,2.642,1.2636
0.31685,1.8961,2.6446,1.2636
0.31175,1.8936,2.6497,1.2662
0.31175,1.8885,2.6522,1.2713
0.32705,1.891,2.6446,1.2636
0.31685,1.8961,2.6446,1.2636
0.31685,1.9038,2.6446,1.2636
0.31175,1.8987,2.6471,1.2636
0.31685,1.8885,2.642,1.2713
0.32195,1.8987,2.6369,1.2636
0.31685,1.9038,2.642,1.2585
0.31175,1.8961,2.6497,1.2611
0.31175,1.8885,2.6471,1.2687
0.3245,1.891,2.6369,1.2611
0.32705,1.9038,2.6369,1.2585
0.31175,1.9038,2.6497,1.2636
0.3092,1.8885,2.6446,1.2713
0.3245,1.8961,2.6369,1.2636
0.31685,1.9012,2.6395,1.2585
0.31175,1.8885,2.6497,1.2636
0.3245,1.891,2.6344,1.2713
0.3245,1.9012,2.6369,1.2611
0.31175,1.9038,2.6471,1.2636
0.31175,1.8961,2.642,1.2713
0.31685,1.8961,2.642,1.2611
0.31685,1.8961,2.642,1.2585
0.3194,1.8936,2.642,1.2636
0.31685,1.8961,2.6446,1.2713
0.3194,1.8936,2.642,1.2636
0.3245,1.8936,2.6446,1.2636
0.31685,1.8961,2.642,1.2636
0.31175,1.8936,2.6446,1.2636
0.31685,1.891,2.6446,1.2636
0.3194,1.8961,2.6446,1.2611
0.3194,1.8936,2.642,1.2636
0.31175,1.8961,2.6497,1.2611
0.31685,1.8885,2.6446,1.2636
0.32705,1.8961,2.6395,1.2636
0.31685,1.9012,2.6446,1.256
0.31175,1.8987,2.6497,1.2611
0.3143,1.891,2.6471,1.2662
0.3194,1.8961,2.642,1.2662
0.31685,1.8961,2.6344,1.256
0.31175,1.9012,2.6471,1.256
0.31175,1.8885,2.6471,1.2687
0.3245,1.8885,2.6369,1.2687
0.3245,1.8961,2.6369,1.2585
0.31685,1.9038,2.6497,1.256
0.31175,1.8859,2.6497,1.2687
0.3245,1.8885,2.6369,1.2687
0.32195,1.9012,2.6395,1.256
0.3194,1.9012,2.642,1.2534
0.31175,1.8961,2.6522,1.2611
0.31685,1.8885,2.6446,1.2687
0.31685,1.8936,2.6446,1.2611
0.31685,1.8961,2.642,1.256
0.31685,1.8936,2.642,1.2611
0.31685,1.8961,2.6497,1.2687
0.32195,1.8885,2.6369,1.2611
0.3194,1.8987,2.6446,1.256
0.31175,1.8936,2.6497,1.2611
0.31685,1.8885,2.642,1.2687
0.3245,1.8961,2.6395,1.2611
0.31685,1.9038,2.6446,1.2585
0.31685,1.8961,2.642,1.2611
0.31175,1.8885,2.6471,1.2687
0.3245,1.8961,2.6369,1.2611
0.3245,1.9038,2.6369,1.2585
0.3143,1.9038,2.6497,1.256
0.3143,1.8885,2.6497,1.2687
0.3245,1.891,2.642,1.2662
0.3245,1.8987,2.6369,1.2534
0.31175,1.9012,2.6497,1.2636
0.31175,1.8885,2.6497,1.2662
0.31685,1.8961,2.6369,1.2636
0.3194,1.9012,2.6446,1.2585
0.31175,1.8961,2.6497,1.2687
0.3194,1.8885,2.6446,1.2687
0.3245,1.8961,2.6369,1.2611
0.31685,1.9012,2.6446,1.256
0.31175,1.9038,2.6497,1.2611
0.31175,1.8885,2.6497,1.2687
0.3245,1.8885,2.6369,1.2713
0.3245,1.9012,2.6369,1.2636
0.3194,1.9012,2.642,1.256
0.3143,1.8936,2.6497,1.2611
0.31685,1.8885,2.6446,1.2687
0.3245,1.8936,2.6369,1.2611
0.31685,1.9038,2.6446,1.2534
0.3194,1.8961,2.6497,1.2611
0.3194,1.8885,2.6446,1.2687
0.32705,1.8961,2.6369,1.2611
0.31685,1.9038,2.642,1.2534
0.31175,1.8936,2.6497,1.2611
0.31685,1.8885,2.642,1.2687
0.32705,1.8961,2.6369,1.256
0.3194,1.9012,2.6471,1.256
0.31175,1.8936,2.6471,1.2611
0.31685,1.8936,2.6446,1.2636
0.3194,1.8936,2.642,1.2585
0.3194,1.8936,2.642,1.2611
0.31685,1.8936,2.642,1.2687
0.32705,1.8936,2.6369,1.2611
0.31685,1.9012,2.642,1.2585
0.3143,1.8936,2.6497,1.2611
0.31685,1.8885,2.6446,1.2687
0.3245,1.8936,2.6369,1.2611
0.32705,1.9038,2.6446,1.256
0.3143,1.9012,2.6471,1.2611
0.31175,1.8885,2.6497,1.2687
0.32705,1.8936,2.6344,1.2636
0.3194,1.9012,2.642,1.256
0.31175,1.8936,2.6497,1.2611
0.31685,1.8936,2.642,1.2687
0.31685,1.8885,2.642,1.2636
0.3245,1.8961,2.6369,1.2636
0.3194,1.9012,2.642,1.2585
0.31175,1.9012,2.6497,1.2611
0.31175,1.8885,2.6471,1.2662
0.3245,1.8885,2.6369,1.2636
0.3245,1.9012,2.6369,1.256
0.31175,1.9012,2.6471,1.2636
0.31175,1.8885,2.6497,1.2713
0.3245,1.8859,2.6369,1.2636
0.3245,1.8936,2.6369,1.2662
0.31685,1.8936,2.642,1.2636
0.31685,1.8961,2.642,1.2611
0.31685,1.8936,2.6446,1.2636
0.3194,1.8961,2.642,1.2611
0.31685,1.9012,2.642,1.2636
0.3143,1.8936,2.6497,1.2611
0.31685,1.8936,2.6446,1.2636
0.3245,1.8961,2.642,1.2611
0.31685,1.9012,2.642,1.2636
0.31175,1.8936,2.6497,1.2611
0.31685,1.8885,2.6446,1.2713
0.3245,1.891,2.6369,1.2636
0.32195,1.9012,2.6344,1.2585
0.3194,1.9038,2.642,1.2585
0.3092,1.8961,2.6471,1.2687
0.31685,1.8885,2.6446,1.2687
0.32705,1.8859,2.6369,1.2662
0.3245,1.8936,2.6369,1.2585
0.31685,1.9012,2.642,1.2585
0.31175,1.8936,2.6497,1.2636
0.31685,1.8885,2.642,1.2611
0.32195,1.8961,2.6369,1.2636
0.31175,1.9012,2.6471,1.2585
0.31175,1.8885,2.6471,1.2687
0.3245,1.891,2.6369,1.2636
0.3245,1.8987,2.6369,1.256
0.31175,1.9012,2.6497,1.2636
0.31685,1.891,2.6446,1.2713
0.3245,1.8961,2.6369,1.2611
0.3194,1.9038,2.6446,1.2585
0.31175,1.8859,2.6522,1.2687
0.3245,1.891,2.6369,1.2687
0.3245,1.9038,2.6369,1.256
0.31175,1.9012,2.6471,1.2611
0.31175,1.8885,2.6497,1.2687
0.32195,1.8885,2.6369,1.2636
0.31685,1.9012,2.6446,1.256
0.3143,1.8936,2.6497,1.2611
0.31685,1.891,2.6446,1.2687
0.3245,1.8961,2.6369,1.2636
0.31685,1.9012,2.642,1.256
0.3143,1.8961,2.6471,1.2611
0.31685,1.8885,2.6344,1.2687
0.32705,1.8936,2.6369,1.256
0.31685,1.9012,2.6497,1.256
0.3143,1.8859,2.6497,1.2662
0.32705,1.8885,2.6369,1.2713
0.32705,1.9012,2.6369,1.256
0.3194,1.8936,2.6446,1.2611
0.31685,1.8885,2.6446,1.2713
0.31685,1.8936,2.6369,1.2611
0.3194,1.9012,2.642,1.256
0.3143,1.8961,2.6497,1.2611
0.3194,1.891,2.6446,1.2687
0.32705,1.8885,2.6471,1.2636
0.3245,1.8936,2.642,1.2636
0.3194,1.8961,2.642,1.2611
0.3194,1.8961,2.6497,1.2611
0.3194,1.8961,2.6446,1.2662
0.3245,1.8936,2.6369,1.2611
0.3245,1.9012,2.6369,1.2636
0.31175,1.9012,2.6497,1.2611
0.3143,1.8885,2.6497,1.2687
0.3245,1.891,2.6369,1.2611
0.32705,1.8961,2.642,1.2611
0.3194,1.9038,2.6497,1.256
0.31175,1.8961,2.6497,1.2713
0.31685,1.891,2.6369,1.2687
0.3245,1.8961,2.6344,1.2636
0.31685,1.9038,2.642,1.256
0.31175,1.8961,2.6497,1.2611
0.31685,1.8936,2.6446,1.2687
0.31685,1.8961,2.642,1.2636
0.31685,1.8936,2.642,1.2636
0.31685,1.9012,2.642,1.2611
0.3143,1.8936,2.6471,1.2611
0.3194,1.8936,2.6446,1.2611
0.3245,1.8936,2.6369,1.256
0.3194,1.9038,2.642,1.256
0.31175,1.8859,2.6497,1.2713
0.31685,1.891,2.6369,1.2687
0.3194,1.8936,2.642,1.2636
0.31685,1.8936,2.642,1.2611
0.31685,1.8936,2.642,1.2687
0.31685,1.8961,2.6446,1.2687
0.32195,1.9012,2.6369,1.2585
0.31685,1.9038,2.6471,1.2585
0.31175,1.8936,2.6497,1.2687
0.31685,1.8885,2.642,1.2636
0.3245,1.8936,2.6369,1.2636
0.3194,1.9012,2.642,1.2611
0.31175,1.8961,2.6471,1.2611
0.3194,1.891,2.642,1.2611
0.31685,1.8936,2.6344,1.2636
0.31685,1.8961,2.6446,1.2611
0.3194,1.8961,2.6446,1.2611
0.31685,1.8961,2.6446,1.2611
0.3194,1.8936,2.6369,1.256
0.3143,1.9012,2.6471,1.2611
0.3143,1.8885,2.6522,1.2662
0.3245,1.8961,2.6369,1.2636
0.31685,1.9038,2.6446,1.256
0.31685,1.8961,2.6395,1.2636
0.31685,1.8961,2.642,1.2611
0.3194,1.9012,2.642,1.2585
0.31175,1.8936,2.6522,1.2687
0.3245,1.8885,2.6446,1.2611
