4.1686,0.92488,3.1901,2.1332
4.1609,0.93252,3.1926,2.1281
4.1533,0.92488,3.2003,2.1408
4.1609,0.91978,3.1875,2.1383
4.1686,0.92997,3.1901,2.1281
4.1584,0.93252,3.2028,2.1281
4.1558,0.92488,3.1926,2.1332
4.1609,0.92488,3.1977,2.1332
4.1584,0.92742,3.1952,2.1281
4.1533,0.92997,3.2003,2.1332
4.1558,0.91978,3.2003,2.1383
4.166,0.91978,3.1901,2.1332
4.1686,0.93252,3.1875,2.1281
4.1533,0.93252,3.2028,2.1306
4.1533,0.91723,3.2028,2.1383
4.1686,0.91978,3.1875,2.1383
4.166,0.92488,3.1875,2.1332
4.1609,0.92997,3.1952,2.1281
4.1558,0.92742,3.2003,2.1332
4.1609,0.91978,3.1926,2.1383
4.1609,0.92488,3.1952,2.1306
4.1609,0.92488,3.1952,2.1332
4.1609,0.93252,3.1952,2.1306
4.1533,0.92488,3.2003,2.1383
4.1686,0.91723,3.1875,2.1408
4.1686,0.93252,3.1875,2.1281
4.1533,0.93252,3.2028,2.1281
4.1533,0.92742,3.2003,2.1383
4.166,0.91978,3.1952,2.1383
4.166,0.93252,3.1952,2.1281
4.1558,0.92997,3.2028,2.1332
4.1533,0.91978,3.2003,2.1408
4.166,0.91978,3.1875,2.1408
4.166,0.93252,3.1875,2.1281
4.1609,0.93252,3.2028,2.1281
4.1558,0.91978,3.2003,2.1408
4.1609,0.92742,3.1952,2.1332
4.166,0.92488,3.1952,2.1357
4.1609,0.93252,3.1952,2.1332
4.1533,0.92488,3.2028,2.1306
4.1533,0.91978,3.2028,2.1383
4.166,0.91723,3.1875,2.1383
4.1686,0.92488,3.1875,2.1332
4.1609,0.93252,3.1952,2.1306
4.1533,0.92997,3.2028,2.1332
4.1533,0.91723,3.2003,2.1383
4.1686,0.92488,3.1875,2.1332
4.1609,0.93762,3.1952,2.1281
4.1533,0.92742,3.2028,2.1306
4.1609,0.91978,3.1952,2.1383
4.166,0.92488,3.1875,2.1281
4.1584,0.92997,3.1952,2.1281
4.1533,0.92488,3.2028,2.1357
4.1609,0.91978,3.1952,2.1408
4.1686,0.93252,3.1875,2.1281
4.1507,0.93252,3.2028,2.1281
4.1533,0.91978,3.2028,2.1383
4.166,0.92233,3.1901,2.1383
4.166,0.92997,3.1901,2.1281
4.1533,0.93252,3.1952,2.1255
4.1558,0.91978,3.2028,2.1332
4.1609,0.92233,3.1952,2.1306
4.1686,0.92488,3.1926,2.1332
4.1609,0.92997,3.1952,2.1332
4.1609,0.92488,3.2028,2.1332
4.1609,0.91978,3.1875,2.1383
4.1686,0.92488,3.1901,2.1332
4.1635,0.93252,3.1952,2.1332
4.1558,0.92742,3.2028,2.1306
4.1609,0.91723,3.1952,2.1408
4.1686,0.92488,3.1875,2.1306
4.1609,0.92997,3.1952,2.1255
4.1533,0.92488,3.2028,2.1408
4.1686,0.91978,3.1952,2.1383
4.1609,0.92488,3.1875,2.1306
4.1609,0.92488,3.1952,2.1332
4.1609,0.92488,3.1952,2.1332
4.1609,0.92742,3.1952,2.1332
4.1635,0.92488,3.1952,2.1332
4.1609,0.92997,3.1952,2.1332
4.1584,0.92488,3.1952,2.1332
4.1609,0.92233,3.1952,2.1306
4.1686,0.92488,3.1952,2.1332
4.1635,0.93252,3.1952,2.1332
4.1609,0.92488,3.1952,2.1306
4.1609,0.92488,3.1952,2.1357
4.1635,0.92233,3.1926,2.1281
4.1558,0.92742,3.2028,2.1383
4.1609,0.92233,3.1952,2.1383
4.1686,0.92488,3.1901,2.1306
4.1558,0.93252,3.1952,2.1281
4.1558,0.92488,3.2003,2.1332
4.1609,0.91723,3.1952,2.1332
4.1609,0.92488,3.1926,2.1306
4.1609,0.92997,3.1926,2.1332
4.1558,0.92488,3.2028,2.1383
4.1609,0.92233,3.1952,2.1383
4.1686,0.92742,3.1875,2.1255
4.1609,0.93252,3.1926,2.1281
4.1558,0.92488,3.2028,2.1408
4.1609,0.91978,3.1952,2.1383
4.1686,0.92488,3.1926,2.1306
4.1609,0.92997,3.1952,2.1332
4.1533,0.92488,3.2028,2.1332
4.1609,0.91723,3.1952,2.1383
4.166,0.92488,3.1875,2.1332
4.1609,0.92997,3.1952,2.1306
4.1584,0.92488,3.1952,2.1332
4.1609,0.92488,3.1952,2.1306
4.1609,0.92742,3.1875,2.1306
4.1635,0.93507,3.1926,2.1306
4.1558,0.92742,3.1977,2.1306
4.1609,0.91978,3.1952,2.1332
4.1686,0.92488,3.1875,2.1332
4.1635,0.93252,3.1952,2.1281
4.1558,0.92742,3.2003,2.1306
4.1584,0.91978,3.1926,2.1332
4.1686,0.91978,3.1875,2.1306
4.1686,0.93252,3.1875,2.1255
4.1533,0.93252,3.2003,2.1332
4.1558,0.91978,3.1977,2.1383
4.166,0.91978,3.1875,2.1383
4.166,0.92488,3.1875,2.1281
4.1609,0.93252,3.1952,2.1281
4.1533,0.92488,3.2003,2.1332
4.1507,0.92233,3.2003,2.1383
4.166,0.92233,3.1875,2.1383
4.166,0.92488,3.1875,2.1306
4.1533,0.93252,3.1952,2.1281
4.1507,0.92488,3.2028,2.1306
4.1609,0.92488,3.1952,2.1332
4.166,0.92742,3.1901,2.1332
4.1584,0.92997,3.1977,2.1332
4.1507,0.92488,3.2003,2.1332
4.1584,0.91978,3.1952,2.1383
4.166,0.92488,3.1875,2.1306
4.1609,0.92488,3.1952,2.1306
4.1507,0.92488,3.1977,2.1306
4.1584,0.92488,3.1952,2.1332
4.1635,0.92742,3.1901,2.1306
4.1584,0.93252,3.1952,2.1255
4.1507,0.92488,3.2003,2.1281
4.1507,0.91978,3.2003,2.1383
4.166,0.91723,3.1875,2.1306
4.1635,0.92488,3.1952,2.1306
4.1584,0.93252,3.1952,2.1281
4.1507,0.92488,3.2028,2.1306
4.1558,0.91978,3.1952,2.1383
4.1635,0.92488,3.1901,2.1306
4.1584,0.92488,3.1952,2.1255
4.1507,0.91723,3.2028,2.1357
4.1609,0.92233,3.1926,2.1357
4.1609,0.92997,3.1926,2.1255
4.1507,0.93252,3.2054,2.1255
4.1482,0.91978,3.2028,2.1357
4.1635,0.91723,3.1926,2.1306
4.1635,0.93507,3.1901,2.1255
4.1482,0.92488,3.2028,2.1306
4.1533,0.91978,3.1952,2.1408
4.1609,0.92488,3.1901,2.1306
4.1558,0.92997,3.1977,2.1255
4.1507,0.92488,3.2028,2.1306
4.1558,0.91978,3.1952,2.1332
4.1635,0.92488,3.1901,2.1306
4.1558,0.92997,3.1952,2.1306
4.1507,0.92488,3.2054,2.1332
4.1558,0.91978,3.1952,2.1383
4.1609,0.92488,3.1901,2.1255
4.1558,0.92997,3.1977,2.1255
4.1507,0.91978,3.2028,2.1357
4.1558,0.92742,3.1952,2.1306
4.1558,0.92488,3.1952,2.1255
4.1584,0.92488,3.1952,2.1306
4.1558,0.91978,3.1977,2.1383
4.1609,0.92488,3.1901,2.123
4.1584,0.92997,3.1952,2.1332
4.1533,0.92742,3.2028,2.1306
4.1558,0.92233,3.1952,2.1383
4.1609,0.93252,3.1901,2.1255
4.1507,0.93252,3.2003,2.1306
4.1482,0.91978,3.2054,2.1383
4.1609,0.92488,3.1875,2.1306
4.1584,0.92997,3.1952,2.1281
4.1584,0.92488,3.1952,2.1306
4.1584,0.91978,3.1875,2.1383
4.1533,0.92488,3.1952,2.1255
4.1558,0.92488,3.2028,2.1306
4.1558,0.92488,3.1977,2.1383
4.1558,0.92488,3.1952,2.1306
4.1558,0.92488,3.1952,2.1306
4.1558,0.92488,3.1952,2.1306
4.1558,0.92742,3.2028,2.1281
4.1558,0.92488,3.1977,2.1306
4.1609,0.92488,3.1926,2.1281
4.1558,0.93252,3.1977,2.1281
4.1507,0.92742,3.2028,2.1281
4.1558,0.91978,3.1977,2.1357
4.1609,0.91978,3.1926,2.1306
4.1609,0.92997,3.1901,2.1255
4.1558,0.92488,3.1977,2.1281
4.1507,0.91978,3.2028,2.1383
4.1609,0.91978,3.1926,2.1306
4.1635,0.92997,3.1926,2.123
4.1507,0.92997,3.2028,2.1255
4.1507,0.91978,3.2054,2.1357
4.1558,0.91978,3.2003,2.1281
4.1584,0.92742,3.1977,2.1332
4.1558,0.92742,3.1977,2.1306
4.1507,0.92742,3.2054,2.1281
4.1533,0.92488,3.1952,2.1357
4.1609,0.92742,3.1926,2.1306
4.1584,0.93252,3.1977,2.123
4.1507,0.92742,3.2054,2.1281
4.1584,0.92233,3.1977,2.1357
4.166,0.92488,3.1901,2.1281
4.1609,0.93252,3.1977,2.1255
4.1507,0.92742,3.2028,2.1357
4.1609,0.91978,3.1977,2.1383
4.166,0.92488,3.1926,2.1306
4.1584,0.93252,3.1977,2.1255
4.1507,0.91978,3.2054,2.1383
4.1635,0.91978,3.1901,2.1357
4.1635,0.93252,3.1926,2.1255
4.1507,0.93252,3.2054,2.1281
4.1558,0.91978,3.1977,2.1357
4.1635,0.92488,3.1977,2.1281
4.1584,0.93252,3.1977,2.1281
4.1507,0.92488,3.2028,2.1306
4.1609,0.92488,3.1952,2.1306
4.1635,0.92488,3.1901,2.1281
4.1558,0.92742,3.1952,2.1281
4.1584,0.92488,3.1952,2.1383
4.1558,0.91723,3.1926,2.1281
4.1584,0.93252,3.1977,2.123
4.1507,0.92742,3.2054,2.1357
4.1584,0.91978,3.1977,2.1281
4.1558,0.92488,3.1977,2.1255
4.1558,0.92742,3.1977,2.1281
4.1558,0.92233,3.1977,2.1332
4.1635,0.92488,3.1952,2.1306
4.1482,0.93252,3.1977,2.1281
4.1507,0.92742,3.2028,2.1281
4.1584,0.92488,3.1977,2.1306
4.1558,0.92488,3.1977,2.1281
4.1558,0.93252,3.2054,2.1306
4.1507,0.91978,3.2054,2.1357
4.1635,0.92488,3.1926,2.1306
4.1584,0.93252,3.1977,2.123
4.1507,0.92742,3.2054,2.1281
4.1635,0.91978,3.1977,2.1357
4.1635,0.93252,3.1926,2.123
4.1507,0.93252,3.2054,2.123
4.1533,0.91978,3.2028,2.1357
4.1635,0.92233,3.1926,2.1281
4.1635,0.93252,3.1952,2.123
4.1507,0.92742,3.2054,2.1281
4.1584,0.91723,3.1977,2.1357
4.1635,0.92488,3.1926,2.1306
4.1584,0.93252,3.1977,2.1306
4.1584,0.92488,3.1977,2.1306
4.1558,0.92742,3.1977,2.1306
4.1584,0.92488,3.1977,2.1281
4.1584,0.92997,3.2028,2.1281
4.1558,0.92233,3.1977,2.1306
4.1635,0.92742,3.1901,2.1281
4.1584,0.93252,3.1977,2.123
4.1507,0.92742,3.1977,2.1306
4.1584,0.91978,3.1952,2.1281
4.166,0.92488,3.1901,2.1306
4.1584,0.93252,3.1952,2.1281
4.1507,0.92742,3.2028,2.1306
4.1584,0.92233,3.1977,2.1383
4.1635,0.92488,3.1901,2.1281
4.1609,0.93252,3.1977,2.123
4.1507,0.92742,3.2028,2.1383
4.1584,0.91978,3.1977,2.1357
4.1635,0.92488,3.1926,2.1255
4.1584,0.93252,3.1977,2.123
4.1507,0.91978,3.2054,2.1357
4.1635,0.91978,3.1926,2.1281
4.1635,0.93252,3.1901,2.1255
4.1507,0.92997,3.2054,2.1306
4.1507,0.91723,3.2028,2.1383
4.1584,0.92488,3.1977,2.1281
4.1584,0.92742,3.1952,2.1255
4.1609,0.92488,3.1977,2.1281
4.1584,0.91978,3.1977,2.1357
4.1584,0.92488,3.1901,2.1281
4.1584,0.92488,3.1977,2.1255
4.1584,0.92488,3.1952,2.1306
4.1584,0.92488,3.1977,2.1357
4.1609,0.92488,3.1952,2.1281
4.1584,0.92488,3.1977,2.123
4.1609,0.92742,3.1977,2.1281
4.1609,0.92488,3.1952,2.1306
4.1609,0.92233,3.1952,2.1357
4.166,0.92488,3.1926,2.1306
4.1609,0.92997,3.1977,2.1255
4.1533,0.92997,3.2054,2.1281
4.1533,0.91723,3.2028,2.1357
4.1635,0.91978,3.1901,2.1306
4.166,0.93252,3.1901,2.1255
4.1533,0.92997,3.2028,2.1281
4.1584,0.91978,3.1977,2.1383
4.166,0.92742,3.1926,2.1255
4.1609,0.93252,3.1977,2.1255
4.1533,0.92488,3.2028,2.1357
4.1635,0.91978,3.1952,2.1357
4.1609,0.92488,3.1977,2.1255
4.1584,0.92488,3.1977,2.1306
4.1609,0.92233,3.1952,2.1383
4.166,0.92488,3.1901,2.123
4.1609,0.93507,3.1977,2.1255
4.1507,0.92742,3.2054,2.1281
4.1558,0.91978,3.1977,2.1332
4.166,0.92742,3.1926,2.1281
4.1584,0.93252,3.1977,2.123
4.1584,0.92488,3.1977,2.1306
4.1584,0.92742,3.1977,2.1306
4.1584,0.91978,3.1977,2.1281
4.1635,0.92742,3.1901,2.1306
4.1584,0.93252,3.1977,2.1255
4.1533,0.92488,3.2054,2.1306
4.1507,0.91978,3.2003,2.1357
4.166,0.91723,3.1926,2.1306
4.1635,0.93252,3.1952,2.1204
4.1507,0.93252,3.2054,2.123
4.1584,0.92488,3.2003,2.1281
4.1558,0.92742,3.2003,2.1281
4.1558,0.92488,3.1926,2.1281
4.1558,0.93252,3.2003,2.1204
4.1609,0.92488,3.1977,2.1281
4.1558,0.92742,3.2054,2.1281
4.1558,0.91978,3.2003,2.1357
4.166,0.92742,3.1926,2.123
4.1609,0.93252,3.1977,2.1281
4.1533,0.92742,3.2054,2.1306
4.1558,0.91978,3.1977,2.1281
4.166,0.92742,3.1901,2.1281
4.1584,0.93507,3.1977,2.123
4.1584,0.92488,3.2003,2.1281
4.1584,0.92742,3.2028,2.1357
4.166,0.92233,3.1926,2.1357
4.166,0.93252,3.1952,2.1255
4.1584,0.93507,3.1977,2.123
4.1609,0.92488,3.1977,2.1281
4.1584,0.92488,3.2054,2.1281
4.1584,0.91978,3.2003,2.1357
4.166,0.92488,3.1901,2.1281
4.1635,0.92997,3.1926,2.123
4.1533,0.93252,3.2079,2.123
4.1507,0.92233,3.2054,2.1357
4.166,0.91978,3.2003,2.1332
4.166,0.93252,3.1926,2.1281
4.1558,0.93507,3.2003,2.123
4.1584,0.93252,3.2054,2.123
4.1533,0.92742,3.2054,2.1332
4.1584,0.92488,3.1977,2.1332
4.1584,0.92488,3.2003,2.1281
4.1584,0.92742,3.1977,2.1306
4.1609,0.92488,3.1977,2.1281
4.1584,0.92742,3.2003,2.1332
4.1609,0.92488,3.2003,2.1306
4.1584,0.92488,3.1977,2.123
4.1609,0.92488,3.1977,2.1281
4.1558,0.91723,3.2079,2.1357
4.166,0.91978,3.1901,2.1281
4.166,0.92997,3.1926,2.1204
4.1533,0.93252,3.2054,2.123
4.1533,0.92233,3.2054,2.1332
4.166,0.92233,3.2003,2.1357
4.166,0.92488,3.1926,2.1281
4.1584,0.92488,3.1977,2.123
4.1584,0.92488,3.1977,2.1281
4.1533,0.92742,3.2003,2.1281
4.1609,0.92233,3.1977,2.1357
4.1609,0.92233,3.2003,2.1281
4.1635,0.92742,3.1977,2.1281
4.1609,0.93252,3.2003,2.1204
4.1533,0.92742,3.2054,2.1306
4.1507,0.92233,3.2054,2.1332
4.1609,0.91723,3.1926,2.1383
4.1635,0.92742,3.1952,2.123
4.1609,0.92742,3.2003,2.123
4.1584,0.93252,3.2003,2.1281
4.1507,0.92742,3.2054,2.1306
4.1533,0.91978,3.2054,2.1332
4.1635,0.92233,3.1977,2.1332
4.166,0.92488,3.1926,2.123
4.1609,0.93252,3.2003,2.1204
4.1533,0.93252,3.2054,2.1281
4.1533,0.91978,3.2054,2.1332
4.166,0.91978,3.1926,2.1332
4.166,0.92488,3.1952,2.1281
4.1584,0.93507,3.1977,2.1179
4.1507,0.92488,3.2054,2.1281
4.1584,0.91978,3.1977,2.1332
4.166,0.92488,3.1977,2.1281
4.1609,0.93252,3.2003,2.123
4.1507,0.92488,3.2079,2.1281
4.1558,0.91978,3.2003,2.1332
4.1609,0.92742,3.2003,2.1281
4.1584,0.92488,3.2003,2.1281
4.1584,0.93507,3.1977,2.1281
4.1558,0.92742,3.2079,2.1281
4.1584,0.92233,3.2003,2.1281
4.1584,0.92742,3.1952,2.1281
4.1584,0.93252,3.2003,2.1204
4.1507,0.92742,3.2079,2.1281
4.1584,0.91978,3.2028,2.1357
4.166,0.92488,3.1977,2.1281
4.1584,0.93252,3.2028,2.1204
4.1507,0.92742,3.2054,2.1281
4.1584,0.91978,3.2028,2.1281
4.1635,0.92742,3.1926,2.1281
4.166,0.93252,3.1952,2.1204
4.1507,0.93252,3.2028,2.123
4.1609,0.92742,3.2079,2.1281
4.1584,0.92233,3.2003,2.1281
4.166,0.92742,3.1926,2.1281
4.166,0.93252,3.1952,2.1204
4.1533,0.93252,3.2079,2.1255
4.1533,0.92233,3.2054,2.1332
4.166,0.92233,3.1926,2.1281
4.1609,0.92742,3.2003,2.1281
4.1584,0.93252,3.1977,2.1281
4.1584,0.92742,3.2028,2.1281
4.1584,0.92233,3.1977,2.1281
4.1584,0.92742,3.1977,2.1281
4.1609,0.93507,3.1977,2.123
4.1533,0.92742,3.2079,2.1281
4.1609,0.91978,3.2003,2.1332
4.1584,0.92742,3.2028,2.1281
4.166,0.92742,3.1926,2.1281
4.1584,0.93252,3.2028,2.1281
4.1533,0.92742,3.2079,2.1281
4.1584,0.91723,3.2028,2.1281
4.166,0.92488,3.1952,2.1281
4.1609,0.93252,3.1977,2.123
4.1533,0.93762,3.2054,2.1281
4.1558,0.92233,3.2054,2.1332
4.1609,0.91978,3.2003,2.1357
4.1609,0.92488,3.1952,2.1281
4.1609,0.92488,3.1977,2.123
4.1584,0.92742,3.2003,2.1281
4.1533,0.92742,3.2003,2.1255
4.1584,0.92233,3.2028,2.1357
4.166,0.92488,3.1952,2.1281
4.1584,0.93252,3.2003,2.123
4.1533,0.92488,3.2079,2.1281
4.1533,0.91978,3.2003,2.1357
4.1635,0.92742,3.1952,2.1281
4.166,0.93252,3.1952,2.123
4.1507,0.93252,3.2079,2.1281
4.1609,0.92233,3.2028,2.1357
4.1686,0.92488,3.2028,2.1281
4.1609,0.93252,3.2028,2.123
4.1533,0.92742,3.2079,2.1357
4.1584,0.91978,3.2003,2.1332
4.1686,0.92742,3.1952,2.1281
4.166,0.93252,3.1952,2.123
4.1609,0.93507,3.2054,2.123
4.1533,0.92488,3.2105,2.1281
4.1609,0.92742,3.2079,2.1332
4.1686,0.91978,3.1952,2.1332
4.166,0.92488,3.1952,2.123
4.1609,0.93252,3.2003,2.1204
4.1533,0.93507,3.2079,2.1281
4.1558,0.91978,3.2079,2.1332
4.1609,0.91978,3.2003,2.1357
4.166,0.92742,3.1952,2.1281
4.1609,0.92488,3.2003,2.1204
4.1584,0.92997,3.2003,2.1281
4.1533,0.92742,3.2054,2.1281
4.1533,0.92233,3.2079,2.1357
4.166,0.92233,3.1926,2.1357
4.166,0.92488,3.1952,2.123
4.1584,0.93507,3.2003,2.123
4.1584,0.92742,3.1977,2.1255
4.1584,0.92742,3.2079,2.1281
4.1609,0.92233,3.1977,2.1281
4.166,0.92742,3.1952,2.1281
4.1609,0.93507,3.2028,2.1204
4.1533,0.93252,3.2079,2.123
4.1533,0.91978,3.2079,2.1332
4.1584,0.92233,3.2003,2.1332
4.1558,0.92742,3.1952,2.1281
4.1584,0.92488,3.2003,2.123
4.1584,0.93252,3.2028,2.1281
4.1533,0.92742,3.2079,2.1281
4.1558,0.91978,3.2028,2.1255
4.166,0.91978,3.1926,2.1255
4.166,0.93507,3.1952,2.1204
4.1609,0.93507,3.2079,2.123
4.1533,0.92742,3.2079,2.1357
4.1609,0.91978,3.2003,2.1357
4.1584,0.92488,3.2003,2.1281
4.166,0.92488,3.1926,2.1281
4.1584,0.93507,3.2003,2.1204
4.1533,0.93252,3.2054,2.1255
