2.5983,1.3226,2.9581,1.8093
2.606,1.3226,2.9581,1.8093
2.5983,1.3277,2.9581,1.8042
2.5907,1.3302,2.9632,1.8093
2.5907,1.3149,2.9632,1.817
2.6034,1.3149,2.953,1.8144
2.6034,1.3251,2.9505,1.8042
2.5983,1.3277,2.9581,1.8042
2.5932,1.3226,2.9632,1.8119
2.5958,1.3149,2.9607,1.817
2.606,1.32,2.953,1.8093
2.5983,1.3277,2.9581,1.8042
2.5907,1.3277,2.9632,1.8119
2.5907,1.3149,2.9632,1.817
2.606,1.3149,2.9505,1.817
2.606,1.3277,2.9505,1.8093
2.5983,1.3226,2.9581,1.8093
2.5983,1.3226,2.9581,1.8119
2.5983,1.3175,2.9581,1.8093
2.6034,1.3226,2.9581,1.8119
2.5983,1.3302,2.9581,1.8119
2.5907,1.3226,2.9632,1.8119
2.5983,1.32,2.9581,1.8144
2.6034,1.3226,2.953,1.8093
2.5983,1.3302,2.9581,1.8093
2.5932,1.3226,2.9658,1.8119
2.6009,1.3226,2.9581,1.8093
2.6009,1.32,2.9505,1.8042
2.6009,1.3277,2.9581,1.8042
2.5932,1.3226,2.9632,1.8119
2.5983,1.3149,2.9581,1.8195
2.5983,1.3226,2.9581,1.8119
2.6009,1.3226,2.9607,1.8093
2.5983,1.3251,2.9581,1.8042
2.5907,1.3277,2.9632,1.8093
2.5932,1.3149,2.9658,1.8195
2.606,1.3149,2.9505,1.817
2.606,1.3302,2.9505,1.8042
2.5983,1.3302,2.9632,1.8042
2.5932,1.3226,2.9632,1.817
2.6009,1.3175,2.9505,1.817
2.606,1.3226,2.9505,1.8042
2.6009,1.3302,2.9556,1.8042
2.5958,1.3226,2.9632,1.8119
2.6009,1.3175,2.9556,1.817
2.606,1.3226,2.9505,1.8119
2.6009,1.3302,2.953,1.8042
2.5983,1.3277,2.9632,1.8042
2.5907,1.3226,2.9607,1.8093
2.5983,1.3175,2.9556,1.817
2.606,1.3226,2.9505,1.8119
2.6085,1.3302,2.9505,1.8042
2.6034,1.3251,2.953,1.8093
2.5932,1.3226,2.9556,1.8093
2.6009,1.3175,2.9581,1.8093
2.6085,1.3251,2.9479,1.8119
2.6009,1.3277,2.953,1.8042
2.5983,1.3226,2.953,1.8119
2.6009,1.3226,2.953,1.8195
2.5983,1.3226,2.953,1.8119
2.6009,1.3226,2.953,1.8068
2.6009,1.3251,2.953,1.8093
2.6009,1.3226,2.953,1.817
2.5983,1.3226,2.953,1.8119
2.606,1.3251,2.953,1.8119
2.6009,1.3302,2.953,1.8068
2.5932,1.3226,2.9607,1.817
2.6009,1.3175,2.9479,1.8195
2.6034,1.3251,2.9454,1.8042
2.6009,1.3302,2.9505,1.8068
2.5932,1.3175,2.9607,1.817
2.5983,1.3175,2.9479,1.8144
2.606,1.3277,2.9479,1.8042
2.5983,1.3302,2.9607,1.8042
2.5932,1.3226,2.9607,1.8195
2.5983,1.3175,2.953,1.817
2.6034,1.3226,2.9479,1.8042
2.6009,1.3302,2.9581,1.8042
2.5932,1.3251,2.9632,1.8119
2.5983,1.3149,2.9581,1.817
2.6034,1.3226,2.9479,1.8119
2.5983,1.3226,2.9556,1.8068
2.5932,1.3226,2.9607,1.8093
2.5907,1.32,2.9632,1.817
2.5958,1.3226,2.9556,1.8119
2.6009,1.3226,2.9556,1.8042
2.5983,1.3277,2.9556,1.8119
2.5907,1.3226,2.9607,1.8119
2.5983,1.32,2.9556,1.817
2.5983,1.3226,2.9556,1.8093
2.6034,1.32,2.953,1.8042
2.5983,1.3302,2.9556,1.8042
2.5907,1.3226,2.9632,1.8068
2.5983,1.3175,2.9556,1.817
2.5958,1.32,2.9556,1.8119
2.5983,1.3251,2.9581,1.8042
2.5983,1.3226,2.9581,1.8119
2.5907,1.3226,2.9658,1.8093
2.5983,1.3175,2.9581,1.8119
2.6034,1.3149,2.9505,1.8119
2.6034,1.3277,2.953,1.8017
2.5907,1.3277,2.9632,1.8093
2.5907,1.3226,2.9658,1.817
2.5958,1.3175,2.9505,1.817
2.6034,1.32,2.953,1.8093
2.5958,1.3277,2.9581,1.8017
2.5932,1.32,2.9658,1.8093
2.5983,1.3149,2.9581,1.817
2.6034,1.3226,2.9505,1.8017
2.5983,1.3277,2.9607,1.8042
2.5907,1.32,2.9683,1.8093
2.5958,1.3149,2.9581,1.817
2.6009,1.3226,2.9505,1.8093
2.5983,1.3277,2.9607,1.8017
2.5907,1.3226,2.9658,1.8093
2.5983,1.3149,2.9607,1.8093
2.6009,1.32,2.953,1.8068
2.5958,1.3251,2.9632,1.8017
2.5907,1.3226,2.9658,1.8093
2.5958,1.3149,2.9607,1.817
2.6034,1.32,2.9581,1.8042
2.5983,1.3226,2.9607,1.8017
2.5907,1.3277,2.9683,1.8042
2.5907,1.32,2.9658,1.8144
2.5983,1.3149,2.9607,1.817
2.5958,1.3226,2.9632,1.8093
2.5983,1.32,2.9556,1.8042
2.5958,1.3277,2.9607,1.8017
2.5907,1.3226,2.9683,1.8144
2.5958,1.3149,2.9607,1.8144
2.6034,1.3226,2.9556,1.8093
2.6034,1.3277,2.953,1.8017
2.5907,1.3251,2.9632,1.8017
2.5907,1.32,2.9658,1.817
2.5958,1.3149,2.9607,1.817
2.5958,1.3149,2.9556,1.8093
2.6009,1.3277,2.9556,1.8017
2.5958,1.3277,2.9607,1.8017
2.5932,1.32,2.9658,1.8093
2.5907,1.32,2.9683,1.8068
2.5958,1.3149,2.9607,1.8068
2.6009,1.3149,2.9556,1.8119
2.6034,1.3226,2.9556,1.8068
2.5958,1.3277,2.9607,1.8017
2.5958,1.3251,2.9658,1.8093
2.5907,1.3226,2.9683,1.8119
2.5983,1.3149,2.9632,1.817
2.6034,1.3277,2.9581,1.8093
2.5958,1.3277,2.9607,1.8017
2.5983,1.3226,2.9632,1.8093
2.5983,1.3226,2.9607,1.8068
2.5958,1.32,2.9607,1.8093
2.6009,1.32,2.953,1.8093
2.6034,1.3277,2.9556,1.8017
2.5958,1.3277,2.9683,1.8017
2.5907,1.3226,2.9683,1.8093
2.5958,1.3175,2.9607,1.8144
2.6009,1.32,2.953,1.8068
2.5983,1.32,2.9607,1.8042
2.5983,1.32,2.9607,1.8093
2.5907,1.32,2.9658,1.8093
2.5958,1.3226,2.9607,1.8093
2.6034,1.32,2.9556,1.8093
2.5958,1.3277,2.9607,1.8017
2.5907,1.32,2.9658,1.817
2.5958,1.3149,2.9607,1.8144
2.5983,1.32,2.9632,1.8093
2.5932,1.32,2.9556,1.8093
2.5958,1.3226,2.9632,1.8093
2.5907,1.32,2.9658,1.8119
2.5958,1.3149,2.9632,1.8093
2.6009,1.32,2.9581,1.8093
2.6009,1.3302,2.9556,1.8042
2.5958,1.3251,2.9607,1.8042
2.5907,1.3226,2.9658,1.8093
2.5881,1.3124,2.9683,1.8144
2.6009,1.3124,2.9607,1.8144
2.6009,1.32,2.9556,1.8093
2.6009,1.3277,2.953,1.8017
2.5881,1.3277,2.9607,1.8093
2.5958,1.3226,2.9607,1.8068
2.5958,1.32,2.9632,1.8093
2.6009,1.32,2.953,1.8093
2.5958,1.3277,2.9607,1.8017
2.5881,1.3226,2.9683,1.8093
2.5881,1.3149,2.9607,1.8144
2.6009,1.3149,2.9556,1.817
2.6009,1.32,2.9556,1.8093
2.5958,1.3251,2.9607,1.8017
2.5958,1.3277,2.9607,1.8093
2.5932,1.32,2.9683,1.817
2.5932,1.3149,2.9632,1.8144
2.6009,1.3226,2.9556,1.8093
2.6009,1.3251,2.9556,1.8017
2.5932,1.3277,2.9632,1.8017
2.5881,1.32,2.9683,1.8093
2.5958,1.3149,2.9632,1.8144
2.6009,1.3149,2.9581,1.817
2.6009,1.32,2.9556,1.8017
2.5932,1.3251,2.9632,1.8017
2.5958,1.32,2.9632,1.8093
2.5907,1.32,2.9632,1.8093
2.5958,1.3124,2.9632,1.8144
2.6009,1.3149,2.9556,1.817
2.6034,1.32,2.9556,1.8017
2.5958,1.3277,2.9632,1.8017
2.5958,1.3277,2.9632,1.8093
2.5881,1.3226,2.9708,1.8068
2.5881,1.3149,2.9683,1.8119
2.5958,1.32,2.9632,1.8093
2.6009,1.32,2.9581,1.8093
2.6009,1.3277,2.9556,1.8017
2.5932,1.3226,2.9632,1.8068
2.5881,1.32,2.9683,1.8093
2.5958,1.3149,2.9632,1.817
2.6009,1.3149,2.9632,1.8093
2.6009,1.3175,2.9581,1.8068
2.5958,1.3277,2.9632,1.8017
2.5907,1.32,2.9683,1.8093
2.5932,1.3175,2.9607,1.8144
2.5932,1.3149,2.9556,1.8093
2.6009,1.32,2.9556,1.8017
2.5881,1.3277,2.9658,1.8093
2.5881,1.3149,2.9683,1.8119
2.6009,1.3149,2.9556,1.8144
2.6009,1.32,2.9581,1.8093
2.5958,1.3277,2.9607,1.8042
2.5958,1.3226,2.9632,1.8093
2.5958,1.32,2.9607,1.8119
2.5958,1.3149,2.9607,1.8093
2.6009,1.32,2.9556,1.8093
2.6009,1.3277,2.9556,1.8017
2.5958,1.3251,2.9607,1.8017
2.5907,1.32,2.9683,1.8093
2.5881,1.3149,2.9683,1.8144
2.6009,1.3149,2.9556,1.817
2.6009,1.3251,2.9581,1.8017
2.5958,1.3277,2.9607,1.8017
2.5983,1.32,2.9632,1.8093
2.5907,1.32,2.9683,1.8119
2.5958,1.3149,2.9632,1.8144
2.6009,1.3149,2.9556,1.8093
2.5958,1.32,2.9607,1.8093
2.5958,1.32,2.9607,1.8017
2.5907,1.3149,2.9683,1.8144
2.5958,1.3149,2.9607,1.8144
2.5983,1.3226,2.9556,1.8093
2.5958,1.3277,2.9607,1.8017
2.5907,1.3251,2.9658,1.8068
2.5958,1.3149,2.9607,1.8144
2.6009,1.32,2.9581,1.8093
2.5958,1.3302,2.9607,1.8017
2.5881,1.3226,2.9683,1.8093
2.5881,1.3124,2.9607,1.817
2.6009,1.3149,2.9556,1.8093
2.6034,1.3277,2.9556,1.8093
2.5958,1.3226,2.9607,1.8093
2.5932,1.32,2.9607,1.8068
2.5932,1.32,2.9581,1.8093
2.6009,1.3226,2.9607,1.8093
2.5932,1.3251,2.9607,1.8093
2.5907,1.3226,2.9658,1.8093
2.5907,1.3149,2.9607,1.8119
2.6009,1.32,2.953,1.8093
2.5932,1.3277,2.9607,1.8017
2.5881,1.3302,2.9658,1.8068
2.5907,1.3149,2.9658,1.817
2.6009,1.3175,2.953,1.8144
2.6009,1.3226,2.953,1.8017
2.5958,1.3277,2.9632,1.8017
2.5881,1.32,2.9658,1.8093
2.5881,1.3226,2.9658,1.8144
2.5932,1.3149,2.9607,1.8119
2.5932,1.32,2.9581,1.8068
2.5932,1.3226,2.9505,1.8017
2.5932,1.3277,2.9607,1.8017
2.5881,1.3226,2.9658,1.8119
2.5907,1.32,2.9607,1.817
2.5932,1.3149,2.9607,1.8093
2.6009,1.32,2.953,1.8017
2.5932,1.3302,2.9607,1.8042
2.5856,1.32,2.9658,1.8144
2.5932,1.3149,2.9581,1.8195
2.6009,1.32,2.953,1.8093
2.5958,1.3251,2.9581,1.8017
2.5881,1.3226,2.9632,1.8093
2.5932,1.32,2.9607,1.8144
2.6009,1.3251,2.953,1.8093
2.5932,1.3277,2.9581,1.8017
2.5958,1.3302,2.9632,1.8093
2.5856,1.3149,2.9632,1.8144
2.5983,1.3149,2.9505,1.817
2.6009,1.3226,2.953,1.8093
2.5983,1.3251,2.953,1.8042
2.5856,1.3251,2.9658,1.8093
2.5881,1.3226,2.9658,1.817
2.5983,1.3149,2.9581,1.8144
2.6009,1.3226,2.9505,1.8119
2.6009,1.3277,2.9581,1.8042
2.5881,1.3277,2.9632,1.8017
2.5881,1.3149,2.9658,1.8144
2.5932,1.3149,2.9607,1.817
2.6009,1.3226,2.953,1.8093
2.5932,1.3277,2.9581,1.8042
2.5856,1.3277,2.9658,1.8093
2.5881,1.3149,2.9632,1.8144
2.5932,1.3149,2.9581,1.8093
2.5983,1.32,2.953,1.8093
2.6009,1.3251,2.9505,1.8042
2.5856,1.3302,2.9658,1.8093
2.5856,1.32,2.9658,1.8093
2.5932,1.3149,2.9581,1.8144
2.6009,1.32,2.9505,1.8093
2.5983,1.3226,2.9581,1.8093
2.5932,1.3251,2.9607,1.8093
2.5856,1.3226,2.9658,1.8093
2.5856,1.3149,2.9658,1.8144
2.6009,1.3149,2.9607,1.817
2.6009,1.32,2.953,1.8093
2.5932,1.32,2.9581,1.8017
2.5932,1.32,2.9607,1.8017
2.5881,1.3226,2.9632,1.8093
2.5907,1.3226,2.9581,1.8144
2.5932,1.32,2.9581,1.8093
2.5983,1.3226,2.9505,1.8093
2.5983,1.3251,2.9556,1.8042
2.5932,1.3277,2.9581,1.8017
2.5907,1.32,2.9581,1.8093
2.5958,1.32,2.9581,1.8093
2.5932,1.32,2.9607,1.8093
2.5907,1.32,2.9581,1.8042
2.5907,1.3226,2.9658,1.8093
2.5907,1.3149,2.9607,1.817
2.5932,1.32,2.9607,1.8042
2.5932,1.32,2.953,1.8042
2.5907,1.3251,2.9658,1.8093
2.5881,1.3226,2.9658,1.8119
2.5983,1.3149,2.9581,1.817
2.6009,1.3226,2.9505,1.8017
2.5907,1.3251,2.9581,1.8093
2.5881,1.3226,2.9632,1.8093
2.5856,1.3149,2.9658,1.817
2.6009,1.3149,2.9581,1.817
2.5983,1.32,2.9505,1.8093
2.5932,1.3226,2.9581,1.8017
2.5958,1.3277,2.9581,1.8068
2.5932,1.3226,2.9658,1.8093
2.5907,1.3175,2.9581,1.817
2.5983,1.3149,2.953,1.8093
2.6009,1.3302,2.9505,1.8017
2.5932,1.3277,2.9581,1.8093
2.5856,1.32,2.9658,1.8093
2.5932,1.32,2.9581,1.8093
2.5983,1.3226,2.9505,1.8093
2.5932,1.32,2.9556,1.8093
2.5881,1.3226,2.9683,1.8093
2.5958,1.3149,2.9581,1.8093
2.6009,1.3226,2.9581,1.8093
2.5958,1.3251,2.9581,1.8017
2.5881,1.3226,2.9658,1.8093
2.5932,1.3149,2.9607,1.817
2.6009,1.32,2.9505,1.8093
2.5932,1.3251,2.9581,1.8042
2.5881,1.3277,2.9658,1.8093
2.5881,1.3149,2.9607,1.817
2.5958,1.32,2.9581,1.8093
2.5932,1.3226,2.9505,1.8093
2.5932,1.3277,2.9607,1.8068
2.5856,1.3251,2.9632,1.8093
2.5907,1.3175,2.9581,1.8195
2.5983,1.3149,2.9505,1.8093
2.6009,1.32,2.9581,1.8017
2.5958,1.3226,2.9581,1.8093
2.5907,1.3226,2.9581,1.8093
2.5932,1.3226,2.9581,1.8119
2.6009,1.3226,2.953,1.8093
2.5932,1.3277,2.9581,1.8068
2.5907,1.3226,2.9632,1.8093
2.5881,1.3149,2.9581,1.817
2.5932,1.32,2.9581,1.8119
2.5983,1.3277,2.953,1.8042
2.5932,1.3277,2.9632,1.8042
2.5881,1.3149,2.9607,1.8195
2.5932,1.3175,2.9607,1.817
2.6009,1.32,2.9505,1.8093
2.5932,1.3226,2.9581,1.8017
2.5958,1.3226,2.9581,1.8093
2.5932,1.32,2.9632,1.8119
2.5958,1.3226,2.9581,1.8068
2.6009,1.3226,2.9505,1.8017
2.5958,1.3277,2.9556,1.8042
2.5907,1.3226,2.9607,1.8093
2.5932,1.3149,2.9556,1.817
2.6009,1.32,2.9479,1.8093
2.5932,1.3251,2.953,1.8017
2.5856,1.3226,2.9607,1.8093
2.5881,1.3149,2.9607,1.817
2.6009,1.3124,2.9505,1.8093
2.5983,1.3277,2.9479,1.8119
2.5958,1.3277,2.9581,1.8119
2.5881,1.32,2.9607,1.8093
2.5856,1.3149,2.9607,1.817
2.5932,1.3149,2.9479,1.8195
2.6009,1.3277,2.9454,1.8042
2.5881,1.3302,2.953,1.8093
2.5958,1.3226,2.953,1.8195
2.5958,1.32,2.953,1.8119
2.5983,1.3302,2.9479,1.8068
2.5932,1.3277,2.9607,1.8042
2.5881,1.32,2.9581,1.817
2.5932,1.3149,2.9505,1.817
2.6009,1.3226,2.9479,1.8119
2.5932,1.3302,2.9505,1.8042
2.5932,1.3226,2.9505,1.8119
2.5932,1.3251,2.9505,1.817
2.5932,1.3226,2.9505,1.8119
2.5958,1.3226,2.9505,1.8093
2.5932,1.3226,2.9505,1.8093
2.5856,1.3226,2.9581,1.8093
2.5932,1.3175,2.9505,1.8119
2.5983,1.3251,2.9428,1.8093
2.5932,1.3302,2.9505,1.8042
2.5958,1.3302,2.953,1.8093
2.5932,1.3226,2.9505,1.8119
2.5932,1.3149,2.9505,1.8119
2.6009,1.3226,2.9428,1.8119
2.5932,1.3302,2.9505,1.8042
2.5856,1.3302,2.9581,1.8119
2.5856,1.3175,2.9581,1.817
2.5907,1.3175,2.9454,1.817
2.5983,1.3251,2.9479,1.8042
2.5932,1.3302,2.953,1.8042
2.5856,1.3226,2.9581,1.8093
2.5907,1.3149,2.953,1.817
2.5983,1.3226,2.9454,1.8093
2.6009,1.3302,2.9454,1.8017
2.5881,1.3302,2.9607,1.8093
2.5881,1.3149,2.9581,1.817
2.5983,1.3149,2.9479,1.817
2.6009,1.3226,2.9454,1.8042
2.5932,1.3277,2.953,1.8017
2.5856,1.3226,2.9581,1.8093
2.5856,1.3149,2.9607,1.817
2.5958,1.3175,2.9479,1.817
2.6009,1.3226,2.9454,1.8093
2.5932,1.3277,2.953,1.8042
2.5907,1.3226,2.953,1.8093
2.5932,1.3226,2.953,1.8093
2.5907,1.3149,2.9556,1.8093
2.5958,1.32,2.9479,1.8093
2.5932,1.3302,2.953,1.8017
2.5907,1.3226,2.9505,1.8093
2.5856,1.3226,2.9607,1.8093
2.5932,1.3149,2.9556,1.8144
2.5983,1.3175,2.9479,1.8093
2.5958,1.3302,2.9505,1.8017
2.5856,1.3302,2.9632,1.8017
2.5856,1.3226,2.9632,1.8093
2.5907,1.3149,2.9581,1.817
2.5983,1.3226,2.9505,1.8093
2.5907,1.32,2.9556,1.8017
2.5932,1.3226,2.9556,1.8093
2.5856,1.32,2.9581,1.8093
2.5907,1.3149,2.9581,1.8093
2.6009,1.32,2.9505,1.8093
2.5907,1.3277,2.9556,1.8042
2.5907,1.3226,2.9581,1.8093
2.583,1.3175,2.9632,1.8144
2.5983,1.3149,2.9505,1.8093
2.5983,1.3277,2.9505,1.8042
2.5856,1.3302,2.9632,1.8119
2.5856,1.3149,2.9632,1.8144
2.5983,1.3149,2.953,1.8093
2.5983,1.3277,2.9505,1.8042
2.5932,1.3302,2.9632,1.8017
2.5856,1.32,2.9658,1.817
2.5932,1.3149,2.9505,1.8144
2.5907,1.3226,2.9556,1.8068
2.5907,1.32,2.9556,1.8017
2.5932,1.3226,2.9581,1.8093
2.583,1.3226,2.9581,1.8119
2.5932,1.3149,2.9581,1.8144
2.5983,1.32,2.953,1.8093
2.6009,1.3277,2.9505,1.8042
2.5881,1.3302,2.9607,1.8017
2.5856,1.3226,2.9632,1.8042
2.5881,1.3175,2.9581,1.8119
2.5983,1.3226,2.9505,1.8093
2.5932,1.3226,2.9581,1.8042
2.5932,1.3251,2.9581,1.8068
2.5856,1.3226,2.9556,1.8119
2.5907,1.3149,2.9581,1.817
2.6009,1.3226,2.9505,1.8042
2.5932,1.3226,2.9581,1.8042
2.5958,1.3226,2.953,1.8119
2.5881,1.3149,2.9607,1.8195
2.5983,1.3175,2.9479,1.817
2.5983,1.3251,2.9505,1.8042
2.5932,1.3302,2.9632,1.8042
2.5856,1.3251,2.9607,1.817
