4.3878,0.98096,3.3838,2.2632
4.3725,0.98096,3.3965,2.2709
4.3801,0.98351,3.3914,2.2709
4.3776,0.98861,3.3889,2.2683
4.3725,0.97586,3.394,2.2785
4.3801,0.98351,3.3889,2.2734
4.375,0.97586,3.394,2.2785
4.3852,0.97841,3.3863,2.2709
4.3776,0.98096,3.3889,2.2709
4.3801,0.97586,3.3889,2.276
4.3852,0.98861,3.3838,2.2658
4.375,0.98351,3.394,2.2734
4.3852,0.98606,3.3812,2.2709
4.3725,0.98351,3.3965,2.2709
4.3801,0.98096,3.3889,2.2709
4.3801,0.98096,3.3889,2.2709
4.3776,0.97586,3.3889,2.2785
4.3801,0.98096,3.3889,2.2734
4.375,0.98351,3.3965,2.2709
4.3852,0.97586,3.3838,2.2811
4.3801,0.98861,3.3889,2.2734
4.3801,0.98351,3.3889,2.2785
4.3878,0.98351,3.3838,2.2734
4.3801,0.98351,3.3889,2.2709
4.3801,0.97586,3.3838,2.2785
4.3801,0.98096,3.3863,2.2734
4.3725,0.98351,3.394,2.2709
4.3776,0.97586,3.3812,2.2811
4.3878,0.98861,3.3812,2.2658
4.3725,0.98096,3.3965,2.2734
4.3852,0.97586,3.3812,2.2785
4.3878,0.98861,3.3812,2.2683
4.375,0.98351,3.394,2.2709
4.3827,0.98351,3.3863,2.2709
4.3903,0.98096,3.3889,2.2734
4.3801,0.98096,3.3889,2.2709
4.3801,0.97586,3.3863,2.2785
4.3827,0.98351,3.3889,2.2734
4.3827,0.98096,3.394,2.2709
4.3878,0.97841,3.3812,2.2734
4.3827,0.98861,3.3889,2.2658
4.3776,0.98351,3.3863,2.2734
4.3827,0.98351,3.3889,2.2709
4.3827,0.98606,3.3914,2.2683
4.3776,0.97586,3.394,2.276
4.3878,0.98351,3.3812,2.2709
4.3827,0.98861,3.3863,2.2709
4.3827,0.98096,3.3889,2.2785
4.3903,0.98351,3.3812,2.2709
4.3776,0.98861,3.3863,2.2734
4.3827,0.98096,3.3914,2.2785
4.3903,0.98096,3.3838,2.2709
4.3776,0.98861,3.3965,2.2658
4.3827,0.97331,3.3863,2.2734
4.3827,0.98351,3.3863,2.2658
4.3776,0.97586,3.394,2.2709
4.3878,0.97586,3.3812,2.2785
4.3827,0.98861,3.3889,2.2658
4.3776,0.97331,3.394,2.276
4.3903,0.98096,3.3812,2.2709
4.3827,0.98096,3.3863,2.2709
4.3827,0.97586,3.3863,2.2785
4.3903,0.98861,3.3812,2.2658
4.3801,0.98351,3.3889,2.2709
4.3929,0.98351,3.3787,2.2709
4.375,0.98861,3.3914,2.2658
4.3776,0.97586,3.3863,2.2785
4.3827,0.98096,3.3838,2.2709
4.3827,0.98351,3.3889,2.2709
4.3852,0.97586,3.3889,2.2811
4.3929,0.98861,3.3838,2.2658
4.3801,0.97586,3.3914,2.276
4.3929,0.98096,3.3889,2.2709
4.3776,0.98351,3.3914,2.2709
4.3903,0.97586,3.3812,2.2709
4.3852,0.98861,3.3889,2.2709
4.3852,0.98096,3.3863,2.276
4.3903,0.97841,3.3838,2.2658
4.3852,0.98096,3.3889,2.2709
4.3903,0.97586,3.3889,2.2785
4.3929,0.98861,3.3812,2.2658
4.3776,0.98351,3.394,2.2709
4.3827,0.97586,3.3889,2.2709
4.3852,0.98351,3.3889,2.2658
4.3776,0.97586,3.394,2.2785
4.3903,0.98351,3.3838,2.2709
4.3852,0.98351,3.3863,2.2709
4.3852,0.97331,3.3863,2.276
4.3852,0.98351,3.3863,2.2709
4.3801,0.98096,3.3914,2.276
4.3903,0.97586,3.3812,2.2709
4.3852,0.97841,3.3914,2.2709
4.3827,0.97586,3.3889,2.2785
4.3929,0.98606,3.3838,2.2658
4.3776,0.98096,3.394,2.2709
4.3852,0.98096,3.3889,2.2709
4.3852,0.98861,3.3863,2.2658
4.3852,0.97586,3.3863,2.2785
4.3903,0.98606,3.3787,2.2632
4.3776,0.98351,3.3889,2.2683
4.3929,0.98096,3.3812,2.2709
4.3776,0.98606,3.394,2.2632
4.3852,0.98351,3.3889,2.2709
4.3852,0.98606,3.394,2.2658
4.3801,0.97841,3.394,2.2785
4.3878,0.98096,3.3812,2.2709
4.3801,0.98606,3.3914,2.2683
4.3852,0.97586,3.3863,2.2785
4.3954,0.98861,3.3812,2.2632
4.3776,0.98096,3.3914,2.2709
4.3878,0.98096,3.3863,2.2709
4.3878,0.98861,3.3863,2.2658
4.3801,0.98096,3.394,2.2734
4.3929,0.98096,3.3812,2.2709
4.3852,0.98096,3.3863,2.2709
4.3852,0.97586,3.3838,2.276
4.3929,0.98351,3.3812,2.2658
4.3776,0.98096,3.3914,2.2709
4.3852,0.97586,3.3812,2.276
4.3827,0.98861,3.3889,2.2658
4.3878,0.98096,3.3863,2.276
4.3929,0.98351,3.3812,2.2709
4.3776,0.97841,3.394,2.2785
4.3929,0.97586,3.3812,2.2709
4.3878,0.98861,3.3889,2.2632
4.3852,0.97331,3.3863,2.2734
4.3852,0.98096,3.3812,2.2683
4.375,0.98351,3.3889,2.2709
4.3903,0.98096,3.3812,2.2709
4.3801,0.98861,3.3914,2.2709
4.3827,0.97841,3.3889,2.2709
4.3903,0.98861,3.3812,2.2658
4.3776,0.98096,3.394,2.2709
4.3852,0.98351,3.3889,2.2709
4.3852,0.98861,3.3889,2.2658
4.3776,0.97586,3.394,2.276
4.3852,0.98096,3.3812,2.2632
4.3776,0.97841,3.394,2.2709
4.3827,0.98351,3.3812,2.2709
4.3852,0.98861,3.3863,2.2658
4.3852,0.97331,3.3863,2.2709
4.3852,0.98351,3.3863,2.2709
4.3776,0.98096,3.394,2.276
4.3903,0.97841,3.3812,2.2734
4.3827,0.98096,3.3914,2.2709
4.3827,0.97586,3.3889,2.276
4.3929,0.98861,3.3812,2.2683
4.3776,0.98096,3.3863,2.2709
4.3903,0.98351,3.3812,2.2709
4.3776,0.98861,3.394,2.2709
4.3852,0.97586,3.3863,2.2709
4.3852,0.98096,3.3889,2.2658
4.3776,0.98096,3.394,2.276
4.3903,0.97586,3.3812,2.2709
4.3852,0.98861,3.3863,2.2683
4.3827,0.98096,3.3863,2.2785
4.3903,0.98351,3.3787,2.2632
4.3776,0.98096,3.3914,2.2709
4.3852,0.98096,3.3889,2.2709
4.3852,0.98861,3.3889,2.2632
4.3801,0.97586,3.394,2.2811
4.3929,0.98351,3.3889,2.2709
4.3776,0.98096,3.394,2.2785
4.3929,0.97841,3.3838,2.2709
4.3878,0.98606,3.3863,2.2709
4.3801,0.97586,3.394,2.276
4.3929,0.98351,3.3787,2.2709
4.3852,0.98096,3.3863,2.2709
4.3852,0.97586,3.3889,2.2785
4.3929,0.98606,3.3838,2.2658
4.3827,0.98351,3.394,2.2709
4.3852,0.98096,3.3889,2.2709
4.3852,0.98861,3.3863,2.2632
4.3827,0.98096,3.3863,2.276
4.3929,0.97841,3.3787,2.2632
4.375,0.98096,3.3914,2.2709
4.3878,0.97586,3.3863,2.2683
4.3852,0.98861,3.3863,2.2658
4.3801,0.98096,3.3914,2.2709
4.3954,0.97841,3.3812,2.2709
4.3878,0.98861,3.3863,2.2709
4.3852,0.98096,3.3889,2.276
4.3929,0.98861,3.3812,2.2658
4.3801,0.98351,3.3914,2.2709
4.3852,0.97331,3.3863,2.2709
4.3852,0.98861,3.3889,2.2658
4.3852,0.98096,3.3889,2.2709
4.3929,0.98096,3.3812,2.2709
4.3776,0.98861,3.394,2.2658
4.3852,0.97586,3.3889,2.2709
4.3827,0.98096,3.3889,2.2709
4.3801,0.97586,3.3914,2.276
4.3929,0.97586,3.3812,2.2709
4.3852,0.98861,3.3838,2.2683
4.3852,0.97586,3.3863,2.276
4.3929,0.98351,3.3863,2.2658
4.3776,0.97586,3.3914,2.2785
4.3903,0.97841,3.3787,2.2683
4.3776,0.98351,3.3914,2.2709
4.3903,0.97841,3.3812,2.2709
4.3852,0.97841,3.3889,2.2709
4.3827,0.97586,3.3863,2.276
4.3954,0.98861,3.3812,2.2658
4.3776,0.98096,3.3889,2.2709
4.3903,0.98351,3.3812,2.2709
4.3827,0.98351,3.394,2.2709
4.3954,0.97586,3.3889,2.2785
4.3852,0.98861,3.3863,2.2709
4.3852,0.97586,3.3889,2.276
4.3903,0.98861,3.3812,2.2658
4.3776,0.98096,3.3889,2.2709
4.3929,0.98096,3.3812,2.2658
4.3776,0.97841,3.394,2.2709
4.3852,0.98096,3.3889,2.2709
4.3827,0.98861,3.3863,2.2658
4.3776,0.98096,3.3863,2.276
4.3903,0.98861,3.3812,2.2632
4.3801,0.98351,3.3914,2.276
4.3903,0.97841,3.3838,2.2709
4.3852,0.98096,3.3914,2.2709
4.3929,0.97586,3.3889,2.2709
4.3852,0.98861,3.394,2.2632
4.3852,0.97331,3.3863,2.2785
4.3852,0.98096,3.3863,2.2658
4.3801,0.97841,3.394,2.2785
4.3929,0.98351,3.3812,2.2709
4.3878,0.98351,3.3889,2.2709
4.3954,0.97331,3.3889,2.276
4.3827,0.98861,3.3889,2.2658
4.3776,0.97586,3.3914,2.2734
4.3929,0.97841,3.3812,2.2734
4.3776,0.98096,3.394,2.276
4.3903,0.97586,3.3863,2.276
4.3852,0.98861,3.3889,2.2709
4.3776,0.97586,3.394,2.2785
4.3827,0.98351,3.3863,2.2709
4.3801,0.97841,3.394,2.2709
4.3929,0.98351,3.3838,2.2709
4.3852,0.98096,3.3863,2.2683
4.3827,0.97586,3.3863,2.2709
4.3827,0.98096,3.3863,2.2658
4.375,0.97841,3.394,2.2785
4.3903,0.97841,3.3812,2.2709
4.3827,0.98096,3.3889,2.2709
4.3852,0.97586,3.3889,2.2785
4.3903,0.98861,3.3812,2.2658
4.3776,0.98096,3.394,2.2709
4.3852,0.98351,3.3889,2.2709
4.3852,0.98606,3.3863,2.2658
4.375,0.97586,3.394,2.2811
4.3903,0.98351,3.3812,2.2709
4.3827,0.98351,3.3914,2.2709
4.3852,0.97586,3.3863,2.2785
4.3903,0.98606,3.3838,2.2658
4.3776,0.98351,3.3914,2.2709
4.3852,0.97841,3.3863,2.2709
4.3827,0.98861,3.3863,2.2658
4.3776,0.97586,3.3965,2.2785
4.3903,0.97841,3.3812,2.2658
4.3776,0.98861,3.3965,2.2709
4.3852,0.97331,3.3889,2.2709
4.3903,0.98861,3.3812,2.2658
4.3776,0.98096,3.394,2.2709
4.3903,0.97586,3.3812,2.2709
4.3827,0.98861,3.3889,2.2658
4.3827,0.97841,3.3863,2.2785
4.3878,0.98351,3.3812,2.2734
4.3776,0.98861,3.3889,2.2709
4.3852,0.97331,3.3863,2.2811
4.3929,0.98861,3.3812,2.2658
4.3776,0.98096,3.3889,2.2709
4.3903,0.98861,3.3812,2.2709
4.3801,0.98861,3.3863,2.2658
4.3852,0.97586,3.3863,2.2785
4.3852,0.98351,3.3863,2.2632
4.3801,0.98351,3.394,2.2683
4.3852,0.97841,3.3889,2.2709
4.3827,0.98861,3.394,2.2658
4.3852,0.97586,3.3863,2.276
4.3852,0.98351,3.3863,2.2658
4.3801,0.97586,3.3914,2.2785
4.3903,0.98096,3.3838,2.2709
4.3852,0.98351,3.3889,2.2709
4.3852,0.97586,3.3863,2.2785
4.3954,0.98606,3.3838,2.2658
4.3852,0.98351,3.3914,2.2709
4.3852,0.98351,3.3889,2.2709
4.3852,0.98861,3.3889,2.2632
4.3801,0.98096,3.3889,2.276
4.3929,0.98351,3.3812,2.2709
4.3852,0.98351,3.3863,2.2709
4.3852,0.97586,3.3889,2.276
4.3903,0.98096,3.3838,2.2658
4.3801,0.98861,3.3914,2.2709
4.3852,0.97586,3.3889,2.2785
4.3852,0.98351,3.3889,2.2658
4.3776,0.98096,3.394,2.2709
4.3852,0.97586,3.3812,2.276
4.3852,0.98861,3.3863,2.2709
4.3776,0.98351,3.3889,2.2709
4.3852,0.98351,3.3889,2.2709
4.3852,0.98861,3.3914,2.2658
4.3776,0.97586,3.394,2.2785
4.3929,0.97586,3.3812,2.2709
4.3827,0.98861,3.3889,2.2632
4.375,0.97586,3.394,2.276
4.3903,0.98096,3.3812,2.2658
4.3776,0.98606,3.394,2.2709
4.3827,0.97586,3.3889,2.2785
4.3852,0.98351,3.3889,2.2709
4.3776,0.98096,3.3914,2.2709
4.3827,0.98096,3.3889,2.2709
4.3852,0.98096,3.3889,2.2658
4.3776,0.98096,3.394,2.2709
4.3929,0.98096,3.3812,2.2709
4.3852,0.98861,3.3863,2.2709
4.3852,0.98351,3.3863,2.276
4.3929,0.98861,3.3812,2.2658
4.3801,0.98606,3.394,2.2709
4.3852,0.97586,3.3889,2.2709
4.3852,0.97841,3.3889,2.2632
4.3776,0.98351,3.3914,2.2785
4.3903,0.97331,3.3812,2.2709
4.3852,0.98861,3.3863,2.2683
4.3827,0.98096,3.3863,2.276
4.3903,0.98861,3.3787,2.2658
4.3801,0.98096,3.3889,2.2709
4.3827,0.98096,3.3889,2.2709
4.3878,0.98096,3.3889,2.2709
4.3852,0.97586,3.3889,2.276
4.3903,0.98861,3.3838,2.2658
4.3776,0.98096,3.394,2.276
4.3903,0.98096,3.3812,2.2709
4.3776,0.98096,3.394,2.276
4.3929,0.98351,3.3812,2.2709
4.3852,0.98351,3.3863,2.2709
4.3903,0.97586,3.3863,2.2785
4.3852,0.98606,3.3889,2.2658
4.3852,0.98351,3.3914,2.276
4.3929,0.97841,3.3787,2.2709
4.3801,0.98096,3.394,2.2709
4.3929,0.97586,3.3812,2.2709
4.3852,0.98351,3.3863,2.2709
4.3878,0.97586,3.3787,2.276
4.3852,0.98861,3.3863,2.2632
4.3852,0.98096,3.3863,2.2785
4.3903,0.98351,3.3812,2.2709
4.3801,0.98096,3.394,2.276
4.3929,0.97586,3.3812,2.2709
4.3852,0.98351,3.3863,2.2709
4.3852,0.98096,3.3889,2.2709
4.3852,0.98861,3.394,2.2658
4.3776,0.97331,3.3889,2.2785
4.3929,0.98861,3.3812,2.2658
4.3801,0.98351,3.394,2.2709
4.3827,0.98351,3.3914,2.2709
4.3852,0.98861,3.394,2.2658
4.3827,0.97586,3.3889,2.2785
4.3852,0.98096,3.3863,2.2632
4.3776,0.98606,3.394,2.2785
4.3903,0.97586,3.3812,2.2709
4.3827,0.98861,3.3889,2.2709
4.3827,0.97586,3.3889,2.276
4.3929,0.98351,3.3812,2.2632
4.3776,0.98861,3.394,2.2709
4.3827,0.98096,3.3889,2.2734
4.3852,0.98606,3.3889,2.2658
4.3827,0.98351,3.3863,2.2709
4.3852,0.98096,3.3838,2.2709
4.3776,0.98096,3.3965,2.2683
4.3903,0.97586,3.3812,2.2709
4.3827,0.98096,3.3914,2.2709
4.3827,0.97586,3.3889,2.2785
4.3827,0.98861,3.3889,2.2658
4.3827,0.98096,3.3914,2.2785
4.3929,0.97841,3.3838,2.2632
4.375,0.98096,3.3965,2.2709
4.3827,0.98351,3.3914,2.2709
4.3827,0.98861,3.3889,2.2658
4.3776,0.97586,3.394,2.276
4.3801,0.98096,3.3812,2.2734
4.3827,0.98096,3.3889,2.2709
4.3827,0.97586,3.3889,2.2785
4.3903,0.98861,3.3863,2.2632
4.3827,0.97841,3.3914,2.2709
4.3903,0.98096,3.3812,2.2658
4.375,0.98861,3.394,2.2709
4.3852,0.98096,3.3889,2.2709
4.3801,0.98861,3.3863,2.2658
4.3827,0.97586,3.3889,2.2785
4.3827,0.97841,3.3889,2.2632
4.3776,0.98351,3.394,2.2709
4.3929,0.97841,3.3838,2.2709
4.3852,0.98861,3.3889,2.2658
4.3852,0.98096,3.3889,2.2785
4.3929,0.98861,3.3812,2.2658
4.3801,0.98351,3.394,2.2709
4.3929,0.97841,3.3812,2.2683
4.3801,0.98861,3.394,2.2709
4.3852,0.98096,3.3889,2.2709
4.3878,0.98861,3.3889,2.2658
4.3801,0.98096,3.3889,2.276
4.3954,0.98096,3.3812,2.2658
4.3827,0.98096,3.394,2.2709
4.3878,0.98096,3.3889,2.2709
4.3878,0.98861,3.394,2.2632
4.3903,0.97331,3.3863,2.2785
4.3903,0.98096,3.3863,2.2658
4.3827,0.98351,3.3914,2.2709
4.3954,0.97331,3.3787,2.2709
4.3878,0.98861,3.3863,2.2658
4.3903,0.98096,3.3863,2.2785
4.398,0.98096,3.3812,2.2658
4.3852,0.98606,3.3914,2.2709
4.3903,0.97586,3.3863,2.2709
4.3903,0.98861,3.3863,2.2632
4.3852,0.98096,3.3914,2.2785
4.398,0.98096,3.3812,2.2709
4.3929,0.98096,3.3863,2.2683
4.3954,0.98096,3.3863,2.276
4.398,0.98096,3.3812,2.2709
4.3929,0.98861,3.3889,2.2709
4.3903,0.98096,3.3838,2.276
4.398,0.98096,3.3812,2.2658
4.3878,0.98861,3.3889,2.2709
4.3929,0.97331,3.3889,2.276
4.3929,0.97841,3.3863,2.2709
4.3878,0.98096,3.394,2.276
4.3954,0.97586,3.3812,2.2709
4.3929,0.98861,3.3863,2.2709
4.3852,0.97586,3.394,2.2734
4.398,0.98096,3.3787,2.2709
4.3954,0.98606,3.3914,2.2709
4.3903,0.97841,3.3863,2.2709
4.3954,0.98096,3.3863,2.2658
4.3852,0.97586,3.3914,2.276
4.398,0.97586,3.3812,2.2709
4.3903,0.98096,3.3863,2.2709
4.3903,0.97586,3.3889,2.2709
4.3903,0.98096,3.3863,2.2632
4.3827,0.98096,3.394,2.2683
4.3954,0.97841,3.3838,2.2709
4.3852,0.98096,3.394,2.2683
4.3903,0.98096,3.3863,2.2709
4.3801,0.98861,3.394,2.2658
4.3903,0.97331,3.3863,2.276
4.3954,0.98861,3.3812,2.2658
4.3827,0.98351,3.394,2.2709
4.3929,0.98096,3.3787,2.2709
4.3801,0.98096,3.3914,2.2709
4.3878,0.98351,3.3889,2.2709
4.3852,0.99116,3.3889,2.2658
4.3878,0.97841,3.3889,2.276
4.3929,0.98096,3.3838,2.2658
4.3827,0.98351,3.394,2.2709
4.3878,0.97586,3.3863,2.2709
4.3878,0.98606,3.3889,2.2658
4.3878,0.98351,3.3889,2.276
4.3954,0.98351,3.3812,2.2658
4.3801,0.98096,3.3914,2.2709
4.3827,0.98351,3.3889,2.2709
4.3878,0.98861,3.3889,2.2632
4.3903,0.97331,3.3889,2.2785
4.3878,0.98096,3.3863,2.2658
4.3827,0.97586,3.3965,2.2785
4.3929,0.98096,3.3787,2.2709
4.3776,0.98861,3.3914,2.2709
4.3878,0.97586,3.3838,2.2785
4.3878,0.98861,3.3889,2.2658
4.3827,0.98096,3.3914,2.2709
4.3929,0.97841,3.3838,2.2709
4.3801,0.98861,3.394,2.2709
4.3852,0.97841,3.3889,2.2709
4.3852,0.98861,3.3863,2.2658
4.3827,0.97586,3.3965,2.2811
4.3852,0.98351,3.3812,2.2683
4.3801,0.98096,3.394,2.2709
4.3954,0.97586,3.3812,2.2709
4.3852,0.98351,3.3863,2.2709
4.3852,0.98096,3.3889,2.276
4.3929,0.98861,3.3838,2.2658
4.3801,0.98096,3.3914,2.2709
4.3878,0.97586,3.3863,2.2709
4.3852,0.98861,3.3863,2.2632
4.3776,0.98096,3.394,2.276
4.3929,0.98351,3.3812,2.2709
4.3852,0.98861,3.3889,2.2709
4.3852,0.97586,3.3863,2.276
4.3903,0.98606,3.3812,2.2658
4.3852,0.98096,3.3889,2.2709
4.3827,0.97586,3.3889,2.2785
4.3903,0.98096,3.3838,2.2658
4.3776,0.98861,3.394,2.2683
4.3827,0.97586,3.3889,2.276
4.3903,0.98351,3.3889,2.2709
4.3852,0.98861,3.3965,2.2658
4.3852,0.97586,3.3914,2.2785
4.3929,0.97841,3.3889,2.2709
4.3852,0.98351,3.3889,2.2709
4.3852,0.97586,3.3889,2.2785
