3.5695,1.0804,3.1136,2.0108
3.5619,1.0855,3.1212,2.0031
3.5593,1.0778,3.1238,2.0082
3.5644,1.0778,3.1212,2.0184
3.5619,1.0778,3.1187,2.0082
3.5644,1.0778,3.1161,2.0031
3.5619,1.0778,3.1161,2.0108
3.5644,1.0804,3.1161,2.0184
3.5619,1.0778,3.1187,2.0082
3.5644,1.0804,3.1161,2.0031
3.5619,1.0804,3.1187,2.0108
3.5644,1.0778,3.1161,2.0159
3.5644,1.0778,3.1161,2.0082
3.5619,1.0804,3.1161,2.0108
3.5644,1.0804,3.1161,2.0108
3.5644,1.0804,3.1161,2.0108
3.5644,1.0804,3.1161,2.0108
3.5619,1.0804,3.1161,2.0057
3.5619,1.0855,3.1212,2.0133
3.5542,1.0727,3.1212,2.0184
3.567,1.0727,3.111,2.0108
3.5695,1.0855,3.111,2.0057
3.5568,1.0855,3.1212,2.0108
3.5619,1.0727,3.1161,2.0159
3.567,1.0804,3.111,2.0108
3.5619,1.0804,3.1161,2.0057
3.5619,1.0804,3.1136,2.0108
3.5593,1.0804,3.1161,2.0184
3.5619,1.0804,3.1136,2.0108
3.5619,1.0804,3.1187,2.0108
3.5619,1.0855,3.1136,2.0108
3.5619,1.0804,3.1161,2.0082
3.5593,1.0804,3.1161,2.0108
3.5619,1.0778,3.1161,2.0082
3.5593,1.0804,3.1187,2.0108
3.5568,1.0727,3.1238,2.0159
3.567,1.0727,3.1085,2.0184
3.567,1.0804,3.111,2.0057
3.5619,1.0855,3.1187,2.0031
3.5619,1.0804,3.1161,2.0082
3.5593,1.0778,3.1136,2.0133
3.5593,1.0727,3.1161,2.0184
3.5644,1.0727,3.111,2.0133
3.567,1.0855,3.1085,2.0031
3.5593,1.0855,3.1161,2.0057
3.5593,1.0778,3.1187,2.0108
3.5593,1.0778,3.1238,2.0184
3.5593,1.0727,3.1161,2.0159
3.5593,1.0778,3.1161,2.0108
3.5644,1.0804,3.111,2.0057
3.5593,1.0855,3.1187,2.0057
3.5542,1.0804,3.1238,2.0082
3.5593,1.0804,3.1161,2.0108
3.5593,1.0727,3.1161,2.0082
3.5644,1.0778,3.111,2.0108
3.5644,1.0855,3.1161,2.0031
3.5491,1.0855,3.1263,2.0057
3.5517,1.0804,3.1212,2.0159
3.5568,1.0727,3.1161,2.0159
3.5593,1.0727,3.1085,2.0108
3.5644,1.0855,3.111,2.0031
3.5517,1.088,3.1238,2.0031
3.5491,1.0804,3.1238,2.0082
3.5568,1.0778,3.1187,2.0184
3.5593,1.0727,3.111,2.0082
3.5644,1.0778,3.1136,2.0057
3.5491,1.088,3.1187,2.0031
3.5517,1.0855,3.1263,2.0082
3.5517,1.0727,3.1238,2.0159
3.5593,1.0753,3.1161,2.0159
3.5619,1.0778,3.111,2.0108
3.5593,1.0855,3.1161,2.0057
3.5517,1.0804,3.1238,2.0159
3.5568,1.0753,3.1161,2.0159
3.5644,1.0753,3.111,2.0082
3.5593,1.0778,3.1161,2.0108
3.5593,1.0855,3.1187,2.0108
3.5593,1.0778,3.1161,2.0133
3.5593,1.0804,3.1161,2.0082
3.5644,1.0778,3.1085,2.0031
3.5517,1.0855,3.1238,2.0031
3.5542,1.0804,3.1238,2.0082
3.5593,1.0702,3.1161,2.0159
3.5644,1.0727,3.1085,2.0133
3.5644,1.088,3.111,2.0057
3.5517,1.088,3.1238,2.0108
3.5491,1.0727,3.1212,2.0159
3.5568,1.0727,3.111,2.0159
3.5644,1.0804,3.1136,2.0108
3.5568,1.0855,3.1212,2.0082
3.5517,1.0855,3.1212,2.0082
3.5517,1.0727,3.1263,2.0159
3.5644,1.0727,3.1136,2.0159
3.5644,1.088,3.1085,2.0031
3.5568,1.0778,3.1161,2.0031
3.5517,1.0753,3.1238,2.0159
3.5619,1.0727,3.1187,2.0159
3.5644,1.0778,3.111,2.0082
3.5542,1.0855,3.1161,2.0031
3.5517,1.0727,3.1263,2.0159
3.5619,1.0727,3.1136,2.0133
3.5619,1.0778,3.1136,2.0108
3.5568,1.088,3.1187,2.0006
3.5593,1.0804,3.1161,2.0082
3.5517,1.0778,3.1161,2.0082
3.5568,1.0727,3.1187,2.0082
3.5644,1.0804,3.111,2.0082
3.5568,1.0804,3.1187,2.0031
3.5568,1.0804,3.1187,2.0082
3.5568,1.0778,3.1187,2.0108
3.5568,1.0727,3.111,2.0159
3.5644,1.0804,3.1136,2.0082
3.5593,1.0855,3.1187,2.0031
3.5568,1.0804,3.1187,2.0082
3.5517,1.0804,3.1263,2.0082
3.5568,1.0727,3.1187,2.0159
3.5644,1.0804,3.1187,2.0057
3.5568,1.088,3.1187,2.0031
3.5568,1.0804,3.1161,2.0082
3.5517,1.0804,3.1238,2.0082
3.5568,1.0702,3.1187,2.0082
3.5644,1.0778,3.1136,2.0108
3.5644,1.0855,3.1161,2.0031
3.5542,1.0778,3.1238,2.0108
3.5517,1.0727,3.1161,2.0159
3.5644,1.0804,3.1136,2.0082
3.5568,1.0855,3.1161,2.0082
3.5491,1.0804,3.1238,2.0108
3.5593,1.0753,3.1187,2.0082
3.5619,1.0804,3.111,2.0108
3.5593,1.088,3.1187,2.0031
3.5593,1.0804,3.1238,2.0082
3.5568,1.0727,3.1085,2.0159
3.5644,1.0804,3.1085,2.0108
3.5593,1.0855,3.1161,2.0031
3.5517,1.0804,3.1238,2.0108
3.5517,1.0702,3.1238,2.0159
3.567,1.0727,3.1085,2.0108
3.5644,1.0855,3.1085,2.0057
3.5517,1.088,3.1238,2.0031
3.5542,1.0778,3.1212,2.0159
3.5593,1.0727,3.1161,2.0159
3.567,1.0804,3.111,2.0082
3.5593,1.0855,3.1238,2.0057
3.5542,1.0804,3.1238,2.0159
3.5593,1.0727,3.1161,2.0159
3.567,1.0778,3.1085,2.0057
3.5542,1.088,3.1238,2.0108
3.5542,1.0727,3.1212,2.0184
3.5593,1.0804,3.1161,2.0108
3.5593,1.0804,3.1161,2.0108
3.5619,1.0778,3.1161,2.0133
3.5593,1.0804,3.1238,2.0108
3.5593,1.0778,3.1187,2.0108
3.567,1.0855,3.111,2.0057
3.5542,1.0855,3.1238,2.0031
3.5568,1.0753,3.1238,2.0159
3.567,1.0753,3.111,2.0108
3.567,1.088,3.1085,2.0031
3.5542,1.0855,3.1238,2.0082
3.5542,1.0753,3.1238,2.0159
3.5593,1.0753,3.111,2.0159
3.567,1.0804,3.111,2.0031
3.5619,1.0855,3.1161,2.0057
3.5542,1.0804,3.1212,2.0108
3.5593,1.0727,3.1161,2.0159
3.5695,1.0804,3.1085,2.0031
3.5593,1.088,3.1161,2.0057
3.5619,1.0804,3.1161,2.0082
3.5619,1.0778,3.1161,2.0159
3.5619,1.0804,3.1161,2.0108
3.5619,1.0804,3.1161,2.0057
3.5619,1.0804,3.1161,2.0082
3.5568,1.0778,3.1161,2.0108
3.5593,1.0804,3.1187,2.0108
3.5695,1.0778,3.111,2.0108
3.5619,1.0855,3.1161,2.0108
3.5542,1.0804,3.1161,2.0108
3.5568,1.0727,3.1238,2.0159
3.5695,1.0804,3.1085,2.0108
3.5644,1.0855,3.1161,2.0031
3.5542,1.0829,3.1161,2.0108
3.5619,1.0727,3.1161,2.0108
3.5619,1.0778,3.1161,2.0057
3.5542,1.0778,3.1212,2.0133
3.5593,1.0727,3.1161,2.0159
3.567,1.0804,3.1085,2.0108
3.5593,1.0855,3.1161,2.0057
3.5568,1.0778,3.1238,2.0108
3.5593,1.0829,3.1161,2.0159
3.5619,1.0753,3.1161,2.0159
3.5619,1.0804,3.1161,2.0108
3.5593,1.0855,3.1187,2.0108
3.5568,1.0778,3.1238,2.0082
3.5593,1.0727,3.1161,2.0159
3.5695,1.0778,3.1085,2.0082
3.567,1.088,3.111,2.0057
3.5568,1.0855,3.1212,2.0057
3.5568,1.0804,3.1238,2.0159
3.5619,1.0727,3.1187,2.0184
3.5695,1.0804,3.1136,2.0082
3.5593,1.0804,3.1187,2.0057
3.5593,1.0778,3.1161,2.0108
3.5593,1.0804,3.1187,2.0082
3.5619,1.0804,3.1187,2.0082
3.5695,1.0804,3.1187,2.0108
3.5619,1.088,3.1161,2.0082
3.5619,1.0804,3.1238,2.0108
3.5593,1.0727,3.1161,2.0159
3.567,1.0778,3.111,2.0082
3.5593,1.0855,3.1187,2.0108
3.5542,1.0804,3.1238,2.0057
3.5568,1.0727,3.1238,2.0159
3.567,1.0727,3.1212,2.0184
3.567,1.0778,3.111,2.0057
3.5593,1.0855,3.1161,2.0031
3.5542,1.0778,3.1263,2.0159
3.5593,1.0727,3.1187,2.0159
3.567,1.0778,3.111,2.0082
3.5593,1.0778,3.1212,2.0031
3.5568,1.0804,3.1212,2.0082
3.5593,1.0804,3.1212,2.0082
3.5593,1.0804,3.1212,2.0082
3.5644,1.0778,3.1161,2.0082
3.5593,1.0855,3.1238,2.0031
3.5517,1.0778,3.1263,2.0159
3.5593,1.0727,3.1187,2.0159
3.5644,1.0778,3.1161,2.0108
3.5644,1.0855,3.1187,2.0031
3.5517,1.088,3.1263,2.0108
3.5517,1.0727,3.1238,2.0159
3.5644,1.0727,3.1136,2.0159
3.5644,1.0855,3.1136,2.0031
3.5542,1.0855,3.1263,2.0082
3.5517,1.0753,3.1263,2.0159
3.5644,1.0727,3.1136,2.0082
3.5644,1.0855,3.1187,2.0031
3.5517,1.0855,3.1263,2.0082
3.5542,1.0727,3.1212,2.0159
3.5644,1.0778,3.1136,2.0082
3.5593,1.0829,3.1161,2.0031
3.5517,1.0804,3.1263,2.0082
3.5593,1.0727,3.1212,2.0159
3.5568,1.0778,3.1187,2.0082
3.5568,1.0804,3.1187,2.0057
3.5517,1.0855,3.1263,2.0082
3.5491,1.0727,3.1263,2.0159
3.5593,1.0727,3.1136,2.0159
3.5644,1.0804,3.1136,2.0031
3.5568,1.0855,3.1212,2.0031
3.5517,1.0778,3.1238,2.0159
3.5568,1.0727,3.1212,2.0159
3.5644,1.0855,3.1136,2.0031
3.5568,1.0855,3.1187,2.0031
3.5517,1.0804,3.1238,2.0057
3.5568,1.0753,3.1212,2.0133
3.5644,1.0778,3.111,2.0082
3.5593,1.088,3.1187,2.0031
3.5542,1.0778,3.1238,2.0082
3.5491,1.0804,3.1161,2.0159
3.5593,1.0804,3.1187,2.0082
3.5593,1.0804,3.1187,2.0006
3.5568,1.0804,3.1187,2.0031
3.5517,1.0753,3.1238,2.0159
3.5593,1.0727,3.1187,2.0159
3.5644,1.0855,3.111,2.0031
3.5593,1.0778,3.1187,2.0082
3.5542,1.0804,3.1187,2.0108
3.5593,1.0804,3.1187,2.0184
3.5644,1.0829,3.111,2.0031
3.5593,1.088,3.1161,2.0031
3.5542,1.0804,3.1238,2.0082
3.5593,1.0778,3.1187,2.0159
3.5593,1.0727,3.1136,2.0133
3.567,1.0855,3.1136,2.0031
3.5593,1.0855,3.1161,2.0031
3.5542,1.0778,3.1263,2.0082
3.5593,1.0804,3.1187,2.0133
3.5593,1.0804,3.1187,2.0082
3.5593,1.0778,3.1212,2.0082
3.5593,1.0804,3.1212,2.0082
3.5593,1.0804,3.1187,2.0082
3.5593,1.0778,3.1187,2.0082
3.5593,1.0804,3.1212,2.0082
3.5593,1.0804,3.1187,2.0082
3.5619,1.0804,3.1161,2.0159
3.5593,1.0804,3.1212,2.0082
3.567,1.0855,3.1136,2.0031
3.5568,1.0855,3.1238,2.0031
3.5542,1.0727,3.1263,2.0133
3.5593,1.0753,3.1212,2.0133
3.5619,1.0804,3.1136,2.0108
3.5593,1.0778,3.1136,2.0031
3.5619,1.0855,3.1187,2.0031
3.5542,1.0778,3.1263,2.0082
3.5542,1.0727,3.1263,2.0159
3.567,1.0727,3.1136,2.0082
3.5695,1.0855,3.1136,2.0031
3.5542,1.0855,3.1238,2.0082
3.5619,1.0778,3.1187,2.0159
3.5593,1.0778,3.1187,2.0108
3.5695,1.0804,3.1161,2.0082
3.5644,1.0855,3.1161,2.0006
3.5568,1.0855,3.1238,2.0108
3.5568,1.0727,3.1238,2.0159
3.5644,1.0727,3.111,2.0159
3.5695,1.0778,3.111,2.0057
3.5619,1.0855,3.1238,2.0031
3.5593,1.0804,3.1238,2.0108
3.5644,1.0753,3.1161,2.0159
3.5721,1.0804,3.111,2.0082
3.5644,1.0855,3.1161,2.0057
3.5593,1.0804,3.1238,2.0082
3.5644,1.0727,3.1161,2.0159
3.5695,1.0829,3.1136,2.0057
3.5619,1.0855,3.1238,2.0031
3.5568,1.0727,3.1238,2.0159
3.5695,1.0727,3.1136,2.0082
3.5644,1.0855,3.1161,2.0031
3.5568,1.0804,3.1238,2.0159
3.5619,1.0727,3.1161,2.0159
3.5695,1.0804,3.1136,2.0108
3.5644,1.0855,3.1161,2.0108
3.5593,1.0804,3.1238,2.0082
3.5644,1.0702,3.1212,2.0159
3.5695,1.0804,3.1136,2.0108
3.5695,1.0855,3.1136,2.0031
3.5593,1.0855,3.1238,2.0082
3.5593,1.0727,3.1238,2.0159
3.5695,1.0727,3.1136,2.0082
3.5721,1.088,3.111,2.0031
3.5568,1.0855,3.1263,2.0082
3.5593,1.0727,3.1238,2.0133
3.567,1.0727,3.111,2.0159
3.5695,1.0804,3.1136,2.0031
3.5619,1.0855,3.1187,2.0057
3.5644,1.0855,3.1212,2.0082
3.5593,1.0829,3.1263,2.0082
3.5619,1.0727,3.1187,2.0159
3.5721,1.0727,3.1136,2.0082
3.567,1.088,3.111,2.0031
3.5644,1.0855,3.1187,2.0031
3.5568,1.0778,3.1238,2.0082
3.5619,1.0753,3.1187,2.0159
3.5644,1.0804,3.1187,2.0082
3.567,1.0778,3.1161,2.0108
3.5644,1.088,3.1161,2.0031
3.5568,1.0804,3.1238,2.0133
3.5619,1.0804,3.1161,2.0159
3.5644,1.0804,3.111,2.0108
3.5644,1.0804,3.1161,2.0057
3.5619,1.088,3.1161,2.0082
3.5619,1.0778,3.1161,2.0082
3.5593,1.0804,3.1187,2.0082
3.5695,1.0804,3.1161,2.0082
3.5619,1.0804,3.1187,2.0031
3.5568,1.0804,3.1263,2.0159
3.5619,1.0727,3.111,2.0159
3.5695,1.0778,3.111,2.0031
3.5619,1.0855,3.1187,2.0031
3.5568,1.0804,3.1238,2.0108
3.5593,1.0804,3.1187,2.0082
3.5619,1.0778,3.1187,2.0057
3.5619,1.0778,3.1161,2.0108
3.5619,1.0804,3.1187,2.0159
3.5619,1.0778,3.1187,2.0108
3.5619,1.0778,3.1161,2.0108
3.5619,1.0778,3.1161,2.0082
3.5568,1.0804,3.1238,2.0082
3.5619,1.0753,3.1187,2.0108
3.567,1.0804,3.1136,2.0082
3.5619,1.0804,3.1187,2.0031
3.5619,1.0804,3.1187,2.0082
3.5593,1.0778,3.1238,2.0108
3.5619,1.0727,3.111,2.0159
3.567,1.0855,3.111,2.0031
3.5568,1.0855,3.1238,2.0057
3.5568,1.0804,3.1263,2.0159
3.5593,1.0727,3.1161,2.0159
3.5695,1.0804,3.1187,2.0108
3.5593,1.088,3.1161,2.0082
3.5542,1.0829,3.1238,2.0108
3.5568,1.0727,3.1238,2.0159
3.5619,1.0753,3.111,2.0159
3.5695,1.0804,3.1136,2.0082
3.5619,1.0855,3.1187,2.0031
3.5568,1.0804,3.1238,2.0108
3.5644,1.0727,3.1187,2.0159
3.5695,1.0855,3.1136,2.0006
3.5619,1.0855,3.1161,2.0108
3.5568,1.0804,3.1263,2.0159
3.5695,1.0727,3.1187,2.0159
3.5695,1.0804,3.1136,2.0057
3.5593,1.0804,3.1187,2.0082
3.5568,1.0778,3.1263,2.0108
3.5619,1.0804,3.1187,2.0082
3.5619,1.0804,3.1161,2.0082
3.5619,1.0804,3.1187,2.0057
3.5619,1.0778,3.1187,2.0159
3.567,1.0778,3.111,2.0082
3.5644,1.0855,3.1187,2.0057
3.5568,1.0804,3.1238,2.0133
3.5695,1.0753,3.1136,2.0159
3.567,1.0855,3.1136,2.0031
3.5593,1.088,3.1263,2.0031
3.5568,1.0804,3.1263,2.0159
3.567,1.0727,3.111,2.0159
3.567,1.0855,3.1161,2.0057
3.5619,1.0804,3.1187,2.0082
3.5619,1.0804,3.1187,2.0108
3.5593,1.0804,3.1187,2.0082
3.567,1.0804,3.1136,2.0108
3.5619,1.0855,3.1161,2.0082
3.5542,1.0804,3.1263,2.0159
3.5593,1.0753,3.1136,2.0133
3.5695,1.088,3.111,2.0031
3.5619,1.0855,3.1212,2.0031
3.5568,1.0804,3.1263,2.0057
3.5619,1.0753,3.1212,2.0133
3.5695,1.0778,3.1136,2.0082
3.5619,1.0855,3.1187,2.0031
3.5568,1.0778,3.1238,2.0057
3.5593,1.0778,3.1212,2.0159
3.5593,1.0804,3.1212,2.0057
3.5593,1.0804,3.1212,2.0082
3.5593,1.0855,3.1212,2.0006
3.5542,1.0778,3.1263,2.0057
3.5568,1.0753,3.1263,2.0159
3.5593,1.0727,3.1136,2.0133
3.5644,1.0804,3.1136,2.0031
3.5593,1.088,3.1212,2.0082
3.5542,1.0804,3.1212,2.0057
3.5593,1.0753,3.1212,2.0082
3.567,1.0855,3.1161,2.0057
3.5593,1.0855,3.1212,2.0006
3.5542,1.0855,3.1263,2.0057
3.5542,1.0804,3.1263,2.0133
3.5619,1.0727,3.1187,2.0082
3.567,1.0778,3.1161,2.0057
3.567,1.0855,3.1136,2.0006
3.5542,1.088,3.1289,2.0006
3.5542,1.0778,3.1263,2.0108
3.5593,1.0727,3.1212,2.0159
3.5593,1.0804,3.1212,2.0082
3.5619,1.0778,3.1212,2.0057
3.5593,1.0855,3.1187,2.0006
3.5542,1.0855,3.1263,2.0031
3.5542,1.0778,3.1263,2.0057
3.5593,1.0753,3.1212,2.0057
3.567,1.0778,3.1161,2.0082
3.5593,1.0855,3.1161,2.0006
3.5542,1.0855,3.1289,2.0057
3.5542,1.0727,3.1263,2.0108
3.5644,1.0727,3.1136,2.0057
3.567,1.0855,3.1161,2.0031
3.5542,1.088,3.1263,2.0057
3.5542,1.0702,3.1263,2.0133
3.5593,1.0727,3.1212,2.0133
3.567,1.0804,3.1136,2.0082
3.5619,1.0804,3.1187,2.0006
3.5593,1.0855,3.1212,2.0082
3.5542,1.0778,3.1289,2.0082
3.5593,1.0727,3.1212,2.0082
3.567,1.0804,3.1161,2.0082
3.5593,1.088,3.1212,2.0031
3.5542,1.088,3.1263,2.0057
3.5568,1.0727,3.1263,2.0133
3.567,1.0702,3.1136,2.0159
3.5695,1.0804,3.1136,2.0006
3.5619,1.088,3.1212,2.0031
3.5568,1.0778,3.1263,2.0057
3.5619,1.0778,3.1263,2.0159
3.5619,1.0753,3.1212,2.0133
3.5695,1.0855,3.1161,2.0006
3.5593,1.088,3.1212,2.0006
3.5568,1.0804,3.1263,2.0082
3.5568,1.0727,3.1263,2.0133
3.5593,1.0727,3.1161,2.0159
3.567,1.0804,3.1136,2.0006
3.5619,1.0855,3.1212,2.0031
3.5619,1.0804,3.1212,2.0057
3.5593,1.0804,3.1238,2.0133
3.5593,1.0778,3.1212,2.0082
3.5593,1.0778,3.1161,2.0082
3.5644,1.0855,3.1212,2.0031
3.5568,1.0804,3.1263,2.0057
3.5619,1.0753,3.1212,2.0133
3.5619,1.0804,3.1212,2.0057
3.5619,1.0778,3.1212,2.0031
3.5619,1.0804,3.1212,2.0082
3.5542,1.0804,3.1289,2.0082
3.5593,1.0804,3.1212,2.0159
3.5619,1.0727,3.1212,2.0057
3.5619,1.0804,3.1136,2.0082
3.5619,1.0778,3.1212,2.0057
3.5568,1.0804,3.1263,2.0057
3.5593,1.0702,3.1212,2.0082
3.5695,1.0804,3.1161,2.0057
3.5619,1.0855,3.1212,2.0006
3.5542,1.0804,3.1289,2.0057
