3.906,0.9988,3.1569,2.0694
3.8958,0.9988,3.1697,2.0745
3.8958,0.98606,3.1697,2.0847
3.906,0.98606,3.1595,2.0745
3.9086,0.9988,3.1646,2.0694
3.8958,0.99116,3.1697,2.0745
3.9035,0.98606,3.1646,2.0822
3.906,0.99371,3.1595,2.0771
3.9009,0.9988,3.1646,2.0771
3.8933,0.99371,3.1697,2.0771
3.9009,0.98351,3.1646,2.0847
3.906,0.99371,3.1595,2.0745
3.9035,0.9988,3.1646,2.0694
3.8958,0.99116,3.1697,2.0745
3.8958,0.98606,3.1697,2.0822
3.9086,0.98351,3.1569,2.0745
3.9086,0.99625,3.1569,2.0694
3.8958,0.9988,3.1722,2.0669
3.8933,0.98606,3.1697,2.0822
3.9086,0.98606,3.1569,2.0822
3.906,0.9988,3.1569,2.0694
3.8958,0.99625,3.1697,2.0669
3.8958,0.99116,3.1722,2.0796
3.906,0.98351,3.1595,2.0822
3.9111,1.0014,3.1595,2.0771
3.9035,0.99116,3.1646,2.0745
3.8958,0.99116,3.1671,2.0745
3.9009,0.98861,3.1671,2.0745
3.9009,0.99116,3.1671,2.0694
3.9009,0.99371,3.1646,2.0745
3.9009,0.99116,3.1671,2.0822
3.9009,0.98861,3.1595,2.0745
3.9009,0.9988,3.1646,2.0694
3.8958,0.99116,3.1722,2.0745
3.9009,0.98351,3.1671,2.0822
3.906,0.99371,3.1595,2.0669
3.8984,0.9988,3.1671,2.0669
3.8933,0.99371,3.1748,2.0796
3.9009,0.98606,3.1595,2.0822
3.906,0.9988,3.162,2.0694
3.8933,0.9988,3.1671,2.072
3.8984,0.99116,3.1671,2.0796
3.906,0.99116,3.162,2.0771
3.9035,0.99625,3.1671,2.0745
3.8933,0.99371,3.1722,2.072
3.8984,0.99116,3.1671,2.0796
3.906,0.99371,3.162,2.0745
3.9035,0.99116,3.1671,2.0745
3.9009,0.99116,3.1671,2.072
3.9009,0.99116,3.1671,2.0745
3.9009,0.99116,3.1595,2.0669
3.8933,0.9988,3.1646,2.0669
3.8958,0.99116,3.1722,2.0822
3.9035,0.98606,3.162,2.0796
3.9086,0.99116,3.162,2.072
3.9035,0.99625,3.1646,2.0694
3.9009,0.99116,3.1646,2.0745
3.8933,0.98606,3.1748,2.0822
3.9086,0.98606,3.1595,2.0745
3.9086,0.9988,3.1569,2.0669
3.8933,0.9988,3.1697,2.0694
3.8933,0.99116,3.1748,2.0745
3.9009,0.98606,3.1595,2.0822
3.906,0.99116,3.1569,2.0745
3.9035,0.9988,3.1671,2.0669
3.8958,0.99116,3.1722,2.072
3.9009,0.98861,3.1671,2.0796
3.906,0.99116,3.162,2.0745
3.9009,0.9988,3.1646,2.0745
3.8958,0.99116,3.1722,2.0745
3.9009,0.98606,3.162,2.0822
3.906,0.9988,3.1595,2.0694
3.8958,0.9988,3.1697,2.0745
3.9009,0.98606,3.1646,2.0822
3.9086,0.99116,3.1569,2.0745
3.9009,0.9988,3.1671,2.0694
3.8933,0.99116,3.1722,2.0745
3.9009,0.98606,3.1671,2.0796
3.906,0.99116,3.162,2.0669
3.9009,0.99625,3.1671,2.0694
3.8933,0.99116,3.1697,2.0745
3.906,0.98606,3.1671,2.0822
3.9086,0.99116,3.1595,2.0669
3.9009,0.99625,3.1722,2.0694
3.8933,0.98606,3.1748,2.0822
3.906,0.98606,3.162,2.0745
3.9086,0.9988,3.162,2.0669
3.8933,0.99116,3.1697,2.0771
3.9035,0.98861,3.1671,2.0822
3.906,0.99371,3.1595,2.0771
3.9009,0.99625,3.1722,2.0694
3.8933,0.99116,3.1722,2.0822
3.9009,0.98606,3.1569,2.0822
3.9086,0.99116,3.1569,2.0694
3.8958,0.9988,3.1722,2.0669
3.8958,0.99116,3.1722,2.0822
3.9009,0.98606,3.1595,2.0822
3.9086,0.9988,3.162,2.0694
3.8933,0.9988,3.1748,2.0669
3.8958,0.98606,3.1748,2.0822
3.906,0.98606,3.1595,2.0745
3.9009,0.9988,3.1671,2.0694
3.8933,0.99116,3.1748,2.0771
3.9009,0.98606,3.1671,2.0822
3.906,0.99116,3.1595,2.0745
3.9035,0.99371,3.1671,2.072
3.8933,0.99116,3.1671,2.0771
3.9009,0.98351,3.1671,2.0745
3.9009,0.99371,3.162,2.0745
3.8984,0.98861,3.1671,2.0771
3.9009,0.99116,3.1646,2.0822
3.9009,0.98861,3.1671,2.0745
3.9009,0.9988,3.1671,2.0694
3.8933,0.99371,3.1722,2.0745
3.9009,0.98606,3.1671,2.0796
3.9086,0.99116,3.162,2.0745
3.9009,0.9988,3.1671,2.0669
3.8958,0.9988,3.1722,2.0745
3.8933,0.98606,3.1671,2.0822
3.906,0.98606,3.162,2.0745
3.906,0.9988,3.162,2.0669
3.8933,0.9988,3.1748,2.0669
3.8958,0.99371,3.1748,2.0796
3.906,0.98861,3.1671,2.0822
3.906,0.99371,3.162,2.0669
3.8933,0.9988,3.1748,2.0669
3.8958,0.98351,3.1748,2.0822
3.8984,0.98606,3.1671,2.0745
3.906,0.99371,3.1646,2.0745
3.9009,0.99116,3.1671,2.0771
3.8984,0.98861,3.1671,2.0771
3.9009,0.99371,3.1671,2.0745
3.9009,0.99371,3.1671,2.0669
3.9009,0.99116,3.1671,2.0745
3.8984,0.99116,3.1671,2.0847
3.9009,0.99371,3.162,2.0745
3.9009,0.99625,3.1671,2.0694
3.8958,0.99116,3.1748,2.0796
3.906,0.98861,3.1671,2.0796
3.906,0.99116,3.1595,2.0669
3.8933,0.9988,3.1748,2.0694
3.8933,0.98861,3.1748,2.0822
3.906,0.98606,3.1595,2.0745
3.9009,0.9988,3.1671,2.0694
3.8933,0.99371,3.1748,2.0745
3.8933,0.98861,3.1748,2.0796
3.906,0.98606,3.162,2.0822
3.906,0.99371,3.162,2.0669
3.8933,0.9988,3.1748,2.0745
3.8933,0.98606,3.1748,2.0796
3.906,0.98606,3.1646,2.0796
3.906,0.9988,3.162,2.0745
3.8984,0.99625,3.1697,2.0745
3.8984,0.99116,3.1671,2.0745
3.8984,0.99371,3.1697,2.0745
3.9009,0.99116,3.1671,2.0669
3.8933,0.99371,3.1748,2.0745
3.8958,0.98606,3.1671,2.0796
3.9086,0.9988,3.162,2.0694
3.8933,0.9988,3.1773,2.0669
3.8933,0.98606,3.1697,2.0822
3.906,0.98861,3.1646,2.0745
3.9009,0.9988,3.1671,2.0745
3.8933,0.99371,3.1748,2.0745
3.8984,0.99116,3.1671,2.0745
3.9009,0.99116,3.1671,2.0745
3.8984,0.99371,3.1671,2.0745
3.8933,0.98606,3.1748,2.0745
3.8984,0.98606,3.1671,2.0745
3.906,0.99116,3.162,2.0745
3.8984,0.99371,3.1671,2.0694
3.8933,0.99116,3.1671,2.0745
3.8984,0.98606,3.1671,2.0771
3.906,0.99116,3.162,2.0745
3.9009,0.9988,3.1671,2.0694
3.8907,0.99116,3.1748,2.0745
3.8933,0.98606,3.1748,2.0822
3.906,0.98606,3.1646,2.0745
3.906,0.9988,3.162,2.0694
3.8958,0.9988,3.1748,2.0694
3.8933,0.98606,3.1773,2.0822
3.9009,0.98606,3.1646,2.0822
3.9086,0.9988,3.162,2.0669
3.8958,0.9988,3.1671,2.0669
3.8933,0.99116,3.1773,2.0796
3.8984,0.98606,3.1697,2.0796
3.906,0.99371,3.1646,2.0745
3.9009,0.9988,3.1671,2.0745
3.8933,0.99116,3.1773,2.0771
3.9009,0.98351,3.1671,2.0796
3.906,0.98606,3.1646,2.072
3.906,0.9988,3.1646,2.0669
3.8958,0.9988,3.1773,2.0669
3.8958,0.99371,3.1748,2.0822
3.9009,0.98606,3.1697,2.0796
3.906,0.9988,3.1646,2.0669
3.9035,0.9988,3.1748,2.0694
3.8958,0.99116,3.1773,2.0796
3.9009,0.98606,3.1697,2.0822
3.906,0.99371,3.1646,2.0669
3.9009,0.9988,3.1697,2.0669
3.9009,0.99116,3.1671,2.0745
3.9009,0.99116,3.1697,2.0822
3.9009,0.99371,3.1671,2.0796
3.9009,0.99371,3.1697,2.072
3.8933,0.9988,3.1748,2.0669
3.8933,0.98861,3.1748,2.0822
3.906,0.98606,3.162,2.0822
3.9086,0.9988,3.1646,2.0694
3.9009,0.9988,3.1671,2.0669
3.8933,0.99116,3.1773,2.0796
3.9035,0.98606,3.1697,2.0822
3.906,0.99371,3.1646,2.0771
3.9035,0.9988,3.1697,2.0669
3.8984,0.99116,3.1748,2.0745
3.8958,0.98606,3.1671,2.0822
3.9035,0.99116,3.1697,2.0745
3.906,0.99116,3.1671,2.0694
3.9035,0.99371,3.1671,2.0745
3.8958,0.99116,3.1697,2.0745
3.9035,0.98606,3.1671,2.0796
3.9086,0.99371,3.162,2.0745
3.9111,0.9988,3.162,2.0669
3.8958,0.9988,3.1748,2.0694
3.8958,0.99371,3.1773,2.0796
3.9035,0.98861,3.162,2.0822
3.9137,0.99371,3.162,2.0745
3.906,0.9988,3.1671,2.0669
3.9009,0.99116,3.1748,2.0822
3.9035,0.98606,3.1671,2.0822
3.9111,0.99371,3.162,2.0745
3.906,0.9988,3.1671,2.072
3.8984,0.99371,3.1722,2.0745
3.9111,0.98606,3.162,2.0822
3.9086,0.9988,3.162,2.0669
3.9009,0.99116,3.1748,2.0745
3.9009,0.98861,3.1671,2.0822
3.906,0.99371,3.1671,2.0771
3.9111,0.99116,3.1671,2.0745
3.906,0.9988,3.1671,2.0771
3.9035,0.99625,3.1671,2.0771
3.9035,0.99116,3.1671,2.0771
3.906,0.99371,3.1671,2.072
3.906,0.99116,3.1748,2.0771
3.906,0.98606,3.1671,2.0822
3.9111,0.99116,3.1595,2.0745
3.906,1.0014,3.1722,2.072
3.8984,0.99371,3.1748,2.0771
3.906,0.98861,3.1671,2.0847
3.9111,0.99371,3.162,2.0745
3.906,0.9988,3.1671,2.0694
3.8984,0.99116,3.1722,2.0771
3.906,0.98606,3.1671,2.0822
3.9137,0.99371,3.1595,2.0771
3.906,0.99116,3.1671,2.072
3.9035,0.99371,3.1671,2.0771
3.9086,0.98606,3.1646,2.0822
3.9137,0.99625,3.1646,2.0771
3.906,0.9988,3.1646,2.0694
3.9009,0.99371,3.1722,2.0771
3.906,0.98606,3.1671,2.0847
3.9111,0.99116,3.1595,2.0771
3.906,0.9988,3.1646,2.0796
3.906,0.99116,3.1697,2.0771
3.9111,0.98606,3.1646,2.0847
3.9111,0.99116,3.1569,2.0771
3.8984,0.99625,3.1697,2.072
3.9009,0.99371,3.1697,2.0822
3.906,0.98606,3.1646,2.0771
3.9111,0.99116,3.1646,2.0771
3.906,0.98861,3.1646,2.0771
3.906,0.99371,3.1722,2.0771
3.906,0.98606,3.1646,2.0873
3.9137,0.99371,3.1569,2.0796
3.9137,1.0014,3.1569,2.0694
3.9009,0.9988,3.1697,2.072
3.9009,0.99371,3.1722,2.0771
3.906,0.98606,3.1646,2.0847
3.906,0.98606,3.1569,2.0847
3.9162,0.99371,3.1569,2.0745
3.9086,0.99625,3.1646,2.0745
3.9035,0.99116,3.1697,2.0771
3.906,0.99116,3.1697,2.0847
3.9137,0.98606,3.1569,2.0796
3.9086,0.9988,3.162,2.072
3.9009,0.99116,3.1697,2.0771
3.906,0.98606,3.1646,2.0873
3.9162,0.99116,3.1569,2.0771
3.906,0.9988,3.1671,2.072
3.9009,0.9988,3.1697,2.0771
3.906,0.98606,3.1646,2.0873
3.9111,0.98606,3.1569,2.0771
3.906,0.99625,3.1646,2.0694
3.9009,0.99116,3.1697,2.0771
3.906,0.98606,3.1646,2.0847
3.9162,0.99116,3.1569,2.0796
3.9111,0.9988,3.1671,2.0745
3.9009,0.9988,3.1697,2.0771
3.8984,0.98606,3.1722,2.0873
3.9162,0.99371,3.1595,2.0771
3.906,1.0014,3.162,2.072
3.9009,0.99371,3.1722,2.0796
3.906,0.98606,3.1671,2.0873
3.9111,0.99116,3.1595,2.0771
3.906,0.9988,3.1646,2.072
3.9035,0.99371,3.1722,2.0847
3.9111,0.98606,3.1569,2.0796
3.9137,0.9988,3.1569,2.072
3.9009,0.9988,3.1722,2.0745
3.9009,0.98606,3.1697,2.0847
3.9162,0.98606,3.1595,2.0822
3.9137,0.9988,3.1595,2.0771
3.906,0.99371,3.1671,2.0771
3.906,0.99116,3.1646,2.0771
3.906,0.99116,3.1671,2.0796
3.906,0.99116,3.1646,2.072
3.906,0.99371,3.1671,2.0796
3.9086,0.99116,3.1697,2.0847
3.9111,0.98606,3.1569,2.0847
3.9137,0.9988,3.1569,2.0694
3.8984,0.99625,3.1722,2.072
3.9009,0.99371,3.1697,2.0796
3.906,0.98606,3.1646,2.0771
3.9137,0.99116,3.1569,2.0796
3.9111,0.99371,3.1646,2.0745
3.9086,0.99116,3.1671,2.0796
3.9086,0.99116,3.1646,2.0771
3.906,0.98861,3.1671,2.0771
3.9111,0.99371,3.1595,2.0796
3.9111,0.9988,3.1569,2.072
3.9009,0.9988,3.1697,2.0796
3.9009,0.99116,3.1722,2.0847
3.9086,0.98606,3.1671,2.0873
3.9111,0.99116,3.1595,2.072
3.906,0.9988,3.1646,2.0745
3.9009,0.99371,3.1722,2.0771
3.906,0.98606,3.1671,2.0873
3.9111,0.99371,3.1595,2.0796
3.906,0.9988,3.162,2.072
3.9009,0.99371,3.1697,2.0745
3.906,0.98861,3.1646,2.0796
3.9111,0.99371,3.162,2.0796
3.906,0.9988,3.1646,2.0694
3.9009,0.99116,3.1722,2.0771
3.906,0.98606,3.1671,2.0847
3.9111,0.99116,3.1569,2.0771
3.906,0.9988,3.1646,2.0796
3.9009,0.99371,3.1697,2.0796
3.906,0.98606,3.1671,2.0847
3.9137,0.99371,3.1569,2.0694
3.906,0.9988,3.1697,2.072
3.8984,0.98606,3.1722,2.0873
3.9137,0.98606,3.1646,2.0847
3.9111,0.99625,3.1569,2.072
3.906,0.99371,3.1646,2.0771
3.906,0.98861,3.1646,2.0847
3.906,0.99371,3.162,2.0771
3.906,0.99116,3.1646,2.0796
3.906,0.9988,3.1646,2.0771
3.8984,0.98861,3.1697,2.0847
3.906,0.98606,3.1595,2.0847
3.9137,0.99371,3.1569,2.072
3.9009,0.9988,3.1748,2.072
3.8984,0.99371,3.162,2.0771
3.9035,0.99371,3.1646,2.0771
3.906,0.98861,3.1646,2.0745
3.906,0.99116,3.1722,2.0796
3.906,0.98606,3.1646,2.0847
3.9137,0.99371,3.1569,2.0771
3.906,1.0014,3.1646,2.072
3.8984,0.99371,3.1722,2.0771
3.906,0.98606,3.1671,2.0822
3.9137,0.98861,3.1569,2.0771
3.9111,0.99625,3.1595,2.072
3.8984,0.9988,3.1722,2.0694
3.8984,0.98606,3.1697,2.0847
3.9111,0.98861,3.1646,2.0873
3.9035,0.99116,3.1671,2.0771
3.906,0.9988,3.1646,2.0745
3.8984,0.98606,3.1697,2.0771
3.9035,0.98861,3.1646,2.0873
3.9111,0.98606,3.1569,2.0771
3.9111,0.9988,3.1569,2.0694
3.8984,0.9988,3.1697,2.0745
3.8984,0.98861,3.1722,2.0796
3.906,0.98606,3.1671,2.0873
3.9035,0.99371,3.1671,2.0796
3.9035,0.9988,3.1646,2.0745
3.8984,0.99116,3.1697,2.0771
3.8984,0.98606,3.1722,2.0847
3.9111,0.98606,3.1569,2.0796
3.9111,0.9988,3.1595,2.0745
3.9035,0.9988,3.1722,2.072
3.8984,0.98606,3.1722,2.0873
3.9111,0.98606,3.1569,2.0847
3.9111,0.99116,3.1646,2.0796
3.906,0.99371,3.1646,2.0796
3.906,0.99116,3.1697,2.0847
3.9111,0.98606,3.1595,2.0847
3.9137,0.9988,3.1569,2.072
3.906,0.9988,3.1697,2.0745
3.8984,0.99371,3.1697,2.0771
3.9035,0.99371,3.1646,2.0796
3.9111,0.99371,3.1646,2.0771
3.9035,0.99116,3.1646,2.0796
3.9035,0.99371,3.1697,2.0847
3.9086,0.98606,3.1595,2.0771
3.9111,1.0014,3.1569,2.072
3.8984,0.9988,3.1722,2.0771
3.8984,0.98606,3.1722,2.0847
3.9111,0.98606,3.1595,2.0771
3.9111,0.99625,3.1595,2.0694
3.8958,0.9988,3.1697,2.0771
3.9009,0.98606,3.1722,2.0847
3.9111,0.98606,3.1595,2.0771
3.9111,0.9988,3.1569,2.072
3.8958,1.0039,3.1671,2.0694
3.8984,0.99116,3.1722,2.0847
3.9035,0.98861,3.1671,2.0847
3.9111,0.99371,3.1595,2.0771
3.906,0.9988,3.1671,2.0694
3.906,0.99116,3.1722,2.0771
3.906,0.98606,3.1671,2.0847
3.906,0.99371,3.1671,2.0771
3.9035,0.99116,3.1646,2.072
3.906,0.99116,3.1646,2.0771
3.9035,0.99371,3.1671,2.0822
3.9035,0.99116,3.1646,2.0771
3.906,0.99371,3.1671,2.0771
3.906,0.99116,3.1671,2.0771
3.8958,0.99371,3.1697,2.0771
3.9035,0.98606,3.1671,2.0847
3.9111,0.99371,3.1595,2.0771
3.906,1.0014,3.1671,2.0694
3.8984,0.9988,3.1722,2.0771
3.8984,0.99371,3.1671,2.0847
3.906,0.99371,3.1671,2.0771
3.9111,0.99371,3.1595,2.0771
3.9035,0.9988,3.1671,2.0771
3.8984,0.98861,3.1748,2.0771
3.906,0.99371,3.1671,2.0847
3.906,0.98861,3.1671,2.0771
3.9111,0.9988,3.1595,2.072
3.906,0.9988,3.1671,2.072
3.8984,0.99371,3.1722,2.0847
3.906,0.98861,3.1646,2.0847
3.9111,0.99371,3.1569,2.072
3.906,0.9988,3.1671,2.0694
3.9009,0.99371,3.1722,2.0771
3.906,0.98606,3.1671,2.0771
3.906,0.99116,3.162,2.0771
3.906,0.9988,3.1722,2.072
3.9035,0.99371,3.1671,2.0771
3.906,0.99371,3.1671,2.0771
3.906,0.9988,3.1671,2.072
3.8984,0.99116,3.1722,2.0771
3.906,0.98606,3.1671,2.0771
3.9137,0.99371,3.1595,2.0771
3.906,0.99116,3.1646,2.0771
3.906,0.99116,3.1671,2.0796
3.906,0.99371,3.1671,2.0771
3.9035,0.9988,3.1646,2.0694
3.8984,0.99116,3.1722,2.0771
3.9137,0.98861,3.1671,2.0847
3.9137,0.9988,3.1595,2.072
3.906,0.9988,3.1722,2.072
3.8984,0.98606,3.1722,2.0847
3.906,0.99371,3.1671,2.0771
3.906,0.99625,3.1671,2.072
3.9009,0.99371,3.1722,2.0847
3.906,0.98606,3.1671,2.0847
3.9111,0.99116,3.1569,2.0694
3.906,0.9988,3.1697,2.072
3.9009,0.99371,3.1722,2.0847
3.9086,0.98861,3.1595,2.0847
3.9137,0.9988,3.162,2.0694
3.8984,0.9988,3.1722,2.0771
3.9035,0.98606,3.1671,2.0847
3.906,0.99371,3.1595,2.0796
3.906,0.99116,3.1646,2.0771
3.906,0.99371,3.1671,2.0771
3.9035,0.99116,3.1671,2.0771
3.906,0.99371,3.1646,2.072
3.9009,0.99116,3.1722,2.0771
3.906,0.98606,3.1646,2.0847
3.9137,0.98606,3.1595,2.0796
3.906,0.9988,3.1646,2.0771
3.9009,0.99371,3.1697,2.0822
3.9035,0.98606,3.1671,2.0847
3.9111,0.99116,3.1595,2.072
3.906,0.9988,3.1671,2.072
3.9009,0.99116,3.1697,2.0822
3.9086,0.98606,3.162,2.0873
3.9137,0.9988,3.1595,2.072
3.9009,0.9988,3.1722,2.0771
3.8984,0.98606,3.1646,2.0847
3.9137,0.99116,3.1595,2.0771
3.906,0.9988,3.1646,2.072
3.9009,0.99116,3.1722,2.0847
3.9035,0.98606,3.1646,2.0847
