2.1063,1.4526,2.8689,1.6971
2.1012,1.4475,2.8765,1.6997
2.1063,1.4475,2.8714,1.6997
2.1063,1.4475,2.8689,1.6997
2.1089,1.4449,2.8689,1.6997
2.1063,1.4424,2.8689,1.7048
2.1114,1.4475,2.8663,1.6997
2.1063,1.4526,2.8714,1.6997
2.1063,1.4475,2.8791,1.6997
2.1089,1.4398,2.8689,1.6997
2.1063,1.45,2.8714,1.6946
2.0987,1.4475,2.8765,1.7022
2.1063,1.4398,2.8689,1.7073
2.114,1.4475,2.8638,1.6946
2.1089,1.4526,2.8714,1.6971
2.1012,1.4475,2.8791,1.6997
2.1063,1.4424,2.8714,1.7073
2.1114,1.4475,2.8638,1.7022
2.1063,1.4526,2.8714,1.692
2.0987,1.4475,2.8791,1.6997
2.1063,1.4424,2.8714,1.7073
2.1114,1.4475,2.8663,1.6997
2.1089,1.4526,2.8714,1.6971
2.1012,1.4449,2.8765,1.6997
2.1089,1.4398,2.8714,1.7073
2.114,1.4475,2.8638,1.6946
2.1063,1.4526,2.8714,1.6946
2.1012,1.4475,2.8765,1.7048
2.1063,1.4398,2.8714,1.6997
2.1114,1.4475,2.8638,1.6997
2.1063,1.4526,2.874,1.6946
2.1012,1.4475,2.8791,1.6997
2.1038,1.4398,2.8714,1.7048
2.1114,1.4475,2.8663,1.6971
2.1038,1.4526,2.8714,1.6946
2.0987,1.4398,2.8791,1.7073
2.1114,1.4398,2.8714,1.6997
2.1063,1.4475,2.8714,1.6946
2.1063,1.4449,2.874,1.6997
2.1063,1.4398,2.8714,1.6997
2.114,1.4475,2.8663,1.6997
2.1063,1.4526,2.8714,1.6997
2.0987,1.45,2.8791,1.6997
2.1063,1.4475,2.874,1.6997
2.1038,1.4551,2.8714,1.6946
2.0987,1.4475,2.8791,1.7099
2.1114,1.4424,2.8663,1.7073
2.1114,1.4551,2.8663,1.6946
2.0987,1.4449,2.8791,1.6997
2.1063,1.4398,2.8714,1.7073
2.114,1.4449,2.8663,1.6997
2.1063,1.4475,2.8714,1.6946
2.0987,1.4475,2.8791,1.7099
2.1038,1.4398,2.8714,1.7073
2.1114,1.4449,2.8638,1.6997
2.1063,1.4449,2.8714,1.6997
2.1063,1.4475,2.8791,1.6997
2.1063,1.4398,2.8714,1.6997
2.1114,1.4475,2.874,1.6997
2.1063,1.4475,2.8714,1.6997
2.1038,1.4449,2.8791,1.6997
2.1063,1.4373,2.874,1.6997
2.1038,1.4449,2.8765,1.6997
2.1063,1.4526,2.8714,1.6997
2.1063,1.4449,2.874,1.6997
2.1114,1.4398,2.8689,1.7048
2.1114,1.4526,2.8689,1.6997
2.1063,1.45,2.8714,1.6997
2.0987,1.4475,2.874,1.6997
2.1038,1.4449,2.8689,1.6997
2.1038,1.4526,2.874,1.6946
2.0987,1.4475,2.8791,1.7048
2.1038,1.4398,2.8689,1.7073
2.1114,1.4551,2.8689,1.6946
2.0987,1.4449,2.8842,1.6997
2.1038,1.4398,2.8765,1.6997
2.1063,1.4475,2.8765,1.692
2.0987,1.4475,2.8816,1.6997
2.1038,1.4398,2.874,1.7073
2.1114,1.4424,2.8689,1.6997
2.1038,1.4526,2.874,1.6997
2.0987,1.4373,2.8816,1.7099
2.1114,1.4398,2.8689,1.6997
2.1063,1.4526,2.874,1.6946
2.0961,1.4449,2.874,1.6997
2.1063,1.4449,2.8765,1.7099
2.1114,1.4526,2.8765,1.6946
2.0987,1.4424,2.8842,1.6997
2.1063,1.4449,2.8765,1.6997
2.1114,1.4526,2.8714,1.6946
2.1012,1.4475,2.8816,1.6997
2.1063,1.4449,2.8765,1.6997
2.1063,1.45,2.8765,1.6971
2.0987,1.4449,2.8816,1.7048
2.1114,1.4398,2.8765,1.7048
2.1114,1.4475,2.8714,1.6946
2.0987,1.4449,2.8816,1.6997
2.1063,1.4398,2.8765,1.7073
2.1114,1.4424,2.8765,1.7022
2.1063,1.4449,2.8765,1.6997
2.1038,1.4398,2.874,1.7048
2.1114,1.4424,2.8714,1.6997
2.1063,1.4449,2.8765,1.6946
2.1012,1.4373,2.8816,1.7073
2.1114,1.4398,2.8689,1.6997
2.1063,1.45,2.8765,1.6946
2.1012,1.4449,2.8816,1.6997
2.1063,1.4373,2.8765,1.6997
2.1063,1.4475,2.8765,1.6997
2.1063,1.4449,2.8765,1.7022
2.1063,1.4373,2.8765,1.7048
2.1114,1.4475,2.8689,1.6946
2.1063,1.4526,2.8765,1.7022
2.1063,1.4449,2.8765,1.6997
2.1063,1.4373,2.8689,1.6997
2.1063,1.4526,2.8765,1.6971
2.1012,1.4449,2.8816,1.6997
2.1089,1.4398,2.8714,1.7022
2.114,1.4449,2.8689,1.6997
2.1089,1.4526,2.874,1.6971
2.0987,1.4526,2.8816,1.6997
2.0987,1.4398,2.8791,1.7073
2.1114,1.4373,2.8663,1.6997
2.114,1.4526,2.8689,1.6971
2.1038,1.4449,2.8816,1.6997
2.1089,1.4398,2.874,1.7073
2.1114,1.4475,2.8663,1.6997
2.1089,1.4526,2.874,1.6946
2.0987,1.4449,2.8816,1.6997
2.1063,1.4398,2.874,1.7073
2.1114,1.4449,2.8663,1.7022
2.1114,1.4449,2.874,1.6997
2.1063,1.4475,2.874,1.6997
2.1063,1.4424,2.8663,1.6997
2.1089,1.4526,2.874,1.6971
2.1012,1.4475,2.8791,1.7073
2.1063,1.4373,2.8689,1.7048
2.1114,1.4526,2.8663,1.6946
2.1012,1.4526,2.8791,1.6946
2.1089,1.4449,2.8714,1.7048
2.1063,1.4449,2.8714,1.6997
2.1089,1.4449,2.8714,1.6946
2.1089,1.4449,2.8791,1.6997
2.1063,1.4398,2.8714,1.7048
2.114,1.4449,2.8663,1.6997
2.1089,1.4526,2.8714,1.6946
2.1012,1.4475,2.8791,1.6997
2.1063,1.4398,2.874,1.7073
2.1114,1.4475,2.8663,1.6997
2.1063,1.4526,2.874,1.692
2.1012,1.4398,2.8816,1.7048
2.114,1.4398,2.8663,1.7073
2.114,1.4449,2.874,1.692
2.0987,1.4475,2.8816,1.7073
2.1063,1.4373,2.874,1.7073
2.1114,1.4449,2.8689,1.6946
2.0987,1.4526,2.8816,1.6997
2.1089,1.4373,2.8714,1.7073
2.1063,1.4449,2.8689,1.7022
2.1063,1.4449,2.8714,1.6997
2.1063,1.4475,2.8765,1.7099
2.114,1.4449,2.8689,1.6997
2.1063,1.4551,2.8765,1.692
2.0987,1.4475,2.8816,1.6997
2.1063,1.4398,2.8765,1.7073
2.114,1.4449,2.8689,1.6946
2.1063,1.4526,2.8816,1.6946
2.1012,1.4398,2.8816,1.7048
2.1114,1.4398,2.8689,1.6997
2.1089,1.4526,2.8765,1.6946
2.0987,1.4475,2.8816,1.6997
2.114,1.4398,2.8714,1.7048
2.1063,1.4475,2.8765,1.6946
2.1063,1.4449,2.8765,1.6997
2.1063,1.4398,2.8765,1.7048
2.114,1.4475,2.8689,1.6946
2.1063,1.4526,2.8765,1.692
2.0987,1.4398,2.8816,1.7099
2.1063,1.4373,2.8689,1.7048
2.1114,1.4526,2.8689,1.692
2.0987,1.4526,2.8816,1.6997
2.1012,1.4373,2.8842,1.7048
2.1114,1.4424,2.8714,1.6997
2.1063,1.4526,2.8791,1.6997
2.1063,1.4449,2.8816,1.6971
2.1063,1.4373,2.8765,1.6997
2.1114,1.45,2.8714,1.6946
2.0987,1.4526,2.8765,1.6946
2.0987,1.4373,2.8842,1.7073
2.114,1.4373,2.8714,1.6997
2.114,1.45,2.8714,1.6946
2.1012,1.4526,2.8816,1.6946
2.0987,1.4398,2.8842,1.7048
2.1063,1.4398,2.8714,1.7073
2.114,1.4526,2.8714,1.692
2.1089,1.4526,2.8765,1.6946
2.0987,1.4449,2.8816,1.7073
2.1114,1.4373,2.8765,1.7073
2.114,1.45,2.8714,1.6971
2.0987,1.4526,2.8842,1.692
2.0987,1.4373,2.8842,1.7073
2.114,1.4398,2.8689,1.6997
2.1114,1.45,2.8714,1.6946
2.1012,1.4526,2.8816,1.6997
2.1012,1.4398,2.8842,1.7073
2.114,1.4449,2.8714,1.6997
2.1063,1.4526,2.8791,1.6946
2.1012,1.4449,2.8816,1.6997
2.1063,1.4373,2.8765,1.7073
2.1063,1.4449,2.8765,1.6997
2.1089,1.4424,2.8765,1.6997
2.1063,1.4449,2.8842,1.7048
2.1114,1.4398,2.8714,1.6997
2.1089,1.4526,2.8765,1.6946
2.1012,1.4449,2.8842,1.6971
2.1063,1.4373,2.8791,1.6997
2.1063,1.4449,2.8765,1.692
2.1089,1.45,2.8842,1.6997
2.1089,1.4373,2.8791,1.6997
2.1089,1.4449,2.8765,1.6997
2.1063,1.4526,2.8842,1.6997
2.1038,1.4373,2.8842,1.7073
2.1114,1.4424,2.874,1.6997
2.1089,1.45,2.8791,1.6946
2.0987,1.4449,2.8842,1.6997
2.1063,1.4449,2.8791,1.6997
2.1089,1.4449,2.8791,1.6946
2.1063,1.4449,2.8791,1.6997
2.1063,1.4424,2.8791,1.7073
2.1063,1.4449,2.8791,1.6997
2.1063,1.4424,2.8791,1.6946
2.1012,1.4475,2.8867,1.6971
2.1063,1.4373,2.8791,1.7048
2.1114,1.4449,2.8765,1.6997
2.1089,1.4424,2.8791,1.6971
2.1063,1.4347,2.8816,1.7048
2.1114,1.4424,2.8714,1.6946
2.1089,1.45,2.8842,1.6946
2.0987,1.4373,2.8867,1.7073
2.114,1.4373,2.874,1.6997
2.1089,1.45,2.8791,1.6946
2.1012,1.4424,2.8816,1.6997
2.1063,1.4424,2.8791,1.7073
2.1063,1.4449,2.8765,1.6946
2.1063,1.45,2.8816,1.6946
2.0987,1.4424,2.8867,1.6997
2.1063,1.4373,2.8791,1.6997
2.114,1.4424,2.874,1.6946
2.1114,1.45,2.8816,1.6946
2.0987,1.4449,2.8842,1.7048
2.1063,1.4398,2.8791,1.7073
2.114,1.45,2.8765,1.6997
2.1063,1.45,2.8791,1.6997
2.1012,1.4449,2.8867,1.6997
2.1063,1.4373,2.8816,1.7048
2.1114,1.4373,2.874,1.6997
2.114,1.4526,2.8765,1.6946
2.1063,1.45,2.8791,1.6997
2.0987,1.4449,2.8867,1.6997
2.1063,1.4373,2.8816,1.7073
2.1063,1.4373,2.8765,1.6997
2.1114,1.4424,2.8816,1.692
2.1063,1.4424,2.8816,1.6971
2.1012,1.4373,2.8867,1.7073
2.114,1.4373,2.874,1.6997
2.1114,1.4475,2.874,1.6946
2.1063,1.45,2.8816,1.6946
2.0987,1.4424,2.8893,1.6997
2.1063,1.4373,2.8816,1.7073
2.1063,1.4373,2.8765,1.6997
2.1114,1.4424,2.8765,1.6971
2.1089,1.45,2.8816,1.692
2.0987,1.4424,2.8893,1.6997
2.1012,1.4347,2.8893,1.7073
2.1114,1.4373,2.8765,1.7048
2.1114,1.4424,2.8765,1.6946
2.1063,1.4475,2.8791,1.6946
2.1012,1.4449,2.8893,1.6997
2.1089,1.4373,2.8816,1.7048
2.1114,1.4475,2.8765,1.6946
2.1012,1.45,2.8893,1.6946
2.1012,1.4424,2.8867,1.7073
2.114,1.4373,2.8791,1.7073
2.1114,1.45,2.8765,1.6946
2.1012,1.4475,2.8842,1.6946
2.1038,1.4373,2.8893,1.7048
2.1089,1.4373,2.8816,1.7073
2.114,1.4424,2.874,1.6997
2.1089,1.4475,2.8791,1.692
2.0987,1.4424,2.8893,1.7048
2.1089,1.4373,2.8791,1.7073
2.114,1.4475,2.8816,1.6946
2.1012,1.4424,2.8893,1.6997
2.1089,1.4449,2.8816,1.7048
2.1089,1.4449,2.8842,1.6997
2.1089,1.4449,2.8816,1.6997
2.1089,1.45,2.8816,1.6971
2.0987,1.4424,2.8867,1.6997
2.1038,1.4449,2.8816,1.7073
2.1089,1.4424,2.8816,1.6997
2.1165,1.4449,2.8791,1.6997
2.1012,1.45,2.8893,1.6946
2.1038,1.4449,2.8816,1.6997
2.1063,1.4424,2.8816,1.6997
2.114,1.4449,2.874,1.6997
2.1089,1.45,2.8791,1.6997
2.1012,1.4424,2.8893,1.6971
2.1089,1.4373,2.8816,1.6997
2.1063,1.4424,2.8791,1.6997
2.1114,1.4424,2.8791,1.6946
2.1089,1.4475,2.8867,1.6997
2.1012,1.4373,2.8867,1.7048
2.114,1.4373,2.8765,1.6997
2.114,1.4475,2.8816,1.6946
2.1012,1.4449,2.8842,1.6997
2.114,1.4398,2.874,1.7073
2.114,1.45,2.874,1.6946
2.1089,1.4449,2.8867,1.6997
2.1089,1.4373,2.8816,1.7048
2.114,1.4449,2.8714,1.6946
2.1012,1.45,2.8867,1.692
2.1012,1.4373,2.8867,1.7048
2.1165,1.4373,2.8714,1.6997
2.114,1.45,2.8714,1.692
2.1012,1.4475,2.8867,1.6997
2.1063,1.4373,2.8816,1.7048
2.114,1.4424,2.874,1.6997
2.1165,1.4475,2.874,1.6946
2.1012,1.45,2.8867,1.6997
2.1038,1.4373,2.8867,1.7022
2.1114,1.4398,2.8765,1.6997
2.114,1.4475,2.8765,1.6946
2.1012,1.45,2.8867,1.6946
2.1012,1.4373,2.8893,1.7048
2.114,1.4347,2.874,1.7048
2.1114,1.4475,2.874,1.692
2.1089,1.4526,2.8791,1.6946
2.1063,1.4449,2.8791,1.6997
2.1038,1.4373,2.8867,1.7048
2.114,1.4373,2.874,1.6997
2.1165,1.4526,2.874,1.6946
2.0987,1.45,2.8893,1.6971
2.1012,1.4373,2.8842,1.7048
2.114,1.4449,2.8765,1.6997
2.1089,1.4475,2.8791,1.6946
2.1012,1.4449,2.8867,1.6997
2.1089,1.4424,2.8816,1.6997
2.1089,1.4449,2.8816,1.692
2.1089,1.4424,2.8816,1.6997
2.1063,1.4373,2.8816,1.7048
2.1114,1.4424,2.8765,1.6997
2.1063,1.4475,2.8816,1.6997
2.0987,1.4449,2.8893,1.6997
2.1089,1.4373,2.8816,1.7048
2.114,1.4424,2.874,1.6997
2.1063,1.45,2.8791,1.6997
2.1012,1.4449,2.8816,1.6997
2.1089,1.4424,2.8816,1.6997
2.1089,1.4449,2.8816,1.6946
2.1089,1.4424,2.8816,1.6997
2.1012,1.4373,2.8893,1.7073
2.114,1.4398,2.8765,1.7022
2.114,1.4424,2.8765,1.6997
2.1063,1.4424,2.8816,1.6946
2.1038,1.4475,2.8893,1.6971
2.1012,1.4373,2.8867,1.7022
2.114,1.4373,2.8765,1.6997
2.1089,1.45,2.8816,1.6946
2.1038,1.4398,2.8867,1.6997
2.1089,1.4373,2.8816,1.7048
2.114,1.4424,2.8816,1.6997
2.1089,1.4475,2.8791,1.692
2.1038,1.4449,2.8867,1.6997
2.1089,1.4373,2.8816,1.7073
2.114,1.4449,2.8765,1.6946
2.1089,1.45,2.8867,1.692
2.1038,1.4424,2.8893,1.7099
2.114,1.4373,2.8816,1.7073
2.114,1.4449,2.874,1.6971
2.1038,1.4526,2.8867,1.6997
2.1063,1.4373,2.8842,1.7073
2.1165,1.4373,2.8714,1.6997
2.1114,1.4475,2.8791,1.6946
2.1038,1.4449,2.8867,1.6997
2.1114,1.4373,2.8791,1.7073
2.1165,1.4398,2.8765,1.6997
2.1165,1.4424,2.874,1.692
2.1038,1.4526,2.8842,1.6946
2.1038,1.4449,2.8893,1.6997
2.1114,1.4449,2.8791,1.7073
2.1089,1.4449,2.8791,1.6997
2.1089,1.4424,2.8791,1.6997
2.1114,1.4449,2.8791,1.6997
2.1089,1.4449,2.8791,1.6997
2.1165,1.4373,2.8765,1.7048
2.1165,1.45,2.874,1.6946
2.1038,1.45,2.8791,1.6946
2.1063,1.4373,2.8842,1.7048
2.1089,1.4373,2.8816,1.7048
2.114,1.4449,2.8791,1.6997
2.1114,1.4449,2.8816,1.6997
2.1012,1.4449,2.8867,1.6997
2.1089,1.4373,2.8816,1.6997
2.114,1.4449,2.8791,1.6997
2.1114,1.4424,2.8791,1.6946
2.1012,1.4449,2.8867,1.6997
2.1089,1.4449,2.8816,1.7048
2.1089,1.4424,2.8816,1.6997
2.1114,1.4475,2.8816,1.6946
2.1038,1.4449,2.8867,1.6997
2.1114,1.4373,2.8791,1.7073
2.1165,1.4449,2.874,1.6997
2.1089,1.45,2.8791,1.6946
2.1063,1.45,2.8867,1.6997
2.1038,1.4373,2.8867,1.7073
2.1089,1.4373,2.874,1.7048
2.1165,1.4449,2.8765,1.7022
2.1089,1.4424,2.8791,1.6946
2.1114,1.45,2.8791,1.6997
2.1114,1.4449,2.8867,1.6997
2.1038,1.4373,2.8867,1.7048
2.1165,1.4373,2.8816,1.7073
2.1165,1.4449,2.8714,1.6946
2.1114,1.4475,2.8791,1.692
2.1114,1.4475,2.8791,1.6997
2.1038,1.4449,2.8791,1.6997
2.1089,1.4398,2.8791,1.6997
2.1165,1.4475,2.874,1.6997
2.1114,1.4526,2.8791,1.6946
2.1114,1.4449,2.8791,1.6997
2.1063,1.4449,2.8765,1.6997
2.1089,1.4373,2.8765,1.6997
2.1165,1.4449,2.8765,1.6997
2.1114,1.45,2.8791,1.6946
2.1063,1.4449,2.8842,1.6997
2.1114,1.4373,2.8765,1.7073
2.1191,1.4424,2.8689,1.6997
2.1114,1.4526,2.8765,1.6946
2.1063,1.4475,2.8816,1.6997
2.1063,1.4373,2.8842,1.7073
2.1165,1.4398,2.8714,1.7073
2.1191,1.4449,2.8689,1.6997
2.1114,1.4449,2.8765,1.6946
2.1114,1.4449,2.8765,1.6997
2.1063,1.4449,2.8765,1.6997
2.1114,1.4475,2.8765,1.6997
2.1191,1.4449,2.8765,1.6997
2.1114,1.4475,2.8765,1.6997
2.1114,1.4449,2.8765,1.7022
2.1114,1.4475,2.8765,1.6997
2.1165,1.4475,2.8714,1.6997
2.1114,1.4526,2.8765,1.6946
2.1089,1.4475,2.8816,1.6997
2.1114,1.4398,2.8791,1.6997
2.1114,1.4475,2.8765,1.6997
2.1114,1.4449,2.8765,1.6997
2.1114,1.4449,2.8791,1.7048
2.1165,1.4398,2.8689,1.7099
2.1191,1.4526,2.8689,1.6997
2.1114,1.4475,2.8714,1.6997
2.1114,1.4449,2.874,1.6997
2.1114,1.4424,2.8714,1.6997
2.1114,1.4475,2.874,1.6946
2.1089,1.4475,2.874,1.7022
2.1089,1.4449,2.8816,1.7099
2.114,1.4398,2.8663,1.6997
2.1165,1.4526,2.8663,1.692
2.1038,1.45,2.8791,1.7022
2.1038,1.4424,2.8791,1.7048
2.1165,1.4373,2.8663,1.6997
2.1165,1.4526,2.8689,1.6946
2.1114,1.4449,2.8714,1.6997
2.1089,1.4475,2.8791,1.7048
2.1165,1.4398,2.874,1.7048
2.1165,1.4551,2.8663,1.6946
2.1063,1.4449,2.8791,1.6997
2.1089,1.4398,2.8689,1.7073
2.1191,1.4475,2.8663,1.6997
2.1114,1.4526,2.8714,1.6946
2.1038,1.4475,2.8791,1.6997
2.1114,1.4398,2.8663,1.7073
2.1165,1.45,2.8663,1.6946
2.1012,1.4551,2.8791,1.6946
2.1038,1.4398,2.8791,1.7048
2.1165,1.4398,2.8663,1.6997
2.1165,1.4526,2.8663,1.6946
2.1038,1.4551,2.8791,1.6997
2.1038,1.4398,2.8791,1.7073
2.114,1.4424,2.8663,1.6997
2.114,1.4526,2.8663,1.6946
2.1038,1.4551,2.8791,1.6997
2.1089,1.4398,2.8714,1.7048
2.1165,1.4449,2.8663,1.6997
2.1089,1.4526,2.874,1.6997
2.1012,1.4475,2.8765,1.6997
2.1089,1.4424,2.8714,1.7048
2.1089,1.45,2.8663,1.6997
2.1089,1.4526,2.8714,1.6997
2.1012,1.4475,2.8791,1.6997
2.1089,1.4424,2.8714,1.6997
