5.0684,0.73113,3.3736,2.3805
5.0811,0.72603,3.3608,2.3805
5.076,0.73878,3.3659,2.3754
5.0684,0.73113,3.3736,2.383
5.076,0.73113,3.3659,2.3805
5.076,0.73878,3.3685,2.3728
5.0786,0.73368,3.3659,2.3805
5.076,0.73368,3.3634,2.3805
5.076,0.73623,3.3685,2.3805
5.076,0.72348,3.3659,2.3856
5.0837,0.73878,3.3608,2.3754
5.0735,0.73113,3.3659,2.3805
5.0837,0.73113,3.3608,2.3805
5.0786,0.73878,3.3736,2.3754
5.0786,0.72603,3.3659,2.3881
5.0837,0.73368,3.3608,2.3779
5.076,0.73113,3.3685,2.3805
5.076,0.73113,3.3659,2.3881
5.0837,0.73113,3.3634,2.3805
5.0684,0.73623,3.3736,2.383
5.076,0.72348,3.3685,2.3779
5.0786,0.73878,3.3659,2.3754
5.071,0.72348,3.3736,2.3805
5.0786,0.72603,3.3608,2.3805
5.076,0.73878,3.3659,2.3754
5.076,0.73113,3.3685,2.3881
5.0837,0.73368,3.3608,2.3754
5.0684,0.73368,3.371,2.3805
5.0837,0.72603,3.3608,2.3881
5.076,0.73878,3.3659,2.3805
5.0684,0.73113,3.371,2.3805
5.076,0.73113,3.3685,2.3881
5.0837,0.73623,3.3608,2.3728
5.071,0.73113,3.371,2.3779
5.076,0.72348,3.3685,2.3805
5.076,0.73368,3.3659,2.3805
5.076,0.73113,3.3659,2.3779
5.076,0.72348,3.3685,2.3881
5.0837,0.73878,3.3608,2.3728
5.071,0.73113,3.371,2.3805
5.0837,0.72603,3.3583,2.3805
5.076,0.73878,3.3685,2.3805
5.0786,0.72348,3.3659,2.3881
5.0811,0.73113,3.3608,2.3805
5.076,0.73113,3.3685,2.3805
5.0837,0.72348,3.3659,2.3856
5.0837,0.73878,3.3608,2.3728
5.0684,0.73113,3.3685,2.3805
5.076,0.73368,3.3685,2.3805
5.076,0.73878,3.3659,2.3728
5.0786,0.73113,3.3685,2.3881
5.0811,0.73368,3.3583,2.3754
5.0684,0.73878,3.371,2.3805
5.076,0.73113,3.3685,2.3805
5.0786,0.73623,3.3659,2.3728
5.071,0.73113,3.371,2.3881
5.0837,0.73113,3.3583,2.3805
5.0735,0.73368,3.3685,2.383
5.076,0.72348,3.3659,2.383
5.0811,0.73623,3.3608,2.3779
5.071,0.73113,3.3736,2.3805
5.076,0.73368,3.3685,2.3805
5.0735,0.73623,3.3685,2.3728
5.0684,0.72603,3.3736,2.3881
5.076,0.73113,3.3608,2.3805
5.076,0.73878,3.3659,2.3754
5.071,0.73113,3.371,2.3856
5.076,0.72858,3.3608,2.3856
5.076,0.73878,3.3659,2.3754
5.076,0.73368,3.3685,2.3779
5.0786,0.73368,3.3685,2.383
5.076,0.73878,3.3736,2.3728
5.071,0.72603,3.3736,2.3856
5.0837,0.72858,3.3608,2.3754
5.0684,0.73113,3.371,2.3779
5.0786,0.73113,3.3685,2.3805
5.076,0.73878,3.3685,2.3754
5.076,0.72348,3.3659,2.3881
5.0786,0.73113,3.3685,2.3805
5.0684,0.73368,3.371,2.3805
5.076,0.73368,3.3583,2.3805
5.076,0.73878,3.3736,2.3754
5.071,0.72348,3.3736,2.3881
5.0811,0.73113,3.3659,2.3805
5.0786,0.73113,3.371,2.3805
5.076,0.73368,3.3685,2.3805
5.076,0.73623,3.3685,2.3754
5.071,0.73113,3.3685,2.3881
5.0837,0.72858,3.3634,2.3779
5.0684,0.73878,3.371,2.3805
5.076,0.73113,3.3685,2.3805
5.0684,0.73878,3.3736,2.3805
5.076,0.72603,3.3685,2.3881
5.0684,0.73623,3.3659,2.3754
5.076,0.73113,3.3659,2.3881
5.0837,0.73623,3.3608,2.3754
5.071,0.72858,3.3736,2.3805
5.0811,0.72348,3.3608,2.3805
5.076,0.74133,3.3659,2.383
5.0735,0.72603,3.3736,2.3856
5.0811,0.73113,3.3608,2.383
5.076,0.73368,3.3659,2.3805
5.0735,0.72348,3.3685,2.3881
5.0837,0.73113,3.3685,2.3805
5.0684,0.73113,3.3736,2.3805
5.0837,0.72858,3.3608,2.3805
5.076,0.73878,3.3659,2.3805
5.0786,0.72603,3.3659,2.3881
5.0811,0.73878,3.3659,2.3754
5.0659,0.73368,3.3685,2.3805
5.0837,0.73113,3.3608,2.3805
5.071,0.73113,3.3736,2.3779
5.0735,0.73113,3.3685,2.3805
5.0735,0.73623,3.371,2.3728
5.076,0.72348,3.3685,2.3856
5.0811,0.73878,3.3608,2.3728
5.0684,0.73113,3.3659,2.3805
5.0811,0.73878,3.3634,2.3728
5.0684,0.73878,3.3736,2.383
5.076,0.72603,3.3685,2.3805
5.076,0.73623,3.3685,2.3728
5.0684,0.73113,3.371,2.3881
5.0837,0.72603,3.3608,2.383
5.076,0.73878,3.3685,2.3728
5.0735,0.73113,3.3685,2.3805
5.0786,0.73368,3.3634,2.3754
5.0684,0.73878,3.3736,2.383
5.0735,0.72603,3.3634,2.3881
5.0735,0.73878,3.3685,2.3728
5.0735,0.73368,3.3736,2.3881
5.0811,0.72603,3.3634,2.3805
5.0735,0.73878,3.3685,2.3728
5.0684,0.73368,3.3736,2.3856
5.0811,0.72603,3.3608,2.3805
5.0735,0.73878,3.3685,2.3805
5.0684,0.73113,3.3761,2.3856
5.0811,0.72603,3.3634,2.3805
5.0735,0.73623,3.3685,2.3728
5.0684,0.72603,3.3761,2.3881
5.0811,0.72603,3.3634,2.3805
5.0735,0.73878,3.3685,2.383
5.0735,0.73368,3.3685,2.3881
5.0811,0.73113,3.3634,2.3779
5.0684,0.73623,3.3736,2.3805
5.0735,0.72348,3.3685,2.3856
5.0735,0.73113,3.3608,2.3805
5.071,0.73113,3.3685,2.3805
5.0735,0.72603,3.3685,2.3881
5.0735,0.73113,3.3685,2.3754
5.0684,0.73113,3.3736,2.3881
5.0735,0.72603,3.3634,2.3881
5.0811,0.73878,3.3608,2.3728
5.0684,0.73113,3.3736,2.3805
5.076,0.73368,3.3685,2.3805
5.0735,0.73878,3.3685,2.3754
5.0684,0.73113,3.3736,2.3805
5.076,0.73113,3.3685,2.3805
5.0735,0.73878,3.3685,2.3728
5.0684,0.72348,3.3736,2.3856
5.0811,0.72858,3.3634,2.3805
5.076,0.73878,3.3685,2.3805
5.0786,0.73368,3.3685,2.3881
5.0837,0.73113,3.3608,2.3779
5.0735,0.73113,3.3685,2.3805
5.0811,0.72603,3.3685,2.3856
5.076,0.73878,3.3685,2.3728
5.0735,0.73113,3.3685,2.3856
5.0837,0.73113,3.3608,2.3805
5.0684,0.73368,3.3736,2.383
5.0786,0.73113,3.3685,2.3805
5.076,0.73623,3.3736,2.3754
5.076,0.72348,3.3659,2.3907
5.076,0.73368,3.3685,2.3728
5.0684,0.72348,3.3736,2.3881
5.0837,0.73113,3.3608,2.3805
5.0684,0.73113,3.371,2.3805
5.0837,0.72603,3.3608,2.3805
5.0735,0.73878,3.3736,2.3728
5.076,0.72603,3.3659,2.3856
5.076,0.73113,3.3685,2.3728
5.076,0.73113,3.3659,2.383
5.0837,0.73368,3.3659,2.3754
5.071,0.74133,3.3659,2.3805
5.0786,0.72348,3.3685,2.3856
5.0811,0.73878,3.3608,2.3754
5.0684,0.73113,3.3685,2.3805
5.0811,0.73368,3.3634,2.3805
5.0735,0.73368,3.3685,2.3779
5.0735,0.72603,3.3659,2.3881
5.0786,0.73878,3.3608,2.3728
5.0684,0.73113,3.3736,2.383
5.076,0.73113,3.3685,2.3881
5.0735,0.73113,3.3685,2.3728
5.0684,0.73113,3.3736,2.3805
5.076,0.73368,3.3685,2.3805
5.0735,0.73878,3.3685,2.3754
5.0684,0.72348,3.3685,2.3881
5.076,0.73368,3.3608,2.3703
5.0684,0.73113,3.3736,2.3805
5.076,0.72858,3.3685,2.3805
5.0735,0.73878,3.3685,2.3728
5.0684,0.73623,3.3736,2.3881
5.0811,0.73113,3.3608,2.3805
5.0735,0.73878,3.371,2.3805
5.0735,0.72348,3.3685,2.3856
5.0811,0.73878,3.3634,2.3754
5.0684,0.73113,3.3736,2.3805
5.0735,0.73113,3.3685,2.3805
5.0735,0.73878,3.3685,2.3754
5.0684,0.72603,3.3736,2.3856
5.0811,0.73113,3.3608,2.3805
5.071,0.73878,3.3761,2.3805
5.0735,0.72603,3.3685,2.3779
5.071,0.73113,3.3685,2.3754
5.0684,0.72348,3.3761,2.3881
5.076,0.72858,3.3634,2.3805
5.0735,0.73878,3.371,2.3728
5.0684,0.72858,3.3685,2.3881
5.0786,0.73368,3.3685,2.3805
5.0735,0.73113,3.371,2.3779
5.0811,0.72603,3.3608,2.3881
5.071,0.73623,3.3685,2.3728
5.071,0.73113,3.371,2.3856
5.0786,0.74133,3.3634,2.3728
5.0659,0.73113,3.3761,2.3805
5.071,0.72603,3.3685,2.3805
5.071,0.73878,3.3685,2.3754
5.071,0.72603,3.371,2.3856
5.071,0.73113,3.371,2.3805
5.0659,0.73113,3.3761,2.3805
5.0786,0.72348,3.3659,2.3856
5.071,0.73878,3.3685,2.3728
5.071,0.73113,3.3787,2.3881
5.0786,0.72858,3.3659,2.3805
5.0633,0.73113,3.3761,2.3805
5.076,0.72603,3.3634,2.3805
5.071,0.73878,3.371,2.3754
5.071,0.72603,3.3736,2.3856
5.0786,0.73623,3.3634,2.3728
5.0659,0.73113,3.3787,2.3779
5.071,0.73368,3.3736,2.3805
5.071,0.73878,3.3685,2.3805
5.0659,0.72603,3.3761,2.3856
5.076,0.72858,3.371,2.3779
5.0659,0.73113,3.3761,2.3856
5.0786,0.72348,3.3608,2.3805
5.071,0.73878,3.371,2.3754
5.0684,0.73113,3.3761,2.3881
5.0786,0.73113,3.3634,2.3805
5.0735,0.73368,3.371,2.3779
5.071,0.73368,3.371,2.3881
5.0786,0.73368,3.3634,2.3805
5.0659,0.73113,3.3761,2.3805
5.0735,0.73113,3.3685,2.3805
5.0735,0.74133,3.3685,2.3728
5.0659,0.72603,3.371,2.3856
5.071,0.73368,3.371,2.3754
5.0633,0.73113,3.3787,2.3805
5.076,0.73368,3.3634,2.3805
5.071,0.73368,3.371,2.3728
5.071,0.72603,3.371,2.3881
5.071,0.73113,3.3685,2.3805
5.0659,0.73113,3.3761,2.3805
5.0786,0.73368,3.3659,2.3805
5.0684,0.72858,3.371,2.3805
5.071,0.72603,3.3659,2.3856
5.0735,0.73878,3.371,2.3728
5.0659,0.73113,3.371,2.3779
5.0786,0.73113,3.3634,2.3805
5.0684,0.73878,3.371,2.3754
5.071,0.72603,3.371,2.3856
5.071,0.73368,3.3685,2.383
5.0659,0.72603,3.3787,2.3881
5.076,0.73113,3.3659,2.3805
5.071,0.73113,3.371,2.3779
5.076,0.72348,3.371,2.383
5.071,0.73878,3.371,2.3754
5.0659,0.72348,3.371,2.3856
5.071,0.73113,3.3634,2.3728
5.0659,0.73113,3.3761,2.3779
5.071,0.73368,3.371,2.3805
5.071,0.73878,3.371,2.3728
5.0633,0.72348,3.3787,2.3856
5.0735,0.73113,3.3685,2.3805
5.0659,0.73368,3.3761,2.3856
5.076,0.73368,3.3659,2.3805
5.071,0.73878,3.371,2.3805
5.071,0.72603,3.371,2.3881
5.0786,0.73878,3.3659,2.3728
5.0659,0.73113,3.3787,2.3805
5.0684,0.73113,3.3685,2.3805
5.0735,0.73878,3.3761,2.3728
5.071,0.72348,3.371,2.3881
5.0735,0.73368,3.3685,2.3779
5.0659,0.73113,3.371,2.3805
5.0786,0.73368,3.3659,2.3728
5.0659,0.73878,3.3761,2.3805
5.071,0.73113,3.371,2.3805
5.0684,0.73878,3.371,2.3754
5.0659,0.72348,3.3787,2.3856
5.076,0.72858,3.3659,2.3805
5.071,0.73113,3.371,2.3805
5.071,0.72603,3.371,2.3881
5.0786,0.73878,3.3659,2.3728
5.0633,0.73368,3.371,2.3779
5.071,0.73113,3.371,2.3805
5.071,0.73878,3.3685,2.3754
5.0633,0.73368,3.3736,2.3805
5.0786,0.73368,3.3634,2.3805
5.0659,0.73878,3.3761,2.3728
5.071,0.72348,3.371,2.3805
5.0786,0.73113,3.3659,2.3805
5.071,0.73113,3.371,2.3805
5.0786,0.72348,3.371,2.3856
5.076,0.73878,3.3659,2.3754
5.0633,0.73113,3.3787,2.3805
5.0735,0.72603,3.3685,2.3856
5.0786,0.73623,3.3659,2.3728
5.0659,0.73113,3.3761,2.3805
5.071,0.73113,3.371,2.3805
5.0735,0.73878,3.3685,2.3728
5.0659,0.72348,3.3787,2.3856
5.0786,0.73113,3.3634,2.3779
5.0684,0.72858,3.3761,2.3881
5.0786,0.72603,3.3659,2.3805
5.0735,0.73878,3.3685,2.3779
5.0684,0.72603,3.371,2.3856
5.0786,0.73113,3.371,2.3754
5.0659,0.73113,3.3761,2.3856
5.076,0.73113,3.3659,2.3805
5.0735,0.73113,3.3685,2.3805
5.071,0.72603,3.371,2.3856
5.076,0.73368,3.3685,2.3805
5.071,0.72858,3.3685,2.3805
5.071,0.72603,3.371,2.3856
5.0786,0.73623,3.3659,2.3728
5.0659,0.73113,3.3761,2.3779
5.071,0.72603,3.3685,2.3881
5.0786,0.73878,3.371,2.3728
5.0735,0.73368,3.3685,2.3805
5.0811,0.72858,3.3685,2.3779
5.0659,0.73878,3.3761,2.3779
5.0735,0.72348,3.371,2.3856
5.071,0.72858,3.3634,2.3805
5.071,0.73368,3.3761,2.3856
5.0735,0.72348,3.3685,2.3805
5.071,0.73113,3.371,2.3805
5.0684,0.73113,3.3761,2.3805
5.0786,0.72603,3.3634,2.3856
5.071,0.73878,3.3685,2.3754
5.0659,0.73113,3.3787,2.3856
5.0786,0.73368,3.3634,2.383
5.071,0.73623,3.371,2.3728
5.071,0.72603,3.371,2.3881
5.0786,0.73623,3.3634,2.3728
5.0659,0.73878,3.3787,2.3779
5.0735,0.72348,3.3685,2.3805
5.071,0.73368,3.371,2.3728
5.0684,0.73368,3.3761,2.3805
5.0786,0.72348,3.3634,2.3881
5.071,0.73878,3.371,2.3754
5.0735,0.73113,3.3685,2.3805
5.0786,0.73113,3.3659,2.3805
5.071,0.73113,3.371,2.3805
5.0684,0.72603,3.371,2.3881
5.0786,0.73878,3.371,2.3728
5.0659,0.73113,3.3685,2.3805
5.0786,0.73878,3.3634,2.3754
5.0659,0.73113,3.3761,2.3805
5.071,0.73113,3.3685,2.3805
5.0659,0.73878,3.3761,2.3728
5.0735,0.72603,3.371,2.3805
5.0735,0.73113,3.371,2.3779
5.0659,0.73368,3.3787,2.3856
5.0786,0.73113,3.3634,2.3805
5.076,0.73878,3.371,2.3805
5.0735,0.73368,3.3685,2.3881
5.0786,0.73113,3.3659,2.3728
5.0659,0.73368,3.3761,2.3805
5.0735,0.73368,3.3685,2.3805
5.0659,0.73623,3.3761,2.3728
5.071,0.72603,3.3685,2.3881
5.0735,0.73113,3.371,2.383
5.0659,0.73113,3.3761,2.3881
5.071,0.72603,3.3634,2.3881
5.0786,0.73878,3.3634,2.3754
5.0659,0.73113,3.3736,2.3805
5.0735,0.73113,3.371,2.3805
5.0684,0.73878,3.3761,2.3754
5.0735,0.72603,3.3685,2.3881
5.0735,0.73878,3.371,2.3728
5.071,0.72603,3.371,2.3856
5.071,0.73878,3.3685,2.3728
5.071,0.72603,3.371,2.3881
5.0786,0.73623,3.3608,2.3728
5.0659,0.73368,3.3761,2.3805
5.0786,0.72348,3.3634,2.3805
5.0735,0.73623,3.3685,2.3754
5.0659,0.73368,3.371,2.3805
5.0811,0.73113,3.3634,2.3805
5.0659,0.73878,3.3761,2.3728
5.0659,0.72348,3.3685,2.3856
5.0786,0.73113,3.3659,2.3805
5.0735,0.73113,3.371,2.383
5.0735,0.72348,3.3685,2.383
5.0811,0.73623,3.3659,2.3754
5.0659,0.73878,3.3736,2.3805
5.0735,0.72603,3.3685,2.3805
5.071,0.73113,3.3634,2.3805
5.0735,0.73878,3.3736,2.3805
5.076,0.72348,3.3685,2.3881
5.071,0.73113,3.3685,2.3754
5.0684,0.73368,3.3761,2.3805
5.0735,0.72348,3.3634,2.3881
5.0735,0.73878,3.3685,2.3754
5.071,0.73368,3.3787,2.3805
5.0735,0.73113,3.3634,2.3805
5.0684,0.73878,3.3761,2.3779
5.071,0.72603,3.371,2.3881
5.0735,0.73113,3.3634,2.3805
5.0659,0.72858,3.3761,2.3881
5.0786,0.73368,3.3634,2.3805
5.0684,0.73878,3.3761,2.3754
5.0735,0.72348,3.3685,2.3881
5.071,0.72858,3.371,2.3805
5.0735,0.73113,3.3685,2.3805
5.0735,0.72603,3.3685,2.3805
5.0786,0.73878,3.3634,2.3754
5.0659,0.73113,3.3736,2.3805
5.0735,0.73113,3.371,2.3779
5.0659,0.73878,3.3685,2.3728
5.0684,0.72348,3.3761,2.3881
5.0786,0.73368,3.3634,2.3779
5.0633,0.73878,3.3787,2.3805
5.0735,0.72603,3.3685,2.3881
5.071,0.73113,3.3685,2.3728
5.0659,0.73113,3.3761,2.3805
5.071,0.73113,3.371,2.383
5.071,0.73623,3.3685,2.3805
5.0735,0.73368,3.3685,2.3856
5.0786,0.73368,3.3634,2.3728
5.0659,0.73878,3.371,2.3728
5.071,0.72603,3.371,2.3881
5.076,0.73113,3.3634,2.3754
5.0659,0.73113,3.3787,2.3805
5.0684,0.72348,3.371,2.3805
5.071,0.73623,3.371,2.3754
5.0684,0.73368,3.3761,2.3881
5.0786,0.73113,3.3659,2.3805
5.071,0.73368,3.3685,2.3805
5.0735,0.72348,3.371,2.3881
5.0786,0.73878,3.3659,2.3728
5.0684,0.73113,3.3761,2.3805
5.0735,0.72348,3.371,2.3805
5.071,0.73113,3.3685,2.3754
5.0684,0.72348,3.3761,2.3805
5.0786,0.72348,3.3634,2.3805
5.071,0.73113,3.371,2.3779
5.071,0.72858,3.371,2.3856
5.0786,0.73623,3.3634,2.3805
5.0659,0.73368,3.3787,2.3805
5.0786,0.72603,3.3634,2.3881
5.071,0.73368,3.3685,2.3805
5.071,0.72603,3.3608,2.3881
5.0786,0.73623,3.3634,2.3728
5.0684,0.73113,3.3761,2.3805
5.071,0.73113,3.3685,2.3805
5.071,0.73878,3.3685,2.3754
5.0735,0.72603,3.3685,2.3856
5.0735,0.73113,3.3685,2.3754
5.0659,0.73113,3.3787,2.3881
5.0786,0.73113,3.3634,2.3805
5.071,0.73368,3.371,2.3805
5.0735,0.72603,3.3608,2.3881
5.071,0.73623,3.371,2.3754
5.0735,0.73113,3.371,2.3805
5.0811,0.73113,3.3634,2.3805
5.0633,0.73878,3.3685,2.3805
5.0735,0.72603,3.371,2.3881
5.0786,0.73368,3.3659,2.3779
5.0684,0.73113,3.3761,2.3805
5.0735,0.72603,3.371,2.3805
5.0735,0.73878,3.3685,2.3754
5.071,0.73113,3.3685,2.3881
5.0786,0.73113,3.3634,2.3805
5.0659,0.73623,3.3761,2.3779
5.071,0.73113,3.371,2.3805
5.071,0.73878,3.371,2.3754
5.0659,0.73368,3.371,2.3805
5.0786,0.73113,3.3634,2.3805
5.0659,0.73878,3.3787,2.3805
5.071,0.72348,3.371,2.3881
5.0786,0.73368,3.371,2.3779
5.0659,0.73113,3.3787,2.3805
5.0786,0.73368,3.3634,2.3805
5.0659,0.73878,3.3761,2.3728
5.071,0.72603,3.371,2.3779
5.071,0.72858,3.371,2.3728
5.0633,0.72348,3.3761,2.3805
5.0786,0.72603,3.3634,2.3805
