2.142,1.5494,2.9861,1.7277
2.1344,1.5545,2.9912,1.7252
2.1293,1.5469,3.0014,1.7303
2.1344,1.5418,2.9912,1.7328
2.142,1.5469,2.9861,1.7328
2.1344,1.552,2.9912,1.7303
2.1318,1.5494,2.9989,1.7328
2.1369,1.5469,2.9912,1.7328
2.1369,1.5494,2.9938,1.7328
2.1369,1.5494,2.9938,1.7354
2.1369,1.5494,2.9938,1.7379
2.1344,1.5418,2.9861,1.7328
2.142,1.5545,2.9887,1.7277
2.1318,1.5545,2.9989,1.7277
2.1293,1.5392,3.0014,1.7405
2.1369,1.5418,2.9861,1.7405
2.142,1.5469,2.9861,1.7277
2.1369,1.5469,2.9912,1.7303
2.1318,1.5469,2.9989,1.7328
2.1344,1.5418,2.9912,1.7379
2.1471,1.5443,2.9861,1.7328
2.142,1.5545,2.9912,1.7277
2.1318,1.5469,2.9989,1.7328
2.1369,1.5392,2.9912,1.7405
2.1369,1.5469,2.9912,1.7328
2.1369,1.5469,2.9912,1.7277
2.1369,1.5469,2.9938,1.7277
2.1369,1.5494,2.9912,1.7303
2.1369,1.5418,2.9912,1.7328
2.142,1.5469,2.9861,1.7328
2.1369,1.5494,2.9912,1.7252
2.1395,1.5469,2.9912,1.7303
2.1369,1.5469,2.9912,1.7328
2.1395,1.5392,2.9912,1.7379
2.142,1.5469,2.9861,1.7328
2.1369,1.5545,2.9938,1.7277
2.1344,1.5469,2.9912,1.7303
2.1369,1.5469,2.9989,1.7379
2.1369,1.5418,2.9912,1.7405
2.1446,1.5469,2.9861,1.7277
2.1369,1.5545,2.9912,1.7277
2.1318,1.5443,2.9963,1.7303
2.1318,1.5392,2.9989,1.7405
2.1446,1.5392,2.9836,1.7379
2.1369,1.5469,2.9938,1.7303
2.1395,1.5494,2.9912,1.7303
2.1369,1.5469,2.9938,1.7379
2.1369,1.5443,2.9912,1.7328
2.1344,1.5545,2.9938,1.7277
2.1318,1.5469,2.9989,1.7354
2.1369,1.5418,2.9912,1.7379
2.1369,1.5469,2.9861,1.7328
2.1318,1.552,2.9912,1.7252
2.1318,1.5494,2.9989,1.7405
2.1395,1.5418,2.9912,1.7405
2.142,1.552,2.9861,1.7252
2.1318,1.552,2.9912,1.7277
2.1344,1.5392,2.9989,1.7379
2.1369,1.5392,2.9836,1.7379
2.1446,1.5545,2.9836,1.7277
2.1293,1.552,2.9989,1.7328
2.1318,1.5469,2.9912,1.7379
2.1369,1.5469,2.9912,1.7328
2.1395,1.5469,2.9912,1.7252
2.1369,1.5545,2.9938,1.7354
2.1369,1.5469,2.9989,1.7303
2.1369,1.5392,2.9861,1.7379
2.1446,1.5469,2.9836,1.7328
2.1369,1.5545,2.9912,1.7252
2.1293,1.5469,2.9989,1.7303
2.1369,1.5392,2.9912,1.7379
2.142,1.5469,2.9861,1.7303
2.1344,1.5469,2.9912,1.7252
2.1369,1.5469,2.9938,1.7328
2.1369,1.5494,2.9912,1.7328
2.1369,1.5443,2.9912,1.7354
2.142,1.5469,2.9836,1.7328
2.1369,1.5469,2.9912,1.7303
2.1318,1.5545,2.9963,1.7328
2.1318,1.5392,2.9989,1.7379
2.1446,1.5418,2.9836,1.7303
2.142,1.5545,2.9836,1.7252
2.1318,1.5545,2.9989,1.7328
2.1318,1.5392,2.9963,1.7379
2.1446,1.5392,2.9861,1.7328
2.1446,1.5545,2.9836,1.7252
2.1395,1.552,2.9989,1.7277
2.1293,1.5469,2.9887,1.7328
2.1395,1.5418,2.9887,1.7303
2.1446,1.5469,2.9836,1.7252
2.1318,1.552,2.9912,1.7277
2.1318,1.5494,2.9963,1.7405
2.1395,1.5392,2.9912,1.7379
2.142,1.5469,2.9836,1.7328
2.1369,1.5469,2.9887,1.7328
2.1369,1.5545,2.9912,1.7328
2.1293,1.5469,2.9989,1.7328
2.1318,1.5392,2.9963,1.7379
2.1395,1.5469,2.9887,1.7328
2.1395,1.5469,2.9887,1.7303
2.1395,1.552,2.9912,1.7328
2.1318,1.5469,2.9963,1.7328
2.1318,1.5469,2.9912,1.7379
2.1369,1.5392,2.9912,1.7328
2.1471,1.5494,2.9836,1.7303
2.1395,1.552,2.9912,1.7277
2.1318,1.5469,2.9989,1.7303
2.1318,1.5392,2.9989,1.7379
2.142,1.5392,2.9836,1.7328
2.1446,1.552,2.9861,1.7277
2.1369,1.552,2.9912,1.7277
2.1318,1.5469,2.9989,1.7354
2.1446,1.5392,2.9861,1.7328
2.1471,1.5545,2.9861,1.7252
2.1318,1.5545,3.0014,1.7252
2.1318,1.5469,2.9963,1.7379
2.1369,1.5469,2.9938,1.7405
2.1369,1.5443,2.9938,1.7328
2.1369,1.5469,2.9861,1.7303
2.1369,1.5545,2.9912,1.7303
2.1318,1.552,2.9989,1.7303
2.1318,1.5469,3.0014,1.7405
2.1395,1.5392,2.9912,1.7379
2.142,1.5494,2.9887,1.7303
2.1446,1.5545,2.9861,1.7252
2.1318,1.5545,2.9989,1.7303
2.1395,1.5494,2.9938,1.7379
2.1395,1.5469,2.9938,1.7303
2.1369,1.5545,2.9912,1.7277
2.1318,1.5494,2.9989,1.7379
2.142,1.5418,2.9861,1.7379
2.142,1.5545,2.9887,1.7328
2.1395,1.552,2.9912,1.7252
2.1318,1.5494,2.9963,1.7303
2.1318,1.5392,2.9938,1.7379
2.1446,1.5392,2.9938,1.7328
2.1369,1.5469,2.9912,1.7277
2.1369,1.5469,3.0014,1.7303
2.1395,1.5418,2.9938,1.7379
2.1471,1.5469,2.9887,1.7303
2.1395,1.5545,2.9912,1.7277
2.1318,1.5469,3.0014,1.7303
2.1395,1.5392,2.9938,1.7379
2.1446,1.5469,2.9861,1.7328
2.1369,1.5545,2.9912,1.7252
2.1318,1.5469,2.9989,1.7303
2.1395,1.5418,2.9963,1.7354
2.1446,1.5494,2.9861,1.7303
2.1369,1.5545,2.9938,1.7252
2.1318,1.5469,2.9989,1.7303
2.1395,1.5443,2.9912,1.7328
2.1369,1.5494,2.9938,1.7328
2.1395,1.5494,2.9989,1.7303
2.1395,1.5392,2.9912,1.7379
2.1446,1.5469,2.9887,1.7328
2.1395,1.5545,2.9912,1.7277
2.1318,1.5494,2.9989,1.7303
2.1369,1.5418,2.9938,1.7379
2.1446,1.5469,2.9861,1.7252
2.1369,1.5545,2.9989,1.7252
2.1318,1.5418,3.0014,1.7405
2.1446,1.5392,2.9861,1.7379
2.1471,1.5571,2.9887,1.7226
2.1318,1.5545,2.9989,1.7277
2.1318,1.5418,2.9989,1.7354
2.142,1.5418,2.9861,1.7328
2.1395,1.5545,2.9912,1.7252
2.1318,1.5469,3.0014,1.7303
2.1369,1.5418,2.9912,1.7379
2.1446,1.5469,2.9861,1.7277
2.1395,1.5545,2.9912,1.7226
2.1318,1.5494,3.0014,1.7328
2.1369,1.5392,2.9938,1.7379
2.1446,1.5494,2.9887,1.7328
2.1369,1.5545,2.9938,1.7252
2.1318,1.5443,2.9989,1.7328
2.1369,1.5443,2.9938,1.7328
2.1369,1.5469,2.9938,1.7328
2.1369,1.5469,2.9938,1.7303
2.1369,1.5469,2.9938,1.7328
2.1369,1.5469,2.9938,1.7328
2.1369,1.5469,2.9938,1.7303
2.1369,1.5443,2.9938,1.7328
2.1318,1.5418,2.9989,1.7277
2.1369,1.5418,2.9938,1.7303
2.142,1.5494,2.9861,1.7303
2.1369,1.5494,2.9912,1.7277
2.1293,1.5469,2.9989,1.7303
2.1318,1.5443,2.9938,1.7354
2.1369,1.5469,2.9938,1.7303
2.1344,1.5469,2.9912,1.7328
2.1369,1.552,2.9938,1.7328
2.1318,1.5469,2.9989,1.7328
2.1369,1.5392,2.9912,1.7379
2.1446,1.5418,2.9861,1.7328
2.1446,1.5545,2.9861,1.7277
2.1395,1.5545,2.9938,1.7277
2.1318,1.5469,2.9989,1.7303
2.1369,1.5443,2.9912,1.7405
2.1369,1.5469,2.9912,1.7328
2.1369,1.5469,2.9912,1.7277
2.1369,1.5469,2.9938,1.7303
2.1369,1.5469,2.9912,1.7303
2.1369,1.5392,2.9938,1.7303
2.142,1.5545,2.9861,1.7277
2.1369,1.552,2.9938,1.7277
2.1318,1.5418,2.9989,1.7405
2.1369,1.5392,2.9938,1.7405
2.1369,1.5469,2.9938,1.7354
2.142,1.5494,2.9861,1.7328
2.1369,1.5545,2.9938,1.7277
2.1318,1.552,2.9989,1.7328
2.1318,1.5469,2.9989,1.7328
2.1344,1.5418,2.9912,1.7379
2.142,1.5469,2.9861,1.7328
2.1369,1.5443,2.9912,1.7277
2.1395,1.5494,2.9912,1.7328
2.1293,1.5418,2.9989,1.7379
2.142,1.5418,2.9836,1.7303
2.142,1.552,2.9861,1.7252
2.1369,1.5545,2.9912,1.7277
2.1293,1.5494,2.9989,1.7328
2.142,1.5418,2.9912,1.7405
2.142,1.5443,2.9861,1.7328
2.1369,1.5545,2.9912,1.7252
2.1318,1.5469,2.9989,1.7303
2.1318,1.5494,2.9912,1.7405
2.1369,1.5392,2.9836,1.7328
2.142,1.5443,2.9912,1.7252
2.1369,1.5469,2.9912,1.7354
2.1318,1.5469,2.9989,1.7328
2.1369,1.5392,2.9912,1.7405
2.142,1.5469,2.9861,1.7328
2.1471,1.552,2.9861,1.7277
2.1293,1.5545,2.9989,1.7252
2.1318,1.5418,2.9989,1.7328
2.1344,1.5392,2.9912,1.7405
2.1446,1.5469,2.9861,1.7252
2.1369,1.5545,2.9938,1.7277
2.1369,1.5494,2.9912,1.7328
2.1344,1.5443,2.9912,1.7379
2.1344,1.5494,2.9912,1.7328
2.1369,1.5494,2.9938,1.7252
2.1369,1.5545,2.9938,1.7328
2.1293,1.5469,2.9989,1.7328
2.1369,1.5418,2.9912,1.7328
2.1446,1.5469,2.9861,1.7354
2.1369,1.552,2.9938,1.7277
2.1318,1.5545,2.9989,1.7354
2.1318,1.5418,2.9989,1.7405
2.142,1.5418,2.9861,1.7379
2.142,1.552,2.9836,1.7252
2.1344,1.552,2.9912,1.7277
2.1293,1.5392,2.9989,1.7405
2.142,1.5418,2.9938,1.7379
2.142,1.5469,2.9861,1.7277
2.1369,1.5545,2.9912,1.7277
2.1318,1.5418,2.9989,1.7328
2.142,1.5392,2.9938,1.7405
2.142,1.5469,2.9861,1.7277
2.1344,1.5545,2.9938,1.7277
2.1344,1.5443,2.9938,1.7328
2.1293,1.5469,2.9912,1.7354
2.1344,1.5418,2.9938,1.7328
2.142,1.5469,2.9836,1.7303
2.1369,1.5545,2.9938,1.7277
2.1318,1.5469,2.9989,1.7303
2.1293,1.5418,3.0014,1.7379
2.1344,1.5418,2.9836,1.7379
2.142,1.5469,2.9887,1.7354
2.1344,1.5545,2.9912,1.7252
2.1318,1.5469,2.9989,1.7328
2.1318,1.5418,2.9938,1.7405
2.1369,1.5469,2.9912,1.7328
2.1369,1.5469,2.9938,1.7277
2.1344,1.5469,2.9938,1.7328
2.1369,1.5469,2.9938,1.7379
2.1344,1.5469,2.9938,1.7328
2.1344,1.5469,2.9938,1.7252
2.1369,1.5494,2.9912,1.7328
2.1369,1.5469,2.9912,1.7379
2.1344,1.5418,2.9938,1.7379
2.142,1.5443,2.9861,1.7328
2.142,1.5545,2.9938,1.7277
2.1293,1.5545,2.9989,1.7303
2.1318,1.5418,2.9989,1.7328
2.1369,1.5392,2.9938,1.7379
2.142,1.5469,2.9861,1.7328
2.1369,1.552,2.9912,1.7277
2.1369,1.5494,2.9938,1.7303
2.1344,1.5469,3.0014,1.7328
2.1344,1.5418,2.9912,1.7354
2.142,1.5418,2.9836,1.7354
2.142,1.5545,2.9861,1.7277
2.1318,1.5545,2.9938,1.7277
2.1293,1.5494,2.9989,1.7328
2.1293,1.5392,2.9989,1.7405
2.1395,1.5418,2.9861,1.7405
2.142,1.552,2.9887,1.7277
2.1293,1.552,2.9938,1.7277
2.1293,1.5469,2.9989,1.7405
2.1344,1.5392,2.9912,1.7405
2.142,1.5494,2.9861,1.7328
2.1344,1.5545,2.9887,1.7277
2.1344,1.5469,2.9938,1.7328
2.1293,1.5469,2.9989,1.7354
2.1344,1.5392,2.9912,1.7405
2.142,1.5418,2.9938,1.7379
2.1395,1.5494,2.9861,1.7277
2.1344,1.5545,2.9938,1.7252
2.1344,1.5469,2.9912,1.7303
2.1344,1.5494,2.9938,1.7354
2.1344,1.5418,2.9938,1.7328
2.1395,1.5469,2.9912,1.7328
2.1344,1.5545,2.9938,1.7252
2.1293,1.5469,2.9963,1.7354
2.1344,1.5392,2.9912,1.7405
2.142,1.5392,2.9861,1.7354
2.1395,1.5469,2.9887,1.7277
2.1267,1.552,2.9938,1.7277
2.1267,1.5494,2.9989,1.7328
2.1318,1.5392,2.9912,1.7405
2.1344,1.5443,2.9887,1.7328
2.1344,1.5469,2.9912,1.7328
2.1344,1.5469,2.9989,1.7328
2.1344,1.5392,2.9912,1.7354
2.1344,1.5469,2.9861,1.7277
2.1344,1.5545,2.9912,1.7277
2.1267,1.5469,2.9963,1.7354
2.1344,1.5418,2.9938,1.7405
2.1395,1.5494,2.9861,1.7277
2.1344,1.5545,3.0014,1.7277
2.1267,1.5392,3.0014,1.7405
2.1395,1.5418,2.9861,1.7405
2.142,1.5545,2.9836,1.7277
2.1293,1.5545,2.9938,1.7277
2.1267,1.5469,2.9989,1.7405
2.1369,1.5418,2.9912,1.7405
2.142,1.552,2.9861,1.7328
2.1344,1.5494,2.9938,1.7354
2.1293,1.5392,2.9989,1.7405
2.142,1.5418,2.9861,1.7405
2.1395,1.552,2.9887,1.7277
2.1267,1.5545,3.0014,1.7277
2.1293,1.5494,2.9989,1.7405
2.1318,1.5418,2.9912,1.7354
2.1395,1.5469,2.9912,1.7328
2.1344,1.5494,2.9938,1.7328
2.1318,1.5494,3.0014,1.7328
2.1344,1.5494,2.9938,1.7303
2.1395,1.5494,2.9861,1.7328
2.1344,1.5469,2.9938,1.7328
2.1293,1.5469,2.9938,1.7328
2.1344,1.5418,2.9938,1.7328
2.142,1.5469,2.9861,1.7354
2.1344,1.5571,2.9912,1.7277
2.1293,1.5469,2.9989,1.7328
2.1369,1.5418,2.9912,1.7379
2.142,1.5392,2.9836,1.7354
2.142,1.5545,2.9861,1.7277
2.1344,1.5545,2.9938,1.7277
2.1293,1.5392,3.0014,1.7405
2.142,1.5418,2.9836,1.7405
2.142,1.5545,2.9861,1.7354
2.1344,1.5469,2.9938,1.7328
2.1344,1.5469,2.9938,1.7328
2.142,1.5418,2.9887,1.7379
2.142,1.5469,2.9938,1.7328
2.1369,1.552,2.9938,1.7252
2.1344,1.5469,2.9938,1.7328
2.1318,1.5469,2.9938,1.7354
2.1344,1.5469,2.9938,1.7303
2.142,1.5494,2.9861,1.7303
2.1344,1.5545,2.9912,1.7277
2.1369,1.5469,2.9989,1.7405
2.1344,1.5494,2.9912,1.7379
2.1369,1.5469,2.9912,1.7328
2.1344,1.5469,2.9912,1.7354
2.1369,1.5545,2.9912,1.7354
2.1318,1.5469,3.0014,1.7328
2.1267,1.5392,3.0014,1.7405
2.142,1.5443,2.9887,1.7379
2.142,1.5494,2.9861,1.7303
2.1344,1.5545,2.9912,1.7277
2.1318,1.5494,2.9989,1.7328
2.1344,1.5392,2.9938,1.7379
2.1395,1.5494,2.9861,1.7328
2.142,1.5545,2.9887,1.7277
2.1293,1.5545,3.0014,1.7252
2.1318,1.5469,3.0014,1.7328
2.1344,1.5418,2.9938,1.7379
2.1369,1.5494,2.9938,1.7303
2.142,1.5494,2.9887,1.7328
2.1369,1.5545,2.9912,1.7354
2.1318,1.5494,2.9989,1.7328
2.1318,1.5418,3.0014,1.7405
2.142,1.5418,2.9861,1.7328
2.142,1.5545,2.9861,1.7277
2.1293,1.5469,3.0014,1.7328
2.1369,1.5418,2.9912,1.7379
2.142,1.5469,2.9887,1.7328
2.1369,1.5469,2.9938,1.7277
2.1369,1.5494,2.9938,1.7303
2.1293,1.5469,2.9912,1.7328
2.1369,1.5392,2.9938,1.7405
2.142,1.5469,2.9887,1.7328
2.142,1.5545,2.9861,1.7252
2.1293,1.5545,2.9989,1.7252
2.1318,1.5469,2.9989,1.7328
2.1369,1.5392,2.9912,1.7379
2.1446,1.5469,2.9861,1.7328
2.1369,1.5469,2.9938,1.7277
2.1344,1.5494,2.9938,1.7328
2.1293,1.5469,3.0014,1.7303
2.1318,1.5418,2.9938,1.7379
2.1369,1.5494,2.9938,1.7328
2.1369,1.5469,2.9938,1.7328
2.1369,1.5494,2.9938,1.7277
2.1318,1.5494,3.0014,1.7379
2.1369,1.5392,2.9912,1.7379
2.142,1.5469,2.9887,1.7328
2.1395,1.5545,2.9938,1.7252
2.1369,1.5469,3.0014,1.7328
2.1369,1.5494,2.9938,1.7379
2.1369,1.5469,2.9938,1.7328
2.142,1.5469,2.9861,1.7328
2.1369,1.5545,2.9912,1.7252
2.1293,1.5469,3.0014,1.7303
2.1344,1.5418,2.9938,1.7379
2.142,1.5469,2.9887,1.7303
2.1369,1.5545,2.9938,1.7252
2.1318,1.5545,2.9989,1.7303
2.1318,1.5418,2.9989,1.7405
2.1395,1.5418,2.9963,1.7379
2.1446,1.5418,2.9887,1.7303
2.142,1.552,2.9887,1.7252
2.1318,1.5545,3.0014,1.7252
2.1318,1.5392,3.0014,1.7379
2.142,1.5392,2.9861,1.7379
2.142,1.5545,2.9887,1.7252
2.1369,1.5469,2.9912,1.7328
2.1344,1.5469,2.9989,1.7328
2.1344,1.5494,2.9938,1.7328
2.1369,1.5443,2.9938,1.7303
2.1369,1.5545,2.9912,1.7328
2.1293,1.5494,2.9912,1.7328
2.1369,1.5392,2.9938,1.7405
2.1446,1.5469,2.9861,1.7354
2.1369,1.5545,2.9938,1.7277
2.1344,1.5469,2.9938,1.7328
2.1369,1.5469,2.9912,1.7328
2.1344,1.5418,2.9912,1.7354
2.1395,1.5469,2.9861,1.7328
2.1344,1.5545,2.9938,1.7328
2.1318,1.5469,2.9989,1.7354
2.1293,1.5418,2.9989,1.7405
2.142,1.5494,2.9861,1.7328
2.1344,1.5545,2.9938,1.7277
2.1293,1.5443,2.9989,1.7328
2.1344,1.5392,2.9938,1.7405
2.142,1.5469,2.9861,1.7328
2.1369,1.552,2.9912,1.7277
2.1318,1.5545,2.9989,1.7328
2.1318,1.5392,2.9989,1.7405
2.1446,1.5418,2.9836,1.7328
2.142,1.552,2.9861,1.7252
2.1293,1.5545,2.9963,1.7328
2.1293,1.5469,2.9912,1.7405
2.1369,1.5494,2.9938,1.7328
2.142,1.5443,2.9836,1.7328
2.1395,1.5494,2.9912,1.7354
2.1318,1.5469,2.9989,1.7328
2.1369,1.5392,2.9938,1.7379
2.142,1.5469,2.9861,1.7354
2.1369,1.5545,2.9938,1.7277
2.1344,1.5469,2.9938,1.7328
2.1369,1.5469,2.9938,1.7303
2.1344,1.5418,2.9912,1.7354
2.142,1.5494,2.9861,1.7303
2.142,1.5545,2.9887,1.7303
2.1344,1.5469,2.9912,1.7328
2.1318,1.5469,2.9989,1.7354
2.1369,1.5418,2.9938,1.7379
2.142,1.5418,2.9861,1.7328
2.1446,1.5545,2.9836,1.7252
2.1369,1.5545,2.9989,1.7277
2.1318,1.5469,2.9989,1.7354
2.1369,1.5494,2.9938,1.7405
2.1344,1.5392,2.9861,1.7379
2.142,1.552,2.9861,1.7277
2.1293,1.552,2.9989,1.7277
2.1293,1.5469,3.0014,1.7405
2.1344,1.5418,2.9938,1.7405
2.142,1.5469,2.9887,1.7328
2.1344,1.5545,2.9938,1.7252
2.1318,1.5545,3.0014,1.7354
2.1318,1.5418,2.9989,1.7379
2.142,1.5418,2.9912,1.7379
2.142,1.5469,2.9861,1.7328
2.1344,1.5494,2.9938,1.7277
