4.3011,0.98096,3.2742,2.2224
4.296,0.97841,3.2793,2.2199
4.3011,0.96821,3.2716,2.2301
4.3088,0.97076,3.2665,2.2224
4.3088,0.98096,3.264,2.2148
4.3037,0.98351,3.2793,2.2148
4.296,0.97586,3.2767,2.2224
4.3037,0.97841,3.2716,2.2275
4.3037,0.97586,3.2716,2.2224
4.3011,0.97586,3.2742,2.2224
4.3037,0.98351,3.2742,2.225
4.2935,0.97841,3.2793,2.2199
4.3011,0.96821,3.2742,2.2301
4.3088,0.97586,3.2691,2.2199
4.3088,0.98351,3.2665,2.2148
4.3011,0.97586,3.2716,2.2224
4.3011,0.97586,3.2742,2.2199
4.3037,0.96821,3.2716,2.2301
4.3088,0.97586,3.2665,2.2224
4.3037,0.98096,3.2742,2.2148
4.2935,0.98351,3.2793,2.2224
4.2935,0.97841,3.2793,2.2199
4.3011,0.97586,3.2742,2.2199
4.3062,0.97586,3.2691,2.2224
4.3011,0.98096,3.2742,2.2173
4.2935,0.97586,3.2793,2.2224
4.2986,0.96821,3.2742,2.2275
4.3062,0.97841,3.2691,2.225
4.3011,0.98096,3.2742,2.2148
4.296,0.97841,3.2793,2.2224
4.2935,0.96821,3.2793,2.2301
4.3062,0.96821,3.2665,2.2301
4.3062,0.97586,3.2691,2.2173
4.3011,0.98351,3.2716,2.2173
4.2935,0.98351,3.2793,2.2173
4.2935,0.97586,3.2793,2.2301
4.2986,0.96821,3.2742,2.2275
4.3011,0.97586,3.2742,2.2224
4.3011,0.97586,3.2742,2.2224
4.3011,0.97586,3.2742,2.2224
4.2935,0.97586,3.2793,2.2199
4.2986,0.97076,3.2742,2.2301
4.2986,0.97841,3.2716,2.2224
4.2986,0.97586,3.2742,2.2173
4.2986,0.97586,3.2742,2.2199
4.2986,0.97586,3.2793,2.225
4.2986,0.96821,3.2716,2.2301
4.3062,0.97586,3.2691,2.2224
4.2986,0.98351,3.2716,2.2173
4.2935,0.98096,3.2793,2.225
4.2935,0.96821,3.2793,2.2301
4.3037,0.97076,3.2665,2.2301
4.3011,0.97586,3.2716,2.2224
4.2986,0.98096,3.2793,2.2173
4.2935,0.96821,3.2818,2.2301
4.2986,0.97076,3.2767,2.2301
4.3011,0.97586,3.2665,2.2224
4.3011,0.98096,3.2742,2.2224
4.2935,0.97586,3.2793,2.225
4.2986,0.96821,3.2742,2.2275
4.3088,0.97586,3.2665,2.225
4.3011,0.97841,3.2742,2.2173
4.2935,0.97586,3.2793,2.225
4.3011,0.97076,3.2742,2.2301
4.3037,0.97586,3.2665,2.2224
4.3011,0.98351,3.2742,2.2148
4.2986,0.97586,3.2818,2.2224
4.3011,0.97586,3.2742,2.2301
4.3037,0.96821,3.2691,2.2224
4.3062,0.97586,3.2691,2.2173
4.2909,0.98096,3.2793,2.2173
4.2935,0.96821,3.2818,2.2301
4.3037,0.97076,3.2691,2.2224
4.3062,0.98096,3.2691,2.2173
4.296,0.97841,3.2793,2.2301
4.2986,0.96821,3.2742,2.2301
4.3037,0.97586,3.2691,2.2173
4.2935,0.98096,3.2742,2.2173
4.2935,0.96821,3.2793,2.2301
4.3062,0.96821,3.2691,2.2199
4.3037,0.98351,3.2742,2.2173
4.2935,0.97331,3.2793,2.2199
4.2986,0.97076,3.2742,2.2275
4.3062,0.97586,3.2691,2.225
4.3011,0.98351,3.2742,2.2173
4.2935,0.97586,3.2818,2.2275
4.3062,0.97076,3.2742,2.2301
4.3062,0.98351,3.2691,2.2148
4.2935,0.98096,3.2793,2.2173
4.2935,0.97841,3.2793,2.2275
4.2986,0.96821,3.2691,2.2275
4.3037,0.97586,3.2691,2.2173
4.2986,0.98351,3.2767,2.2224
4.3011,0.97586,3.2818,2.2224
4.3011,0.97586,3.2767,2.2224
4.3088,0.97586,3.2691,2.2224
4.3011,0.98351,3.2742,2.225
4.2935,0.97331,3.2818,2.2224
4.2935,0.96821,3.2793,2.2275
4.3062,0.97331,3.2691,2.2199
4.3011,0.98096,3.2716,2.2173
4.296,0.97586,3.2793,2.2224
4.3011,0.96821,3.2716,2.2301
4.3062,0.97586,3.2691,2.2173
4.3011,0.98351,3.2742,2.2199
4.2935,0.97586,3.2793,2.2224
4.3011,0.96821,3.2716,2.2275
4.3062,0.97586,3.2665,2.2224
4.3011,0.98096,3.2742,2.2173
4.2935,0.97586,3.2793,2.2301
4.3062,0.96821,3.2665,2.2301
4.3088,0.98351,3.2665,2.2173
4.2935,0.98096,3.2793,2.2224
4.3011,0.97076,3.2742,2.2275
4.3011,0.97586,3.2742,2.2224
4.3011,0.97586,3.2716,2.2199
4.3011,0.98351,3.2716,2.2224
4.296,0.97841,3.2793,2.2199
4.3011,0.96821,3.2742,2.2301
4.3062,0.97331,3.2665,2.2199
4.3011,0.97586,3.2691,2.2173
4.3037,0.97586,3.2742,2.2224
4.3011,0.97586,3.2716,2.2224
4.3011,0.96821,3.2716,2.2224
4.3037,0.97586,3.2665,2.2224
4.3011,0.97841,3.2716,2.2199
4.296,0.97586,3.2793,2.225
4.296,0.96821,3.2767,2.2301
4.3062,0.96821,3.2716,2.2301
4.3088,0.97841,3.2665,2.2199
4.3037,0.98351,3.2716,2.2148
4.3037,0.97586,3.2793,2.2224
4.3037,0.97331,3.2716,2.2275
4.3037,0.97586,3.2716,2.2301
4.3088,0.98351,3.2665,2.2173
4.3011,0.98351,3.2793,2.2148
4.296,0.97586,3.2767,2.2275
4.3037,0.96821,3.2716,2.2275
4.3088,0.97586,3.2665,2.2173
4.3037,0.98096,3.2716,2.2148
4.296,0.96821,3.2767,2.2275
4.3088,0.96821,3.2665,2.2275
4.3088,0.98096,3.2665,2.2148
4.3011,0.98096,3.2793,2.2148
4.296,0.97586,3.2793,2.2301
4.3088,0.96821,3.2665,2.2275
4.3037,0.97586,3.2742,2.2224
4.3037,0.97586,3.2716,2.2224
4.3011,0.97586,3.2691,2.2275
4.3037,0.97331,3.2716,2.2199
4.3037,0.97586,3.2716,2.2224
4.3011,0.97586,3.2742,2.2224
4.3037,0.97586,3.2716,2.2199
4.3037,0.97076,3.264,2.2199
4.3088,0.97841,3.2665,2.2148
4.2986,0.98096,3.2767,2.2224
4.2986,0.97076,3.2793,2.2275
4.3088,0.96821,3.264,2.2224
4.3113,0.98096,3.264,2.2148
4.3037,0.97841,3.2767,2.2148
4.296,0.96821,3.2767,2.2275
4.3113,0.96821,3.264,2.2199
4.3113,0.98096,3.2665,2.2173
4.296,0.98096,3.2767,2.2199
4.2986,0.96821,3.2767,2.2275
4.3113,0.97586,3.2665,2.2199
4.3037,0.98096,3.2716,2.2122
4.3011,0.97841,3.2767,2.2275
4.3139,0.96821,3.2665,2.2275
4.3139,0.97586,3.264,2.2173
4.2986,0.98096,3.2767,2.2148
4.296,0.96821,3.2767,2.2275
4.3113,0.96821,3.2665,2.2301
4.3088,0.97586,3.264,2.2148
4.2986,0.98096,3.2691,2.2173
4.2986,0.96821,3.2767,2.2275
4.3088,0.97076,3.2665,2.2199
4.3037,0.97586,3.2691,2.2173
4.2986,0.97586,3.2767,2.2199
4.3037,0.96821,3.2691,2.2199
4.3037,0.97586,3.264,2.2199
4.3037,0.97586,3.2691,2.2148
4.2986,0.96821,3.2767,2.2301
4.3113,0.96821,3.264,2.2275
4.3088,0.98096,3.264,2.2173
4.3062,0.98096,3.2691,2.2148
4.296,0.97586,3.2793,2.2301
4.3113,0.96821,3.264,2.2301
4.3139,0.98096,3.264,2.2122
4.296,0.97586,3.2767,2.2199
4.3037,0.96821,3.2716,2.2275
4.3088,0.97331,3.2691,2.2224
4.3062,0.98096,3.2691,2.2148
4.2986,0.97841,3.2767,2.2199
4.3037,0.97076,3.2716,2.2199
4.3113,0.97331,3.2665,2.2224
4.3037,0.97331,3.2716,2.2199
4.296,0.97586,3.2767,2.2199
4.3037,0.96821,3.2716,2.2224
4.3037,0.97331,3.2691,2.2224
4.3062,0.97586,3.2716,2.2224
4.3037,0.97331,3.2691,2.2224
4.3037,0.97331,3.2716,2.2199
4.3037,0.97586,3.2691,2.2224
4.3062,0.98096,3.2691,2.2148
4.296,0.97331,3.2793,2.2224
4.3062,0.96821,3.2716,2.2275
4.3113,0.97331,3.264,2.2199
4.3037,0.98096,3.2691,2.2148
4.2986,0.97331,3.2767,2.2301
4.3011,0.96821,3.2716,2.2275
4.3037,0.97586,3.2691,2.2199
4.3037,0.97586,3.2716,2.2199
4.3037,0.97586,3.2691,2.2275
4.3037,0.97331,3.2665,2.2199
4.3037,0.97586,3.2716,2.2148
4.2986,0.97586,3.2767,2.2224
4.3037,0.97076,3.2691,2.2275
4.3113,0.98096,3.264,2.2148
4.2986,0.98096,3.2716,2.2173
4.2986,0.97841,3.2767,2.2199
4.3037,0.97331,3.2691,2.2199
4.3088,0.97586,3.264,2.2148
4.2986,0.98351,3.2716,2.2148
4.2986,0.96821,3.2793,2.2275
4.3113,0.96821,3.264,2.2301
4.3113,0.98096,3.264,2.2148
4.2986,0.98351,3.2767,2.2148
4.2986,0.96821,3.2793,2.2301
4.3037,0.96821,3.2691,2.2301
4.3088,0.97586,3.264,2.2148
4.296,0.98096,3.2716,2.2148
4.2986,0.96821,3.2767,2.2199
4.3037,0.96821,3.2716,2.2301
4.3113,0.97586,3.2665,2.2199
4.3037,0.97586,3.2691,2.2148
4.2986,0.98351,3.2767,2.2199
4.2986,0.96821,3.2793,2.2275
4.3088,0.96821,3.264,2.2199
4.3088,0.98351,3.264,2.2148
4.296,0.97586,3.2767,2.2199
4.3037,0.96821,3.2716,2.2275
4.3088,0.97331,3.264,2.2199
4.2986,0.98096,3.2793,2.2148
4.3011,0.96821,3.2767,2.2301
4.3088,0.97331,3.2691,2.225
4.3037,0.98096,3.2716,2.2148
4.3011,0.97586,3.2767,2.2199
4.3037,0.97586,3.2691,2.2275
4.3088,0.98096,3.2665,2.2224
4.3011,0.97586,3.2716,2.2199
4.3037,0.97076,3.2691,2.2301
4.3088,0.97586,3.2665,2.2148
4.3011,0.98096,3.2742,2.2148
4.296,0.97331,3.2793,2.2224
4.3037,0.96821,3.2716,2.2199
4.3037,0.97586,3.2691,2.2224
4.3011,0.98351,3.2716,2.2199
4.296,0.97076,3.2767,2.2275
4.3037,0.97076,3.2691,2.2301
4.3113,0.97586,3.2665,2.2173
4.3011,0.98351,3.2716,2.2173
4.2986,0.97586,3.2767,2.2224
4.3011,0.96821,3.2716,2.2224
4.3037,0.97331,3.2691,2.2173
4.3062,0.98096,3.2767,2.2224
4.3037,0.96821,3.2716,2.2275
4.3088,0.97331,3.2665,2.2199
4.3037,0.98096,3.2716,2.2148
4.296,0.98351,3.2767,2.2224
4.2986,0.96821,3.2767,2.2275
4.3088,0.96821,3.2665,2.2275
4.3088,0.97586,3.264,2.2173
4.2986,0.98096,3.2793,2.2148
4.296,0.97586,3.2767,2.2224
4.3037,0.97076,3.2716,2.2199
4.3113,0.97586,3.2716,2.2199
4.3011,0.98351,3.2716,2.2173
4.296,0.97331,3.2793,2.2199
4.3037,0.97076,3.2691,2.2275
4.3037,0.97586,3.2716,2.2224
4.3037,0.97586,3.2716,2.2148
4.3037,0.97586,3.2716,2.2199
4.3037,0.97586,3.2716,2.2224
4.3037,0.97586,3.2716,2.2173
4.3113,0.98351,3.264,2.2173
4.3037,0.98606,3.2691,2.2148
4.3011,0.97586,3.2767,2.2199
4.3037,0.96821,3.2716,2.2275
4.3113,0.96821,3.2665,2.2199
4.3088,0.98096,3.2665,2.2173
4.296,0.98096,3.2767,2.2224
4.2986,0.96821,3.2767,2.2275
4.3062,0.96821,3.264,2.2275
4.3113,0.97586,3.2665,2.2224
4.2986,0.98096,3.2767,2.2199
4.2986,0.96821,3.2793,2.2275
4.3113,0.97331,3.2665,2.2224
4.3037,0.98096,3.2691,2.2199
4.2986,0.97586,3.2716,2.2224
4.3037,0.97586,3.2716,2.2199
4.3088,0.97331,3.2742,2.2199
4.3037,0.97331,3.2742,2.2224
4.2986,0.96821,3.2793,2.2301
4.3088,0.97586,3.2665,2.2199
4.3011,0.98096,3.2716,2.2148
4.296,0.97586,3.2767,2.2224
4.3037,0.96821,3.2716,2.2224
4.3011,0.97331,3.2716,2.2199
4.3037,0.97586,3.2716,2.2224
4.3037,0.96821,3.2716,2.2301
4.3113,0.97586,3.264,2.2224
4.3037,0.98096,3.2691,2.2148
4.296,0.97586,3.2716,2.2199
4.3088,0.96821,3.2691,2.2275
4.3113,0.97841,3.2665,2.2148
4.2986,0.97841,3.2793,2.2199
4.3037,0.97076,3.2716,2.2275
4.3113,0.97586,3.2665,2.2148
4.3037,0.98351,3.2767,2.2148
4.296,0.97586,3.2767,2.2301
4.3037,0.97076,3.264,2.2301
4.3088,0.97586,3.2691,2.2224
4.3037,0.98351,3.2716,2.2173
4.3011,0.97586,3.2793,2.2275
4.296,0.96821,3.2767,2.2275
4.3088,0.97076,3.2665,2.2301
4.3088,0.98096,3.2665,2.2148
4.2935,0.98351,3.2691,2.2148
4.296,0.97331,3.2793,2.2301
4.3088,0.97076,3.2665,2.2275
4.3088,0.97586,3.2691,2.2199
4.3011,0.98351,3.2716,2.2224
4.2986,0.98096,3.2767,2.2199
4.296,0.97076,3.2767,2.2275
4.3088,0.96821,3.2691,2.2275
4.3113,0.97331,3.2716,2.2199
4.3037,0.97841,3.2716,2.2199
4.296,0.97586,3.2767,2.2224
4.296,0.96821,3.2767,2.2275
4.3113,0.96821,3.2691,2.2224
4.3088,0.97841,3.2691,2.2173
4.3011,0.98351,3.2793,2.2173
4.2935,0.97586,3.2767,2.2199
4.3037,0.97076,3.2716,2.225
4.3088,0.97586,3.2665,2.2199
4.3011,0.98096,3.2716,2.2148
4.3037,0.97586,3.2691,2.2199
4.3011,0.97586,3.2716,2.2301
4.3037,0.96821,3.2716,2.2224
4.3037,0.97586,3.2716,2.2224
4.3037,0.98096,3.2716,2.2199
4.2986,0.97586,3.2767,2.225
4.3037,0.97586,3.2691,2.2301
4.3011,0.97331,3.2716,2.2199
4.3037,0.97586,3.2716,2.2199
4.3011,0.97841,3.2716,2.2199
4.296,0.97586,3.2793,2.2224
4.3011,0.97076,3.2716,2.2275
4.3037,0.97586,3.2716,2.2199
4.3037,0.97331,3.2691,2.2199
4.3011,0.98096,3.2716,2.2224
4.2986,0.97331,3.2793,2.2199
4.3037,0.96821,3.2691,2.2275
4.3088,0.96821,3.2716,2.2199
4.3037,0.97586,3.2716,2.2199
4.3037,0.97331,3.2691,2.2199
4.296,0.97586,3.2793,2.225
4.3037,0.96821,3.2716,2.2301
4.3113,0.97076,3.2665,2.2224
4.3113,0.97841,3.2665,2.2148
4.296,0.98096,3.2716,2.2148
4.2935,0.97586,3.2793,2.2199
4.296,0.97076,3.2793,2.2275
4.3088,0.97076,3.264,2.2199
4.3113,0.98351,3.2665,2.2148
4.3037,0.98096,3.2691,2.2148
4.2986,0.97331,3.2793,2.2224
4.3037,0.96821,3.2716,2.2224
4.3088,0.97586,3.2665,2.2224
4.3037,0.98096,3.2691,2.2173
4.3037,0.97331,3.2716,2.2224
4.3037,0.97586,3.2716,2.2199
4.3037,0.97076,3.2691,2.2224
4.3088,0.97586,3.2665,2.2199
4.3011,0.98351,3.2716,2.2122
4.3037,0.97586,3.2716,2.2199
4.3037,0.97586,3.2691,2.2224
4.3011,0.96821,3.2742,2.2224
4.3088,0.97331,3.2665,2.2224
4.3011,0.98351,3.2742,2.2148
4.296,0.98351,3.2793,2.2148
4.296,0.97841,3.2767,2.2275
4.3037,0.97076,3.2716,2.2275
4.3011,0.97331,3.2716,2.2224
4.3037,0.97586,3.2716,2.2173
4.3037,0.97331,3.2716,2.2224
4.2986,0.97586,3.2767,2.2199
4.2986,0.97586,3.2716,2.2275
4.3011,0.96821,3.2742,2.2224
4.3088,0.97841,3.2665,2.2224
4.3088,0.97586,3.2742,2.2173
4.3011,0.97841,3.2742,2.2199
4.296,0.97586,3.2793,2.2224
4.296,0.97076,3.2767,2.2301
4.3088,0.97076,3.2665,2.2301
4.3113,0.98096,3.2665,2.2148
4.3037,0.98351,3.2716,2.2148
4.3011,0.98096,3.2793,2.2224
4.296,0.97586,3.2716,2.2199
4.3037,0.97076,3.2742,2.2275
4.3088,0.96821,3.2665,2.2224
4.3088,0.98096,3.2665,2.2173
4.3037,0.98351,3.2742,2.2173
4.296,0.97586,3.2793,2.2301
4.3011,0.97841,3.2716,2.2275
4.3011,0.96821,3.2742,2.2199
4.3088,0.97586,3.2742,2.2199
4.2986,0.98096,3.2716,2.2148
4.296,0.97841,3.2742,2.2199
4.3037,0.97076,3.2742,2.2224
4.3011,0.97586,3.2691,2.2199
4.3011,0.98096,3.2716,2.2148
4.2935,0.97586,3.2716,2.2199
4.3011,0.97076,3.2742,2.2275
4.3088,0.97586,3.2691,2.2224
4.3088,0.98351,3.2691,2.2148
4.296,0.98096,3.2793,2.2224
4.2935,0.96821,3.2793,2.2275
4.3011,0.97586,3.2742,2.2224
4.3011,0.97586,3.2716,2.2224
4.3011,0.97586,3.2767,2.2199
4.2935,0.97586,3.2793,2.2224
4.2986,0.97586,3.2742,2.2199
4.3062,0.97331,3.2665,2.2199
4.3011,0.98351,3.2742,2.2173
4.2935,0.97841,3.2793,2.2224
4.2935,0.96821,3.2793,2.2275
4.3011,0.97586,3.2742,2.2224
4.3062,0.97586,3.2691,2.2199
4.3011,0.98351,3.2742,2.2148
4.2935,0.98351,3.2793,2.2224
4.2935,0.96821,3.2793,2.2275
4.3011,0.97076,3.2767,2.2301
4.3062,0.97331,3.2665,2.225
4.3011,0.97586,3.2742,2.2173
4.3011,0.97586,3.2742,2.2199
4.2935,0.97586,3.2793,2.2199
4.3011,0.96821,3.2716,2.2224
4.3088,0.97586,3.2691,2.2148
4.3011,0.98351,3.2716,2.2173
4.2935,0.97586,3.2793,2.2199
4.2986,0.97586,3.2742,2.225
4.3011,0.97331,3.2716,2.2301
4.3062,0.98351,3.2691,2.2148
4.3011,0.98096,3.2793,2.2173
4.2935,0.97586,3.2793,2.2301
4.3037,0.96821,3.2742,2.2275
4.2986,0.97586,3.2691,2.2224
4.2986,0.98351,3.2716,2.2224
4.2935,0.97841,3.2767,2.2199
4.296,0.97331,3.2742,2.2275
4.3062,0.97586,3.2665,2.2199
4.2986,0.98351,3.2716,2.2148
4.2909,0.97331,3.2793,2.2199
4.2986,0.97076,3.2742,2.2301
4.2986,0.97586,3.2742,2.2224
4.3011,0.97586,3.2742,2.2224
4.3011,0.98096,3.2742,2.2199
4.2935,0.97586,3.2818,2.2224
4.2935,0.96821,3.2818,2.2301
4.3037,0.97076,3.2691,2.2275
4.3037,0.98096,3.2691,2.2173
4.2986,0.98351,3.2742,2.2148
4.2909,0.97586,3.2818,2.2224
4.2986,0.97586,3.2742,2.2301
4.296,0.96821,3.2691,2.2275
4.3037,0.98351,3.2665,2.2224
4.2986,0.97586,3.2767,2.2199
4.2935,0.97331,3.2818,2.2301
4.2986,0.96821,3.2742,2.2301
4.296,0.97586,3.2742,2.2224
4.2986,0.97586,3.2665,2.2224
4.2986,0.98351,3.2742,2.2173
4.2909,0.98351,3.2818,2.2148
4.2935,0.96821,3.2793,2.2301
4.2986,0.97076,3.2742,2.225
4.3062,0.97586,3.2665,2.2173
4.2986,0.98351,3.2742,2.2148
4.2935,0.97586,3.2793,2.2224
4.2909,0.96821,3.2793,2.2301
4.2986,0.96821,3.2691,2.2275
4.3037,0.97841,3.2691,2.2224
4.3011,0.97331,3.2716,2.2224
4.3011,0.97586,3.2742,2.2199
4.2935,0.97586,3.2793,2.2199
4.2935,0.97586,3.2793,2.2275
4.3011,0.96821,3.2742,2.2275
4.3011,0.97586,3.2742,2.2199
4.3062,0.97586,3.2716,2.2224
