1.3161,1.7177,2.8536,1.5288
1.3238,1.7228,2.851,1.5288
1.3161,1.733,2.8561,1.5237
1.3187,1.7304,2.8638,1.5237
1.311,1.7253,2.8612,1.5263
1.3085,1.7177,2.8612,1.5365
1.3238,1.7202,2.851,1.5365
1.3238,1.7253,2.8485,1.5237
1.3187,1.7304,2.8561,1.5212
1.311,1.733,2.8612,1.5288
1.311,1.7253,2.8612,1.5365
1.3161,1.7202,2.8561,1.5365
1.3212,1.7253,2.8485,1.5288
1.3161,1.7279,2.8561,1.5212
1.3161,1.7253,2.8536,1.5263
1.3161,1.7253,2.8536,1.5288
1.3187,1.7202,2.8561,1.5288
1.3263,1.7253,2.8485,1.5314
1.3187,1.7304,2.8561,1.5288
1.311,1.7253,2.8612,1.5263
1.3187,1.7202,2.8561,1.5365
1.3238,1.7202,2.8485,1.5288
1.3161,1.7228,2.8561,1.5237
1.3161,1.7304,2.8561,1.5288
1.3187,1.7228,2.8612,1.5288
1.3161,1.7177,2.8536,1.5314
1.3238,1.7202,2.851,1.5365
1.3238,1.7304,2.851,1.5314
1.3161,1.7304,2.8612,1.5237
1.3161,1.733,2.8587,1.5314
1.3136,1.7279,2.8612,1.5365
1.3161,1.7228,2.8561,1.5365
1.3161,1.7228,2.8536,1.5288
1.3238,1.7253,2.8485,1.5288
1.3161,1.7304,2.8561,1.5314
1.3085,1.733,2.8612,1.5288
1.311,1.7177,2.8612,1.5365
1.3161,1.7202,2.8561,1.5365
1.3238,1.7253,2.8485,1.5314
1.3161,1.7304,2.8536,1.5237
1.311,1.7253,2.8612,1.5288
1.3136,1.7253,2.8561,1.5314
1.3161,1.7177,2.851,1.5365
1.3238,1.7228,2.8485,1.5237
1.3161,1.7253,2.8536,1.5288
1.3161,1.7304,2.851,1.5263
1.311,1.7228,2.8612,1.5314
1.311,1.7177,2.8587,1.5365
1.3136,1.7202,2.8561,1.5314
1.3238,1.7253,2.8485,1.5314
1.3238,1.7304,2.8485,1.5288
1.3161,1.7304,2.8536,1.5237
1.311,1.7253,2.8587,1.5314
1.311,1.7177,2.8612,1.5365
1.3161,1.7177,2.851,1.5365
1.3238,1.7228,2.851,1.5288
1.3238,1.7304,2.8434,1.5237
1.3161,1.733,2.851,1.5237
1.3161,1.7253,2.8536,1.5339
1.3161,1.7253,2.8536,1.5288
1.3161,1.7202,2.851,1.5314
1.3161,1.7228,2.8485,1.5237
1.311,1.733,2.8536,1.5237
1.311,1.7228,2.8612,1.5314
1.3161,1.7177,2.8536,1.5314
1.3212,1.7228,2.8485,1.5314
1.3161,1.7279,2.8561,1.5237
1.311,1.7228,2.8587,1.5288
1.3161,1.7228,2.8536,1.5288
1.3187,1.7177,2.851,1.5365
1.3238,1.7177,2.8459,1.5314
1.3212,1.7304,2.8485,1.5237
1.3161,1.7304,2.8536,1.5237
1.3161,1.7253,2.8536,1.5314
1.3161,1.7228,2.8536,1.5288
1.3161,1.7228,2.8536,1.5365
1.3161,1.7228,2.8536,1.5314
1.3238,1.7228,2.851,1.5314
1.3187,1.733,2.8561,1.5237
1.3085,1.7304,2.8612,1.5237
1.3136,1.7253,2.8587,1.5365
1.3161,1.7177,2.8536,1.5365
1.3161,1.7228,2.8536,1.5288
1.3263,1.7253,2.8459,1.5288
1.3238,1.7304,2.8485,1.5212
1.3161,1.7304,2.8561,1.5237
1.311,1.7253,2.8587,1.5314
1.3187,1.7228,2.8536,1.5365
1.3161,1.7228,2.8536,1.5314
1.3238,1.7253,2.8485,1.5314
1.3238,1.7304,2.8459,1.5237
1.3187,1.7253,2.8561,1.5314
1.311,1.7253,2.8612,1.5263
1.3136,1.7177,2.8612,1.5365
1.3238,1.7202,2.8536,1.5365
1.3238,1.7228,2.8485,1.5314
1.3238,1.7304,2.8485,1.5237
1.311,1.7304,2.8612,1.5237
1.311,1.7253,2.8612,1.5288
1.311,1.7177,2.8612,1.5365
1.3161,1.7177,2.8561,1.5365
1.3187,1.7228,2.8561,1.5288
1.3187,1.7228,2.8536,1.5288
1.3187,1.733,2.8561,1.5263
1.3136,1.7228,2.8612,1.5263
1.3161,1.7202,2.8536,1.5365
1.3238,1.7202,2.851,1.5288
1.3263,1.7304,2.8485,1.5212
1.311,1.7304,2.8536,1.5288
1.311,1.7253,2.8612,1.5314
1.3187,1.7177,2.8587,1.5365
1.3161,1.7228,2.8561,1.5288
1.3187,1.7253,2.8561,1.5288
1.3161,1.7253,2.8561,1.5288
1.311,1.7228,2.8561,1.5314
1.3161,1.7202,2.8561,1.5314
1.3263,1.7279,2.8485,1.5288
1.3238,1.7304,2.851,1.5237
1.3187,1.733,2.8561,1.5237
1.3187,1.733,2.8612,1.5237
1.3136,1.7253,2.8612,1.5314
1.3161,1.7177,2.8561,1.5365
1.3161,1.7228,2.8536,1.5288
1.3161,1.7228,2.851,1.5288
1.3187,1.733,2.8536,1.5237
1.311,1.7253,2.8638,1.5314
1.3161,1.7253,2.8561,1.5288
1.3161,1.7202,2.8561,1.5288
1.3238,1.7177,2.851,1.5314
1.3238,1.7279,2.851,1.5237
1.3187,1.7304,2.8612,1.5237
1.311,1.7253,2.8612,1.5365
1.3161,1.7253,2.8561,1.5365
1.3187,1.7202,2.8536,1.5365
1.3238,1.7253,2.851,1.5314
1.3263,1.7253,2.8561,1.5288
1.3161,1.7304,2.8561,1.5237
1.311,1.733,2.8612,1.5288
1.311,1.7253,2.8612,1.5365
1.3161,1.7202,2.8561,1.5314
1.3212,1.7202,2.851,1.5288
1.3263,1.7304,2.8485,1.5237
1.311,1.733,2.8561,1.5237
1.311,1.7253,2.8612,1.5365
1.3161,1.7202,2.8561,1.5365
1.3238,1.7253,2.851,1.5288
1.3161,1.7279,2.8485,1.5212
1.3187,1.7304,2.8561,1.5237
1.3136,1.7253,2.8612,1.5288
1.3187,1.7202,2.8561,1.5365
1.3161,1.7253,2.8561,1.5288
1.3187,1.7253,2.8561,1.5288
1.3187,1.7304,2.8561,1.5288
1.3187,1.7253,2.8561,1.5365
1.3161,1.7228,2.8561,1.5288
1.3238,1.7228,2.851,1.5212
1.3136,1.7304,2.8612,1.5237
1.3187,1.7253,2.8561,1.5314
1.3161,1.7202,2.8561,1.5314
1.3238,1.7253,2.8536,1.5288
1.3187,1.733,2.8561,1.5288
1.311,1.7253,2.8612,1.5288
1.3212,1.7177,2.8561,1.5365
1.3263,1.7228,2.8485,1.5212
1.3187,1.733,2.851,1.5237
1.3136,1.7253,2.8612,1.5288
1.3161,1.7253,2.8561,1.5365
1.3161,1.7202,2.8561,1.5314
1.3238,1.7253,2.8485,1.5288
1.3161,1.733,2.8561,1.5288
1.311,1.7279,2.8612,1.5314
1.311,1.7202,2.8612,1.5365
1.3212,1.7177,2.8561,1.5365
1.3238,1.7228,2.851,1.5237
1.3161,1.7228,2.8561,1.5288
1.3161,1.7304,2.8561,1.5288
1.3136,1.7228,2.8587,1.5288
1.3161,1.7177,2.8536,1.5365
1.3263,1.7202,2.8485,1.5288
1.3238,1.7304,2.8485,1.5237
1.3136,1.7253,2.8612,1.5314
1.311,1.7202,2.8612,1.5365
1.3263,1.7202,2.8536,1.5288
1.3161,1.7228,2.8587,1.5237
1.3161,1.7253,2.8536,1.5314
1.3161,1.7279,2.8561,1.5365
1.3161,1.7177,2.851,1.5288
1.3238,1.7304,2.851,1.5237
1.3187,1.7304,2.8561,1.5237
1.311,1.7253,2.8612,1.5314
1.311,1.7177,2.8587,1.5365
1.3161,1.7228,2.8536,1.5365
1.3238,1.7228,2.851,1.5314
1.3161,1.733,2.8561,1.5237
1.311,1.7253,2.8612,1.5314
1.3161,1.7253,2.8536,1.5365
1.3161,1.7253,2.8561,1.5365
1.3212,1.7304,2.8485,1.5237
1.3187,1.733,2.8561,1.5237
1.3161,1.7253,2.8536,1.5288
1.3187,1.7228,2.8587,1.5288
1.3161,1.7202,2.8536,1.5288
1.3238,1.7253,2.851,1.5288
1.3161,1.733,2.8561,1.5237
1.3136,1.7304,2.8612,1.5314
1.311,1.7202,2.8612,1.5365
1.3161,1.7202,2.8561,1.5365
1.3161,1.7253,2.8485,1.5314
1.3187,1.7253,2.8561,1.5237
1.311,1.7304,2.8587,1.5263
1.311,1.7253,2.8612,1.5365
1.3161,1.7202,2.8561,1.5365
1.3238,1.7253,2.851,1.5314
1.3187,1.733,2.8561,1.5314
1.3161,1.7253,2.8561,1.5288
1.311,1.7253,2.8612,1.5314
1.3187,1.7202,2.8536,1.5288
1.3263,1.7202,2.851,1.5314
1.3212,1.7253,2.8561,1.5237
1.3187,1.733,2.8561,1.5288
1.311,1.7253,2.8561,1.5288
1.3187,1.7228,2.8561,1.5339
1.3238,1.7202,2.8485,1.5288
1.3238,1.7304,2.851,1.5237
1.3136,1.7304,2.8612,1.5237
1.3136,1.7228,2.8638,1.5288
1.3187,1.7202,2.8561,1.5365
1.3238,1.7202,2.8587,1.5288
1.3161,1.7253,2.8561,1.5263
1.3161,1.7304,2.8561,1.5237
1.311,1.7253,2.8612,1.5288
1.3085,1.7202,2.8612,1.5365
1.3238,1.7228,2.8561,1.5365
1.3238,1.7253,2.851,1.5288
1.3187,1.7228,2.8561,1.5237
1.3187,1.7253,2.8561,1.5288
1.3136,1.7253,2.8612,1.5288
1.3187,1.7253,2.8561,1.5365
1.3187,1.7202,2.851,1.5288
1.3238,1.733,2.851,1.5237
1.3187,1.7304,2.8612,1.5263
1.311,1.7228,2.8612,1.5365
1.3187,1.7177,2.8587,1.5365
1.3187,1.7228,2.8561,1.5314
1.3187,1.7279,2.8561,1.5263
1.3161,1.7228,2.8561,1.5288
1.3187,1.7253,2.8561,1.5288
1.3187,1.7253,2.8587,1.5314
1.3263,1.7253,2.8485,1.5288
1.3263,1.733,2.851,1.5237
1.3187,1.7304,2.8561,1.5237
1.3161,1.7253,2.8638,1.5263
1.3161,1.7253,2.8561,1.5365
1.3161,1.7253,2.8561,1.5288
1.3263,1.7253,2.851,1.5314
1.3161,1.7304,2.8561,1.5237
1.311,1.7304,2.8612,1.5288
1.3161,1.7202,2.8638,1.5365
1.3187,1.7228,2.8561,1.5314
1.3238,1.7279,2.8587,1.5288
1.3161,1.733,2.8561,1.5263
1.311,1.7279,2.8561,1.5288
1.3187,1.7202,2.8561,1.5314
1.3238,1.7253,2.851,1.5288
1.3161,1.733,2.8561,1.5314
1.3136,1.7253,2.8612,1.5314
1.3161,1.7279,2.8587,1.5365
1.3187,1.7253,2.8587,1.5288
1.3161,1.7253,2.8561,1.5314
1.3187,1.733,2.8536,1.5237
1.3136,1.7253,2.8638,1.5365
1.3161,1.7202,2.8587,1.5288
1.3263,1.7253,2.8485,1.5288
1.3187,1.733,2.8561,1.5237
1.3136,1.7304,2.8612,1.5314
1.3136,1.7202,2.8638,1.5339
1.3263,1.7202,2.8485,1.5365
1.3238,1.733,2.851,1.5212
1.3187,1.7304,2.8536,1.5263
1.3136,1.7228,2.8638,1.5365
1.3161,1.7202,2.8561,1.5365
1.3238,1.7228,2.851,1.5288
1.3187,1.7304,2.8638,1.5237
1.3136,1.7253,2.8612,1.5365
1.3136,1.7202,2.8638,1.5365
1.3263,1.7202,2.8485,1.5288
1.3212,1.733,2.851,1.5212
1.3136,1.733,2.8612,1.5288
1.311,1.7202,2.8612,1.5339
1.3263,1.7202,2.8587,1.5365
1.3238,1.7279,2.851,1.5288
1.3263,1.733,2.8485,1.5212
1.3187,1.7253,2.8561,1.5288
1.3136,1.7202,2.8612,1.5365
1.3238,1.7202,2.851,1.5288
1.3238,1.7304,2.8485,1.5237
1.3136,1.733,2.8612,1.5288
1.3161,1.7228,2.8536,1.5365
1.3263,1.7202,2.851,1.5288
1.3238,1.733,2.8485,1.5237
1.3136,1.733,2.8638,1.5237
1.311,1.7202,2.8612,1.539
1.3187,1.7202,2.851,1.5365
1.3263,1.7304,2.851,1.5237
1.3187,1.7304,2.8561,1.5212
1.311,1.7253,2.8612,1.5314
1.3161,1.7202,2.8587,1.5365
1.3238,1.7202,2.851,1.5314
1.3238,1.7304,2.851,1.5237
1.311,1.733,2.8561,1.5237
1.3136,1.7202,2.8638,1.5365
1.3187,1.7202,2.8561,1.5365
1.3238,1.7253,2.851,1.5237
1.3161,1.733,2.8561,1.5237
1.3136,1.7253,2.8612,1.5288
1.3187,1.7202,2.8561,1.5365
1.3187,1.7279,2.8561,1.5288
1.3263,1.733,2.851,1.5237
1.3187,1.733,2.8561,1.5237
1.311,1.7253,2.8561,1.5314
1.3161,1.7177,2.8587,1.5365
1.3238,1.7253,2.851,1.5288
1.3238,1.7304,2.8485,1.5237
1.3136,1.733,2.8638,1.5237
1.3136,1.7202,2.8612,1.5314
1.3187,1.7228,2.8561,1.5365
1.3263,1.7304,2.851,1.5237
1.3161,1.733,2.8612,1.5237
1.311,1.7202,2.8638,1.5365
1.3238,1.7202,2.8587,1.5365
1.3187,1.7253,2.8561,1.5237
1.3187,1.7253,2.8561,1.5288
1.3161,1.7279,2.8561,1.5365
1.3187,1.7279,2.8561,1.5314
1.3238,1.7253,2.8587,1.5314
1.3187,1.7253,2.8561,1.5314
1.311,1.7253,2.8612,1.5314
1.3161,1.7228,2.8561,1.5314
1.3238,1.7279,2.8485,1.5288
1.3161,1.7304,2.8561,1.5237
1.311,1.7279,2.8612,1.5288
1.3161,1.7202,2.8561,1.5365
1.3238,1.7202,2.8485,1.5314
1.3263,1.733,2.851,1.5237
1.311,1.733,2.8612,1.5263
1.3136,1.7228,2.8612,1.5365
1.3187,1.7202,2.851,1.5365
1.3238,1.7279,2.8485,1.5339
1.3161,1.733,2.8561,1.5263
1.311,1.7253,2.8612,1.5314
1.3161,1.7253,2.8561,1.5365
1.3238,1.7202,2.851,1.5365
1.3238,1.733,2.8536,1.5263
1.3161,1.733,2.8561,1.5237
1.311,1.7253,2.8612,1.5314
1.3161,1.7202,2.8561,1.5365
1.3161,1.7202,2.8485,1.5314
1.3238,1.733,2.851,1.5237
1.3187,1.733,2.8612,1.5263
1.311,1.7253,2.8638,1.5365
1.3161,1.7202,2.8587,1.5365
1.3238,1.7279,2.8485,1.5314
1.3187,1.7304,2.8561,1.5237
1.311,1.7279,2.8612,1.5314
1.3161,1.7177,2.8561,1.539
1.3238,1.7253,2.8485,1.5288
1.3187,1.733,2.8561,1.5237
1.311,1.7279,2.8612,1.5314
1.3161,1.7202,2.8561,1.5365
1.3238,1.7279,2.851,1.5288
1.3161,1.733,2.8587,1.5314
1.311,1.7253,2.8638,1.5314
1.3161,1.7202,2.8561,1.5365
1.3238,1.7202,2.851,1.5314
1.3161,1.733,2.8561,1.5263
1.311,1.7279,2.8612,1.5339
1.3161,1.7202,2.8536,1.539
1.3238,1.7253,2.851,1.5237
1.3161,1.733,2.8612,1.5263
1.311,1.7202,2.8638,1.539
1.3212,1.7202,2.8485,1.5314
1.3212,1.733,2.851,1.5237
1.3085,1.7279,2.8612,1.5314
1.3161,1.7228,2.8561,1.5365
1.3238,1.7279,2.8485,1.5314
1.3161,1.733,2.8587,1.5237
1.311,1.7253,2.8612,1.5314
1.311,1.7279,2.8561,1.539
1.3161,1.7253,2.8536,1.5339
1.3212,1.733,2.851,1.5263
1.311,1.733,2.8612,1.5263
1.3085,1.7202,2.8612,1.5365
1.3136,1.7228,2.851,1.539
1.3212,1.733,2.8485,1.5237
1.3161,1.733,2.8561,1.5263
1.3085,1.7253,2.8612,1.5314
1.3161,1.7253,2.8536,1.5314
1.3161,1.7279,2.8561,1.5339
1.3238,1.7253,2.8485,1.5339
1.3238,1.733,2.8561,1.5263
1.311,1.733,2.8612,1.5263
1.311,1.7279,2.8612,1.5314
1.3161,1.7202,2.8561,1.539
1.3136,1.7228,2.8485,1.5365
1.3238,1.7253,2.8485,1.5263
1.3161,1.733,2.8561,1.5263
1.3161,1.7253,2.8587,1.5314
1.311,1.7253,2.8638,1.5314
1.3136,1.7202,2.8561,1.5314
1.3238,1.7202,2.8485,1.5314
1.3238,1.733,2.851,1.5263
1.3161,1.733,2.8561,1.5237
1.311,1.733,2.8612,1.5314
1.3085,1.7202,2.8587,1.539
1.3238,1.7228,2.8561,1.539
1.3212,1.7279,2.8485,1.5263
1.3161,1.733,2.8561,1.5237
1.311,1.7253,2.8612,1.5365
1.3161,1.7253,2.8561,1.5339
1.3161,1.7202,2.8561,1.5365
1.3212,1.7279,2.8485,1.5339
1.3161,1.7253,2.8561,1.5339
1.3161,1.7304,2.8536,1.5339
1.311,1.7253,2.8612,1.5314
1.3161,1.7202,2.8561,1.5365
1.3238,1.7253,2.8485,1.5339
1.3212,1.733,2.8485,1.5263
1.311,1.733,2.8612,1.5263
1.311,1.7202,2.8612,1.539
1.3161,1.7177,2.8561,1.539
1.3238,1.7279,2.851,1.5263
1.3085,1.7304,2.8612,1.5237
1.3085,1.7304,2.8612,1.5365
1.3238,1.7228,2.8561,1.5365
1.3238,1.7253,2.851,1.5314
1.3187,1.733,2.8561,1.5263
1.3161,1.7253,2.8561,1.5314
1.3161,1.7253,2.8561,1.5365
1.3212,1.7253,2.8485,1.5314
1.3161,1.733,2.8561,1.5237
1.311,1.7253,2.8638,1.5314
1.3161,1.7202,2.8561,1.5365
1.3238,1.7253,2.851,1.5237
1.3161,1.733,2.8561,1.5237
1.311,1.7253,2.8612,1.5314
1.311,1.7177,2.8612,1.539
1.3161,1.7279,2.8587,1.5339
1.3161,1.7279,2.8561,1.5314
1.3187,1.7253,2.8561,1.5237
1.311,1.7279,2.8612,1.5339
1.3161,1.7228,2.8561,1.5365
1.3238,1.7253,2.851,1.5314
1.3187,1.733,2.8561,1.5314
1.311,1.7253,2.8638,1.5314
1.3187,1.7202,2.8536,1.5365
1.3238,1.7202,2.8561,1.5314
1.3212,1.7253,2.8561,1.5339
1.3161,1.7279,2.8536,1.5314
1.311,1.7279,2.8612,1.5314
1.3212,1.7228,2.8561,1.539
1.3238,1.7253,2.851,1.5314
1.3161,1.733,2.8561,1.5263
1.311,1.7279,2.8638,1.5314
1.3161,1.7228,2.8587,1.5365
1.3212,1.7279,2.8485,1.5314
1.3161,1.7253,2.8561,1.5237
1.3161,1.7253,2.8561,1.5314
1.311,1.7228,2.8612,1.5365
1.3212,1.7202,2.851,1.539
1.3238,1.7304,2.8485,1.5288
1.3085,1.733,2.8587,1.5339
1.311,1.7279,2.8612,1.5314
1.3161,1.7202,2.8561,1.5365
1.3161,1.7253,2.8561,1.5314
1.3161,1.7253,2.8561,1.5339
1.3161,1.733,2.8561,1.5339
1.311,1.7279,2.8587,1.5314
1.311,1.7202,2.8638,1.5416
1.3161,1.7202,2.8561,1.539
1.3238,1.7253,2.851,1.5237
1.3161,1.7304,2.8587,1.5263
1.311,1.7279,2.8612,1.5314
1.3161,1.7202,2.8587,1.5314
1.3238,1.7279,2.8485,1.5314
1.3161,1.733,2.8561,1.5263
1.311,1.7279,2.8612,1.5314
1.311,1.7228,2.8612,1.539
1.3212,1.7202,2.8485,1.5314
1.3212,1.7355,2.8485,1.5237
1.311,1.733,2.8612,1.5314
1.311,1.7228,2.8612,1.539
1.3161,1.7228,2.8561,1.5365
1.3212,1.7253,2.851,1.5314
1.3161,1.7253,2.8561,1.5263
1.3161,1.7228,2.8536,1.5314
1.3161,1.7253,2.8561,1.5365
1.3161,1.7253,2.8561,1.5314
1.3161,1.7279,2.8536,1.5263
1.3161,1.733,2.8561,1.5339
1.3085,1.7279,2.8638,1.539
