3.8423,1.0982,3.2206,2.1204
3.8474,1.1059,3.2105,2.1204
3.8423,1.111,3.2181,2.1153
3.8372,1.111,3.2232,2.1204
3.8346,1.1008,3.2257,2.1281
3.8448,1.0982,3.2105,2.1255
3.8499,1.111,3.213,2.1153
3.8448,1.111,3.2181,2.1153
3.8346,1.1008,3.2232,2.1281
3.8499,1.0982,3.2105,2.1281
3.8525,1.111,3.2105,2.1153
3.8448,1.111,3.2155,2.1179
3.8372,1.0982,3.2257,2.1281
3.8474,1.1008,3.2105,2.1255
3.8499,1.1135,3.2105,2.1204
3.8448,1.111,3.2181,2.1128
3.8423,1.1059,3.2181,2.1204
3.8448,1.1059,3.2181,2.1281
3.8423,1.0982,3.2181,2.1204
3.8474,1.1033,3.2105,2.123
3.8448,1.1059,3.2155,2.1179
3.8346,1.1059,3.2257,2.1204
3.8423,1.0982,3.2181,2.1255
3.8499,1.1059,3.2181,2.1204
3.8448,1.111,3.2181,2.1153
3.8372,1.1059,3.2232,2.1204
3.8423,1.0982,3.2181,2.1255
3.8499,1.0982,3.2105,2.1204
3.8499,1.111,3.2105,2.1153
3.8423,1.111,3.2181,2.1153
3.8372,1.111,3.2232,2.123
3.8397,1.1008,3.2257,2.1281
3.8423,1.1008,3.2181,2.1281
3.8499,1.1059,3.213,2.1204
3.8423,1.1059,3.2181,2.1153
3.8423,1.1059,3.2181,2.1204
3.8448,1.1059,3.2206,2.1204
3.8448,1.0982,3.2155,2.1204
3.8499,1.1059,3.2105,2.123
3.8448,1.1059,3.2181,2.1153
3.8423,1.1059,3.2181,2.123
3.8423,1.1059,3.2181,2.1204
3.8448,1.1059,3.2181,2.1204
3.8448,1.1059,3.213,2.123
3.8423,1.111,3.2181,2.1204
3.8448,1.1059,3.2257,2.1204
3.8423,1.1059,3.2181,2.123
3.8499,1.1059,3.2105,2.1204
3.8448,1.1059,3.2181,2.1204
3.8397,1.1033,3.2232,2.1179
3.8423,1.0982,3.2181,2.1204
3.8423,1.1059,3.213,2.123
3.8448,1.1059,3.2155,2.1179
3.8346,1.1059,3.2232,2.1204
3.8423,1.0982,3.2181,2.123
3.8499,1.1059,3.2079,2.123
3.8499,1.111,3.213,2.1128
3.8423,1.1059,3.2181,2.1204
3.8423,1.1084,3.2155,2.123
3.8448,1.1059,3.2181,2.1204
3.8448,1.1059,3.2181,2.123
3.8423,1.111,3.2155,2.1179
3.8397,1.0982,3.2232,2.1179
3.8448,1.1059,3.2181,2.1204
3.8423,1.1084,3.2079,2.1204
3.8448,1.111,3.2181,2.1128
3.8397,1.1033,3.2206,2.1255
3.8448,1.1059,3.2181,2.1281
3.8448,1.0982,3.2105,2.1281
3.8499,1.1059,3.2105,2.1179
3.8448,1.111,3.2181,2.1153
3.8448,1.111,3.2232,2.1204
3.8372,1.1008,3.2232,2.1255
3.8423,1.0982,3.2155,2.1281
3.8499,1.1059,3.2105,2.1204
3.8499,1.111,3.2105,2.1153
3.8423,1.111,3.2155,2.1204
3.8372,1.1059,3.2232,2.1204
3.8372,1.0982,3.2232,2.1281
3.8499,1.0982,3.213,2.1281
3.8499,1.1059,3.213,2.1153
3.8448,1.111,3.2155,2.1153
3.8423,1.1059,3.2181,2.1204
3.8448,1.1033,3.2155,2.1281
3.8423,1.1008,3.2181,2.1204
3.8448,1.1059,3.213,2.1204
3.8448,1.111,3.2181,2.1179
3.8448,1.1059,3.2181,2.1204
3.8423,1.1033,3.2155,2.1204
3.8448,1.1059,3.2155,2.1204
3.8448,1.1059,3.2181,2.1204
3.8448,1.111,3.2155,2.1179
3.8372,1.1059,3.2232,2.1204
3.8448,1.1008,3.2181,2.1179
3.8474,1.1059,3.2079,2.1204
3.8499,1.111,3.2155,2.1128
3.8397,1.111,3.2232,2.1204
3.8448,1.1033,3.2181,2.1281
3.8423,1.1059,3.2181,2.1204
3.8499,1.1059,3.2181,2.123
3.8448,1.111,3.2181,2.1153
3.8372,1.111,3.2257,2.1204
3.8397,1.1008,3.2206,2.1281
3.8499,1.0982,3.2105,2.1281
3.8525,1.1033,3.2079,2.1153
3.8448,1.111,3.2181,2.1128
3.8397,1.1059,3.2232,2.1255
3.8474,1.1033,3.2155,2.1281
3.8448,1.1033,3.2181,2.1281
3.8499,1.1084,3.2105,2.1153
3.8448,1.111,3.2155,2.1153
3.8372,1.1033,3.2232,2.1281
3.8448,1.0982,3.2181,2.1281
3.8499,1.0982,3.2105,2.1179
3.8525,1.111,3.2105,2.1128
3.8372,1.1135,3.2232,2.1204
3.8397,1.1008,3.2232,2.1255
3.8448,1.0982,3.2155,2.1281
3.8525,1.1033,3.2105,2.123
3.8448,1.1059,3.2155,2.1153
3.8448,1.1033,3.2181,2.1179
3.8448,1.1059,3.2206,2.1179
3.8448,1.0982,3.2155,2.1255
3.8448,1.1084,3.2105,2.1204
3.8525,1.1059,3.2105,2.1179
3.8423,1.111,3.2206,2.1128
3.8448,1.1059,3.2181,2.123
3.8448,1.0982,3.2181,2.1255
3.8525,1.1059,3.2079,2.1179
3.8448,1.111,3.2232,2.1128
3.8397,1.1008,3.2206,2.1281
3.8499,1.0982,3.2155,2.1255
3.8499,1.1033,3.2105,2.1204
3.8499,1.111,3.213,2.1153
3.8397,1.111,3.2232,2.1153
3.8397,1.1008,3.2257,2.1281
3.8499,1.0982,3.213,2.1255
3.8525,1.1059,3.2105,2.1153
3.8448,1.111,3.2181,2.1128
3.8397,1.1059,3.2232,2.1179
3.8423,1.1059,3.2181,2.1281
3.8448,1.0982,3.2181,2.1204
3.8525,1.1059,3.2105,2.123
3.8448,1.111,3.2181,2.1128
3.8397,1.1033,3.2257,2.1204
3.8372,1.0982,3.2232,2.1281
3.8423,1.1033,3.2155,2.1204
3.8423,1.1033,3.213,2.1204
3.8448,1.111,3.2181,2.1128
3.8372,1.1059,3.2232,2.1179
3.8448,1.1008,3.2181,2.1281
3.8448,1.1059,3.2181,2.1204
3.8423,1.1059,3.2181,2.1153
3.8448,1.1059,3.2181,2.1204
3.8423,1.1059,3.2232,2.1204
3.8448,1.0957,3.2181,2.1281
3.8499,1.1059,3.2181,2.1204
3.8448,1.111,3.2181,2.123
3.8397,1.1059,3.2257,2.1204
3.8372,1.0982,3.2283,2.1281
3.8525,1.1008,3.213,2.1204
3.8499,1.111,3.213,2.1128
3.8397,1.111,3.2232,2.1204
3.8346,1.0982,3.2257,2.1255
3.8448,1.0982,3.2181,2.1281
3.8525,1.1059,3.2105,2.1153
3.8372,1.111,3.2181,2.1128
3.8346,1.1033,3.2257,2.1179
3.8448,1.1008,3.2181,2.1255
3.8499,1.1059,3.213,2.1128
3.8448,1.111,3.2181,2.1153
3.8372,1.1033,3.2232,2.1255
3.8448,1.1008,3.2181,2.1204
3.8499,1.1059,3.2181,2.1204
3.8448,1.1033,3.2181,2.1179
3.8448,1.1059,3.2257,2.1204
3.8423,1.0982,3.2181,2.1179
3.8499,1.1033,3.213,2.1204
3.8423,1.111,3.2181,2.1179
3.8397,1.1084,3.2257,2.1255
3.8423,1.0982,3.2181,2.1281
3.8499,1.1059,3.2105,2.1204
3.8448,1.111,3.2181,2.1179
3.8397,1.1059,3.2257,2.1255
3.8448,1.1059,3.2155,2.1281
3.8448,1.1033,3.2181,2.123
3.8448,1.1059,3.2105,2.1204
3.8448,1.1135,3.2181,2.1128
3.8397,1.1059,3.2232,2.1179
3.8448,1.0982,3.2181,2.1281
3.8499,1.0982,3.2105,2.123
3.8499,1.111,3.213,2.1128
3.8372,1.1135,3.2232,2.123
3.8448,1.0982,3.2206,2.1281
3.8525,1.1033,3.2105,2.1179
3.8448,1.111,3.2181,2.1153
3.8397,1.1033,3.2232,2.1179
3.8448,1.0982,3.2181,2.1281
3.8499,1.1059,3.2105,2.123
3.8448,1.111,3.2181,2.1153
3.8397,1.0982,3.2232,2.1179
3.8448,1.1008,3.2181,2.1281
3.8499,1.1033,3.213,2.1153
3.8448,1.111,3.2257,2.1128
3.8397,1.0957,3.2232,2.1281
3.8525,1.0982,3.2105,2.1204
3.8525,1.111,3.2105,2.1128
3.8397,1.111,3.2232,2.1204
3.8397,1.0982,3.2232,2.1255
3.855,1.0982,3.2105,2.1255
3.8525,1.111,3.2105,2.1153
3.8397,1.1135,3.2181,2.1153
3.8448,1.1059,3.2181,2.1204
3.8448,1.1008,3.2155,2.1255
3.8525,1.1033,3.2105,2.1179
3.8448,1.111,3.2181,2.1204
3.8397,1.1059,3.2232,2.1204
3.8448,1.1008,3.2181,2.1255
3.8499,1.1059,3.2105,2.1179
3.8448,1.1084,3.2181,2.1179
3.8397,1.1059,3.2232,2.1204
3.8397,1.0982,3.2257,2.1281
3.8525,1.0982,3.2105,2.1204
3.8525,1.1033,3.2105,2.1128
3.8448,1.1135,3.2232,2.1153
3.8397,1.1059,3.2181,2.1179
3.8448,1.1008,3.2181,2.1255
3.8525,1.1059,3.2105,2.1204
3.855,1.111,3.2105,2.1128
3.8474,1.1059,3.2181,2.1179
3.8448,1.1033,3.2181,2.1255
3.8448,1.1059,3.2181,2.1179
3.8525,1.1033,3.213,2.1204
3.8474,1.1084,3.2155,2.1179
3.8397,1.1033,3.2206,2.1179
3.8448,1.0982,3.2181,2.1255
3.8448,1.1033,3.2105,2.1179
3.8474,1.1059,3.2181,2.1128
3.8448,1.1059,3.2181,2.1204
3.8397,1.1059,3.2232,2.1255
3.8448,1.0982,3.2105,2.1255
3.855,1.1059,3.2079,2.1179
3.8448,1.111,3.2181,2.1179
3.8397,1.1059,3.2232,2.1204
3.8474,1.1059,3.2181,2.1204
3.8448,1.1033,3.2155,2.1204
3.8448,1.1033,3.2181,2.1204
3.8448,1.1059,3.2155,2.1255
3.8448,1.1059,3.2155,2.1204
3.8448,1.1059,3.2155,2.1153
3.8448,1.1033,3.2155,2.1204
3.8397,1.1059,3.2155,2.1179
3.8448,1.0982,3.2155,2.1179
3.8525,1.1059,3.2105,2.1204
3.8448,1.111,3.2155,2.1128
3.8397,1.0982,3.2232,2.1204
3.855,1.0957,3.2079,2.1255
3.8525,1.1059,3.2105,2.1179
3.8448,1.111,3.2206,2.1153
3.8423,1.1059,3.2232,2.1255
3.8448,1.0957,3.2105,2.1281
3.8525,1.1033,3.2105,2.1204
3.8474,1.111,3.2155,2.1128
3.8397,1.0982,3.2206,2.1179
3.8448,1.0982,3.2155,2.1255
3.8525,1.1033,3.2105,2.1128
3.8448,1.111,3.213,2.1128
3.8423,1.0982,3.2232,2.1255
3.8525,1.0982,3.2079,2.1255
3.8525,1.111,3.2079,2.1128
3.8423,1.1033,3.2206,2.1179
3.8448,1.1059,3.2155,2.1179
3.8474,1.1008,3.2079,2.1204
3.8474,1.111,3.2155,2.1179
3.8397,1.1033,3.2232,2.1204
3.8397,1.0982,3.2155,2.1281
3.8525,1.1033,3.2105,2.1179
3.8525,1.1084,3.213,2.1153
3.8423,1.1033,3.2232,2.1204
3.8448,1.1059,3.2155,2.1281
3.8525,1.1033,3.2079,2.1179
3.8448,1.1059,3.2155,2.1179
3.8474,1.1033,3.2155,2.1179
3.8448,1.1059,3.2155,2.1204
3.855,1.111,3.2105,2.1153
3.8423,1.111,3.2232,2.1153
3.8397,1.1059,3.2232,2.1281
3.8474,1.0982,3.2155,2.1281
3.8525,1.1059,3.2105,2.1204
3.8474,1.111,3.2155,2.1153
3.8423,1.1033,3.2232,2.1204
3.8448,1.1033,3.2155,2.1281
3.8448,1.1033,3.2155,2.1204
3.8474,1.1033,3.2105,2.1128
3.8397,1.111,3.2206,2.1153
3.8372,1.0982,3.2206,2.1281
3.8448,1.0982,3.2155,2.1281
3.8525,1.1059,3.2105,2.1153
3.8474,1.111,3.2155,2.1153
3.8448,1.1033,3.2155,2.1179
3.8448,1.1033,3.2232,2.1281
3.8448,1.0982,3.2155,2.1281
3.8525,1.1033,3.2079,2.1179
3.8474,1.1059,3.2155,2.1128
3.8474,1.1033,3.2155,2.1128
3.8397,1.1059,3.2206,2.1255
3.8448,1.0982,3.2155,2.1255
3.8448,1.1059,3.2181,2.1204
3.8474,1.1033,3.2079,2.1204
3.8448,1.111,3.2181,2.1204
3.8423,1.1059,3.2232,2.1179
3.8448,1.0982,3.2181,2.1255
3.8525,1.1033,3.2105,2.1204
3.8474,1.111,3.2155,2.1128
3.8423,1.0982,3.2206,2.1281
3.8474,1.0982,3.2079,2.1281
3.8499,1.1059,3.2079,2.1102
3.8474,1.111,3.213,2.1128
3.8397,1.1059,3.2206,2.1281
3.8448,1.1008,3.2155,2.1255
3.8525,1.1059,3.2079,2.1204
3.8448,1.111,3.2155,2.1153
3.8372,1.1059,3.2206,2.1255
3.8448,1.0982,3.2155,2.1255
3.8499,1.1059,3.2105,2.1179
3.8448,1.1059,3.2155,2.1128
3.8448,1.1033,3.2232,2.1204
3.8448,1.0982,3.2155,2.1281
3.8525,1.1059,3.2105,2.1204
3.8525,1.111,3.2105,2.1153
3.8448,1.111,3.213,2.1128
3.8397,1.1059,3.2232,2.1255
3.8448,1.0982,3.2155,2.1255
3.8525,1.111,3.2079,2.1153
3.8397,1.111,3.2232,2.1128
3.8397,1.0982,3.2232,2.1281
3.8525,1.1008,3.2079,2.1204
3.855,1.111,3.2105,2.1153
3.8397,1.111,3.2206,2.1153
3.8397,1.0982,3.2232,2.1255
3.8525,1.0982,3.2105,2.1255
3.8525,1.1033,3.2105,2.1153
3.8448,1.111,3.2155,2.1153
3.8448,1.1059,3.2181,2.1204
3.8448,1.1059,3.2181,2.1204
3.8448,1.1033,3.2181,2.1179
3.8448,1.111,3.213,2.1153
3.8397,1.1059,3.2232,2.1179
3.8448,1.1008,3.2181,2.1255
3.8448,1.1059,3.2155,2.1204
3.8448,1.1059,3.2155,2.1204
3.8448,1.111,3.2181,2.1204
3.8372,1.1059,3.2181,2.1179
3.8448,1.0982,3.2181,2.1281
3.8499,1.1008,3.213,2.123
3.8499,1.111,3.2105,2.1153
3.8448,1.1059,3.2155,2.1128
3.8397,1.1059,3.2232,2.1179
3.8499,1.1008,3.2155,2.1255
3.8525,1.1059,3.2105,2.1153
3.8448,1.1135,3.2155,2.1153
3.8397,1.1059,3.2232,2.1204
3.8448,1.0982,3.2155,2.1255
3.8499,1.1059,3.2105,2.1204
3.8423,1.111,3.2155,2.1128
3.8397,1.1084,3.2232,2.1179
3.8397,1.1008,3.2232,2.1255
3.8499,1.0982,3.2105,2.1281
3.8525,1.111,3.2105,2.1128
3.8372,1.111,3.2155,2.1204
3.8372,1.1059,3.2257,2.1204
3.8448,1.1033,3.2181,2.1179
3.8499,1.1059,3.2105,2.1204
3.8448,1.111,3.2155,2.1128
3.8397,1.111,3.2232,2.1204
3.8397,1.0982,3.2232,2.1255
3.8499,1.1008,3.2079,2.1281
3.8525,1.111,3.2079,2.1128
3.8448,1.111,3.2181,2.1153
3.8372,1.1033,3.2232,2.1281
3.8448,1.0982,3.2155,2.1255
3.8499,1.1033,3.2079,2.1204
3.8448,1.111,3.2232,2.1153
3.8372,1.1059,3.2232,2.1281
3.8448,1.0982,3.2181,2.1255
3.8499,1.1059,3.2105,2.1204
3.8423,1.111,3.2181,2.1179
3.8372,1.1059,3.2206,2.1179
3.8346,1.1059,3.2181,2.1281
3.8448,1.1059,3.2155,2.1204
3.8448,1.1059,3.2181,2.1128
3.8448,1.1059,3.2181,2.1204
3.8423,1.1033,3.2181,2.123
3.8448,1.0982,3.2105,2.1255
3.8499,1.111,3.2105,2.1153
3.8346,1.111,3.2257,2.1153
3.8372,1.0982,3.2232,2.1255
3.8499,1.0982,3.2105,2.1179
3.8499,1.111,3.2105,2.1128
3.8346,1.1084,3.2232,2.1204
3.8372,1.0982,3.2155,2.1255
3.8499,1.1033,3.2105,2.1204
3.8423,1.111,3.2155,2.1128
3.8372,1.1059,3.2232,2.1204
3.8423,1.0982,3.2181,2.1281
3.8499,1.1033,3.2105,2.1128
3.8448,1.111,3.2181,2.1153
3.8372,1.1059,3.2232,2.1179
3.8448,1.0982,3.213,2.1281
3.8525,1.1059,3.2105,2.1204
3.8448,1.111,3.2155,2.1153
3.8372,1.1033,3.2206,2.1255
3.8448,1.0982,3.2155,2.1281
3.8499,1.0982,3.2079,2.1179
3.8499,1.1059,3.213,2.1204
3.8448,1.111,3.2155,2.1204
3.8423,1.1059,3.2155,2.1204
3.8423,1.1008,3.2155,2.1204
3.8499,1.1033,3.2105,2.1179
3.8448,1.111,3.2181,2.1153
3.8397,1.1033,3.2232,2.1179
3.8448,1.0957,3.2155,2.1255
3.8499,1.1033,3.2079,2.1204
3.8448,1.111,3.2155,2.1179
3.8448,1.1033,3.2206,2.1204
3.8448,1.1008,3.2155,2.1204
3.8474,1.1033,3.2079,2.1179
3.8423,1.111,3.2181,2.1128
3.8372,1.1059,3.2232,2.1179
3.8448,1.1008,3.2155,2.1255
3.8499,1.0982,3.2079,2.1281
3.8499,1.1008,3.2105,2.1128
3.8423,1.111,3.2155,2.1153
3.8372,1.1059,3.2232,2.1204
3.8448,1.1059,3.2181,2.1255
3.8423,1.1059,3.213,2.1179
3.8474,1.1059,3.2079,2.1179
3.8448,1.111,3.2155,2.1179
3.8372,1.1059,3.2181,2.1204
3.8448,1.0982,3.2155,2.1281
3.8499,1.1059,3.2079,2.1204
3.8448,1.111,3.2155,2.1204
3.8372,1.1033,3.2232,2.1179
3.8423,1.0982,3.2155,2.1281
3.8448,1.1059,3.2181,2.1204
3.8448,1.1059,3.2181,2.1128
3.8448,1.111,3.2232,2.1179
3.8397,1.0982,3.2206,2.1204
3.8525,1.0982,3.2105,2.1204
3.8499,1.111,3.2105,2.1153
3.8397,1.111,3.2181,2.123
3.8397,1.0982,3.2232,2.1255
3.8448,1.1033,3.2105,2.1204
3.8448,1.111,3.213,2.1153
3.8372,1.1033,3.2206,2.1179
3.8448,1.1033,3.2155,2.1179
3.8448,1.1059,3.2155,2.1204
3.8448,1.1059,3.2155,2.1179
3.8448,1.1033,3.213,2.1204
3.8448,1.0982,3.213,2.1179
3.8525,1.1033,3.213,2.1179
3.8448,1.1033,3.2155,2.1204
3.8397,1.0982,3.2155,2.1255
3.8525,1.0982,3.2105,2.1204
3.8499,1.1033,3.2181,2.1204
3.8423,1.1008,3.2155,2.1204
3.8448,1.1033,3.213,2.1179
3.8448,1.0982,3.2079,2.1255
3.8525,1.1008,3.2105,2.1179
3.8448,1.111,3.2155,2.1153
3.8397,1.1059,3.2206,2.1179
3.8448,1.1033,3.213,2.1204
3.8448,1.1033,3.213,2.1204
3.8448,1.1059,3.2155,2.1153
3.8397,1.1008,3.2232,2.1255
3.8499,1.0982,3.2155,2.1204
3.8448,1.1033,3.2155,2.1153
3.8448,1.1033,3.2181,2.1179
3.8448,1.1033,3.2155,2.1255
3.8499,1.1059,3.2079,2.1204
3.8474,1.111,3.213,2.1153
3.8372,1.1059,3.2232,2.1281
3.8499,1.0982,3.2105,2.1204
3.8525,1.111,3.2079,2.1128
3.8448,1.1059,3.213,2.1179
3.8423,1.1059,3.2181,2.1255
3.8448,1.0982,3.2079,2.1179
3.8499,1.111,3.2079,2.1153
3.8448,1.1033,3.2181,2.1179
3.8448,1.1033,3.2206,2.1255
3.8499,1.0982,3.2155,2.1255
3.8525,1.1059,3.2079,2.1153
3.8448,1.111,3.2155,2.1128
3.8448,1.1033,3.2181,2.1204
3.8448,1.1033,3.2155,2.1281
3.8448,1.0982,3.2155,2.1281
3.8474,1.111,3.2105,2.1128
3.8448,1.111,3.2155,2.1153
3.8372,1.1059,3.2232,2.1204
3.8448,1.0982,3.2155,2.1255
