4.5203,0.91978,3.2869,2.2607
4.5076,0.91723,3.2997,2.2607
4.5152,0.90958,3.292,2.2683
4.5152,0.91213,3.292,2.2658
4.5229,0.91213,3.2869,2.2683
4.5152,0.91978,3.292,2.2683
4.5076,0.91213,3.2997,2.2683
4.5076,0.90448,3.2997,2.2734
4.5152,0.91213,3.2895,2.2658
4.5203,0.91213,3.292,2.2683
4.5152,0.91723,3.292,2.2658
4.5101,0.91723,3.2971,2.2683
4.5127,0.91468,3.2997,2.2709
4.5229,0.90703,3.292,2.2709
4.5203,0.91213,3.2844,2.2658
4.5152,0.91213,3.292,2.2581
4.5152,0.91468,3.292,2.2683
4.5152,0.91213,3.2946,2.2709
4.5152,0.91213,3.292,2.2658
4.5152,0.91213,3.292,2.2709
4.5152,0.91468,3.2895,2.2658
4.5076,0.90958,3.2997,2.2658
4.5152,0.90703,3.292,2.2734
4.5203,0.91213,3.2844,2.2683
4.5152,0.91978,3.2895,2.2581
4.5076,0.91978,3.2971,2.2658
4.5127,0.90703,3.2997,2.2734
4.5203,0.90703,3.2946,2.2683
4.5152,0.91213,3.2869,2.2683
4.5152,0.91468,3.2895,2.2632
4.5101,0.90958,3.2997,2.2709
4.5178,0.90703,3.2869,2.2683
4.5229,0.91978,3.2869,2.2607
4.5076,0.91978,3.2997,2.2658
4.5178,0.90703,3.292,2.2734
4.5127,0.91213,3.2869,2.2658
4.5152,0.90958,3.2946,2.2607
4.5152,0.91978,3.292,2.2658
4.5127,0.91468,3.2946,2.2658
4.5127,0.90703,3.292,2.2709
4.5203,0.91213,3.2895,2.2658
4.5152,0.91468,3.292,2.2581
4.5152,0.91468,3.292,2.2683
4.5152,0.90958,3.2997,2.2683
4.5152,0.90448,3.292,2.2734
4.5178,0.91213,3.2869,2.2658
4.5203,0.91978,3.2869,2.2607
4.5076,0.91723,3.2997,2.2607
4.5076,0.91213,3.2997,2.2709
4.5152,0.90703,3.292,2.2734
4.5152,0.91213,3.2844,2.2683
4.5178,0.91213,3.292,2.2607
4.5152,0.91213,3.292,2.2683
4.5101,0.91468,3.2997,2.2658
4.5152,0.90448,3.292,2.2683
4.5254,0.91213,3.2869,2.2683
4.5229,0.91978,3.2844,2.2581
4.5101,0.91723,3.2971,2.2632
4.5127,0.91213,3.2997,2.2734
4.5152,0.91213,3.292,2.2658
4.5254,0.91468,3.2869,2.2683
4.5178,0.91978,3.2895,2.2658
4.5127,0.91213,3.2895,2.2658
4.5152,0.90958,3.292,2.2658
4.5254,0.91468,3.2895,2.2658
4.5178,0.91978,3.292,2.2658
4.5178,0.91468,3.2971,2.2658
4.5178,0.90703,3.2895,2.2709
4.5229,0.91468,3.2869,2.2709
4.5127,0.91978,3.292,2.2607
4.5127,0.90703,3.2971,2.2734
4.5229,0.90703,3.2844,2.2734
4.5229,0.91978,3.2844,2.2607
4.5178,0.91723,3.2971,2.2607
4.5127,0.91468,3.2971,2.2658
4.5178,0.90703,3.2895,2.2734
4.5254,0.91213,3.2869,2.2658
4.5178,0.91978,3.2895,2.2607
4.5178,0.91468,3.2895,2.2658
4.5178,0.91213,3.2895,2.2734
4.5178,0.90703,3.2844,2.2734
4.5229,0.91723,3.2869,2.2607
4.5178,0.91978,3.292,2.2581
4.5101,0.90958,3.2997,2.2734
4.5178,0.90703,3.292,2.2734
4.5254,0.91213,3.2844,2.2683
4.5178,0.91213,3.2895,2.2607
4.5178,0.91213,3.292,2.2683
4.5127,0.90703,3.2997,2.2734
4.5152,0.90448,3.2895,2.2709
4.5229,0.91723,3.2844,2.2607
4.5101,0.91723,3.2997,2.2607
4.5101,0.90703,3.2997,2.2734
4.5152,0.90703,3.292,2.2709
4.5229,0.91723,3.2869,2.2658
4.5178,0.91468,3.2895,2.2581
4.5178,0.91213,3.292,2.2658
4.5127,0.91213,3.2971,2.2658
4.5178,0.90448,3.292,2.2709
4.5229,0.91213,3.2869,2.2683
4.5152,0.91723,3.2946,2.2607
4.5178,0.91213,3.2895,2.2658
4.5152,0.91213,3.2997,2.2709
4.5178,0.91213,3.292,2.2683
4.5229,0.91978,3.2869,2.2607
4.5178,0.91213,3.2895,2.2658
4.5178,0.91213,3.292,2.2658
4.5152,0.90703,3.292,2.2709
4.5229,0.91213,3.2869,2.2658
4.5178,0.91978,3.292,2.2607
4.5101,0.91468,3.2971,2.2658
4.5152,0.90703,3.292,2.2683
4.5229,0.91213,3.2869,2.2683
4.5229,0.91723,3.2869,2.2607
4.5101,0.91978,3.2997,2.2683
4.5101,0.90703,3.2971,2.2709
4.5229,0.90703,3.292,2.2683
4.5178,0.91213,3.2895,2.2607
4.5101,0.91723,3.2997,2.2607
4.5101,0.90703,3.2971,2.2734
4.5203,0.90703,3.292,2.2734
4.5203,0.91213,3.2895,2.2683
4.5152,0.91723,3.2946,2.2632
4.5127,0.90703,3.2971,2.2709
4.5203,0.90703,3.2895,2.2683
4.5229,0.91468,3.292,2.2683
4.5152,0.91213,3.292,2.2658
4.5127,0.91468,3.292,2.2658
4.5152,0.91213,3.292,2.2683
4.5229,0.91723,3.2869,2.2632
4.5076,0.91978,3.292,2.2683
4.5152,0.91468,3.292,2.2709
4.5127,0.91213,3.292,2.2683
4.5178,0.91213,3.2895,2.2607
4.5152,0.91468,3.292,2.2632
4.5127,0.90703,3.292,2.2709
4.5203,0.91213,3.2869,2.2683
4.5152,0.91978,3.2946,2.2607
4.5076,0.90958,3.2997,2.2734
4.5152,0.90703,3.292,2.2658
4.5229,0.91213,3.2844,2.2683
4.5178,0.91723,3.292,2.2658
4.5101,0.91468,3.2971,2.2683
4.5178,0.90703,3.2895,2.2709
4.5229,0.91213,3.2844,2.2658
4.5178,0.91978,3.2895,2.2607
4.5101,0.91978,3.2895,2.2658
4.5178,0.91213,3.292,2.2658
4.5127,0.90448,3.292,2.2658
4.5203,0.91213,3.2869,2.2658
4.5152,0.91723,3.292,2.2607
4.5178,0.91213,3.2895,2.2658
4.5101,0.91213,3.2971,2.2683
4.5178,0.90703,3.2895,2.2734
4.5254,0.90703,3.2844,2.2658
4.5203,0.91978,3.2844,2.2607
4.5076,0.91978,3.2895,2.2607
4.5101,0.91213,3.2971,2.2709
4.5152,0.90703,3.2895,2.2734
4.5152,0.91213,3.292,2.2658
4.5178,0.91213,3.2895,2.2607
4.5152,0.91723,3.2895,2.2632
4.5178,0.90958,3.2895,2.2683
4.5152,0.90703,3.292,2.2658
4.5203,0.91213,3.2869,2.2709
4.5178,0.91213,3.292,2.2607
4.5127,0.91213,3.2971,2.2658
4.5178,0.90448,3.292,2.2734
4.5229,0.91213,3.2844,2.2683
4.5178,0.91978,3.2895,2.2607
4.5127,0.91213,3.2946,2.2683
4.5178,0.91213,3.2895,2.2734
4.5178,0.91468,3.292,2.2658
4.5178,0.90958,3.2895,2.2683
4.5178,0.91213,3.2895,2.2658
4.5076,0.91213,3.2997,2.2658
4.5101,0.90703,3.2971,2.2734
4.5178,0.90703,3.2844,2.2734
4.5229,0.90958,3.2869,2.2683
4.5152,0.91213,3.2895,2.2607
4.5178,0.91213,3.2895,2.2683
4.5127,0.91213,3.2946,2.2658
4.5101,0.90448,3.2971,2.2734
4.5152,0.90703,3.2844,2.2709
4.5229,0.91213,3.2844,2.2607
4.5178,0.91978,3.2946,2.2607
4.5127,0.91213,3.2971,2.2734
4.5254,0.90703,3.2844,2.276
4.5254,0.91723,3.2844,2.2607
4.5178,0.91723,3.2971,2.2607
4.5127,0.90703,3.2946,2.2734
4.5178,0.90703,3.2844,2.2734
4.5254,0.91723,3.2844,2.2607
4.5127,0.91723,3.2946,2.2683
4.5127,0.90448,3.2946,2.2709
4.5178,0.90958,3.2895,2.2683
4.5178,0.91468,3.2869,2.2607
4.5178,0.91213,3.2895,2.2658
4.5127,0.90448,3.2971,2.2734
4.5229,0.90703,3.2844,2.2658
4.528,0.91723,3.2844,2.2607
4.5127,0.91213,3.2971,2.2658
4.5152,0.90448,3.2895,2.2734
4.5229,0.91213,3.2844,2.2683
4.5203,0.91723,3.2895,2.2683
4.5127,0.91213,3.2946,2.2683
4.5178,0.90703,3.2895,2.2709
4.5254,0.91213,3.2844,2.2683
4.5203,0.91978,3.2869,2.2607
4.5127,0.91468,3.2971,2.2658
4.5178,0.90703,3.2895,2.2709
4.5178,0.91213,3.292,2.2683
4.5203,0.91213,3.2895,2.2607
4.5178,0.91213,3.2971,2.2658
4.5178,0.91213,3.292,2.2709
4.5178,0.91213,3.2895,2.2683
4.5178,0.91213,3.2895,2.2607
4.5152,0.91468,3.2895,2.2658
4.5178,0.91468,3.292,2.2734
4.5178,0.91468,3.2869,2.2658
4.5178,0.91213,3.2895,2.2607
4.5127,0.91213,3.2971,2.2683
4.5178,0.90703,3.2895,2.2658
4.5229,0.91213,3.2844,2.2683
4.5229,0.91978,3.292,2.2607
4.5101,0.91978,3.2971,2.2683
4.5127,0.90703,3.2997,2.2734
4.5203,0.90703,3.2844,2.2658
4.5229,0.91978,3.2869,2.2581
4.5101,0.91978,3.2971,2.2607
4.5101,0.91213,3.2971,2.2709
4.5152,0.90448,3.2844,2.2734
4.5203,0.91978,3.2844,2.2607
4.5076,0.91723,3.2997,2.2658
4.5076,0.90703,3.2971,2.2709
4.5229,0.91213,3.2869,2.2709
4.5203,0.91723,3.2869,2.2607
4.5152,0.91978,3.2946,2.2658
4.5101,0.91213,3.2971,2.2658
4.5076,0.90703,3.2997,2.2709
4.5127,0.90703,3.2844,2.2734
4.5203,0.91468,3.2869,2.2607
4.5152,0.91723,3.2946,2.2607
4.5152,0.91978,3.2997,2.2683
4.5076,0.90703,3.2971,2.2734
4.5152,0.90448,3.2844,2.2734
4.5152,0.91213,3.2946,2.2658
4.5152,0.91468,3.2844,2.2683
4.5152,0.91723,3.2895,2.2607
4.5076,0.91213,3.2997,2.2658
4.505,0.90448,3.2997,2.2709
4.5127,0.90703,3.2895,2.2734
4.5152,0.91213,3.292,2.2658
4.5203,0.91468,3.292,2.2683
4.5152,0.91723,3.2946,2.2632
4.5076,0.91723,3.2997,2.2632
4.5076,0.90703,3.2997,2.2734
4.5101,0.91213,3.2997,2.2734
4.5178,0.90448,3.2869,2.2734
4.5203,0.91978,3.2869,2.2581
4.5152,0.91978,3.292,2.2607
4.5076,0.90703,3.2997,2.2734
4.5127,0.90703,3.292,2.2709
4.5203,0.91723,3.2869,2.2683
4.5127,0.91978,3.2997,2.2607
4.505,0.91213,3.3022,2.2734
4.5178,0.90703,3.292,2.2734
4.5178,0.91213,3.2869,2.2683
4.5203,0.91723,3.2869,2.2607
4.5127,0.91723,3.2997,2.2607
4.505,0.91213,3.2997,2.2683
4.5127,0.90703,3.2946,2.2734
4.5178,0.91213,3.2869,2.2683
4.5152,0.91468,3.2946,2.2607
4.5127,0.91213,3.2946,2.2658
4.5076,0.91468,3.2997,2.2658
4.5127,0.90703,3.2946,2.2785
4.5203,0.90703,3.2869,2.2683
4.5178,0.91723,3.2895,2.2607
4.5127,0.91978,3.292,2.2581
4.505,0.91468,3.2997,2.2658
4.5127,0.90958,3.292,2.2683
4.5127,0.90703,3.2946,2.2683
4.5203,0.91213,3.2869,2.2683
4.5152,0.91723,3.2946,2.2632
4.505,0.91723,3.3022,2.2607
4.5076,0.91213,3.2997,2.2734
4.5127,0.90703,3.2946,2.276
4.5178,0.91213,3.2869,2.2683
4.5178,0.91723,3.2895,2.2607
4.505,0.91978,3.2997,2.2683
4.5076,0.90703,3.3022,2.2734
4.5178,0.90703,3.2869,2.2709
4.5178,0.91978,3.2869,2.2632
4.5152,0.91213,3.2946,2.2607
4.5127,0.90958,3.2946,2.2709
4.5152,0.91213,3.292,2.2658
4.5178,0.91213,3.2946,2.2683
4.5127,0.91213,3.2946,2.2658
4.505,0.91468,3.2997,2.2683
4.5127,0.90703,3.2946,2.2658
4.5101,0.91213,3.2946,2.2658
4.5152,0.92233,3.292,2.2658
4.5076,0.91213,3.292,2.2658
4.5127,0.90958,3.292,2.2734
4.5178,0.91213,3.2869,2.2683
4.5127,0.91723,3.2946,2.2607
4.5152,0.91213,3.3022,2.2658
4.5127,0.90958,3.2946,2.2709
4.5152,0.91213,3.2946,2.2658
4.5203,0.91213,3.2895,2.2683
4.5127,0.91723,3.2946,2.2581
4.505,0.91978,3.2997,2.2683
4.505,0.91213,3.2997,2.2683
4.5127,0.90703,3.2946,2.2734
4.5178,0.90703,3.2869,2.2734
4.5178,0.91468,3.2869,2.2607
4.5127,0.91978,3.2946,2.2607
4.5152,0.90958,3.2946,2.2658
4.5127,0.91213,3.2946,2.2709
4.5127,0.91213,3.2946,2.2658
4.5127,0.91468,3.2946,2.2632
4.5127,0.91723,3.2946,2.2607
4.505,0.90703,3.2997,2.2734
4.5203,0.90703,3.2869,2.276
4.5203,0.90958,3.2869,2.2607
4.5127,0.91723,3.2946,2.2607
4.5152,0.91213,3.2946,2.2658
4.5152,0.91468,3.2946,2.2658
4.5127,0.91213,3.292,2.2683
4.5152,0.91213,3.292,2.2658
4.5127,0.92233,3.292,2.2683
4.5076,0.91213,3.2946,2.2658
4.5127,0.90703,3.292,2.2709
4.5203,0.90703,3.2869,2.2683
4.5203,0.91978,3.2869,2.2607
4.505,0.91978,3.2997,2.2658
4.5076,0.90703,3.2997,2.2734
4.5152,0.91213,3.2946,2.2683
4.5203,0.91213,3.2869,2.2683
4.5152,0.91978,3.292,2.2658
4.5076,0.91213,3.2971,2.2683
4.5178,0.90958,3.292,2.2734
4.5203,0.91468,3.2869,2.2658
4.5152,0.91723,3.2946,2.2607
4.5076,0.91213,3.2997,2.2734
4.5203,0.90703,3.2946,2.276
4.5203,0.91723,3.2895,2.2607
4.5152,0.91723,3.292,2.2683
4.5076,0.91213,3.2997,2.2683
4.5152,0.90448,3.2946,2.2683
4.5203,0.91213,3.2869,2.2683
4.5152,0.91723,3.292,2.2607
4.5101,0.91978,3.2997,2.2683
4.5076,0.90703,3.2997,2.2734
4.5152,0.90703,3.292,2.2709
4.5178,0.91468,3.2869,2.2607
4.5152,0.91978,3.292,2.2607
4.5076,0.91468,3.2997,2.2658
4.5152,0.91468,3.2997,2.2709
4.5229,0.90448,3.2869,2.2658
4.5203,0.91213,3.2869,2.2607
4.5152,0.91723,3.292,2.2607
4.5076,0.91213,3.2997,2.2658
4.5152,0.91213,3.292,2.2658
4.5152,0.90703,3.2895,2.2734
4.5203,0.91978,3.2844,2.2607
4.5152,0.91978,3.2946,2.2632
4.5152,0.91213,3.292,2.2658
4.5076,0.91468,3.2997,2.2658
4.5152,0.90703,3.292,2.2683
4.5203,0.91213,3.2844,2.2658
4.5152,0.91978,3.2895,2.2607
4.5076,0.91213,3.2971,2.2683
4.5127,0.90448,3.2946,2.2734
4.5229,0.91213,3.2869,2.2683
4.5152,0.91723,3.292,2.2607
4.5076,0.91213,3.2997,2.2683
4.5127,0.90703,3.292,2.2734
4.5229,0.91213,3.2869,2.2683
4.5178,0.91978,3.292,2.2581
4.5076,0.91723,3.2997,2.2683
4.5076,0.90703,3.2997,2.2683
4.5229,0.90703,3.2869,2.2734
4.5203,0.91213,3.2869,2.2658
4.5178,0.91978,3.292,2.2683
4.5076,0.91468,3.2997,2.2683
4.5152,0.90448,3.2946,2.2734
4.5203,0.91213,3.2869,2.2658
4.5152,0.91213,3.292,2.2607
4.5178,0.91213,3.2997,2.2683
4.5152,0.91213,3.292,2.2709
4.5152,0.91213,3.292,2.2709
4.5152,0.91213,3.292,2.2581
4.5152,0.91468,3.292,2.2658
4.5152,0.91213,3.2946,2.2658
4.5152,0.91213,3.292,2.2658
4.5152,0.91213,3.2869,2.2683
4.5152,0.91978,3.2895,2.2607
4.5101,0.91978,3.292,2.2683
4.5152,0.91213,3.2895,2.2683
4.5152,0.90703,3.292,2.2683
4.5203,0.91213,3.2869,2.2683
4.5152,0.91723,3.2946,2.2607
4.5178,0.91213,3.292,2.2658
4.5101,0.90703,3.2971,2.2709
4.5152,0.90448,3.292,2.2709
4.5229,0.91213,3.2844,2.2683
4.5152,0.91213,3.2946,2.2632
4.5152,0.91213,3.2895,2.2683
4.5127,0.91468,3.2997,2.2658
4.5178,0.90448,3.2895,2.2683
4.5203,0.90703,3.2869,2.2658
4.5203,0.91213,3.2895,2.2683
4.5152,0.91723,3.292,2.2683
4.5076,0.91213,3.2997,2.2683
4.5152,0.90448,3.292,2.2709
4.5203,0.91213,3.2869,2.2683
4.5229,0.91723,3.2844,2.2581
4.5076,0.91978,3.2997,2.2581
4.5101,0.91468,3.2997,2.2658
4.5152,0.90703,3.292,2.2734
4.5152,0.91213,3.292,2.2658
4.5127,0.91213,3.2946,2.2658
4.5178,0.91978,3.292,2.2581
4.5101,0.91213,3.2997,2.2709
4.5076,0.90958,3.2997,2.2734
4.5203,0.90703,3.2869,2.276
4.5203,0.91978,3.2869,2.2607
4.5152,0.91723,3.292,2.2607
4.5101,0.91213,3.2997,2.2683
4.5152,0.90703,3.292,2.2709
4.5203,0.91213,3.2869,2.2658
4.5178,0.91978,3.292,2.2607
4.5076,0.91213,3.2971,2.2658
4.5152,0.90703,3.292,2.2734
4.5152,0.90703,3.2869,2.2734
4.5203,0.91213,3.2869,2.2658
4.5152,0.91978,3.2895,2.2581
4.5101,0.91978,3.2971,2.2632
4.5076,0.90703,3.2997,2.2734
4.5152,0.90703,3.2946,2.2734
4.5178,0.91468,3.292,2.2658
4.5152,0.91213,3.2895,2.2658
4.5178,0.91978,3.292,2.2683
4.5076,0.91213,3.2997,2.2683
4.5152,0.90703,3.292,2.2709
4.5203,0.90703,3.2869,2.2734
4.5203,0.91723,3.2869,2.2607
4.5152,0.91723,3.2895,2.2581
4.5152,0.91468,3.292,2.2683
4.5127,0.91213,3.2895,2.2658
4.5178,0.90703,3.2946,2.2683
4.5178,0.91468,3.2869,2.2658
4.5229,0.91978,3.2844,2.2607
4.5101,0.91978,3.292,2.2607
4.5076,0.91213,3.2997,2.2683
4.5152,0.90703,3.292,2.2709
4.5127,0.90958,3.292,2.2658
4.5152,0.91213,3.292,2.2683
4.5178,0.91213,3.2895,2.2683
4.5152,0.91468,3.2971,2.2658
4.5152,0.90703,3.2946,2.2683
4.5203,0.91468,3.2869,2.2632
4.5178,0.91723,3.2895,2.2581
4.5076,0.91213,3.2997,2.2658
4.5152,0.90703,3.292,2.2734
4.5203,0.90703,3.2869,2.2658
4.5203,0.91723,3.2844,2.2607
4.5076,0.91723,3.2997,2.2658
4.5127,0.90703,3.2997,2.2734
4.5203,0.90703,3.2869,2.2734
4.5203,0.91213,3.2946,2.2658
4.5076,0.91723,3.2997,2.2607
4.5076,0.91213,3.2997,2.2658
4.5152,0.90703,3.292,2.2658
4.5254,0.91213,3.2869,2.2658
4.5152,0.91213,3.2946,2.2581
4.5076,0.91213,3.2997,2.2658
4.5152,0.91213,3.292,2.2709
4.5152,0.91213,3.2869,2.2683
4.5127,0.91723,3.2946,2.2607
4.5152,0.90958,3.2997,2.2683
4.5152,0.90703,3.292,2.2734
4.5127,0.91213,3.2869,2.2683
4.5127,0.91213,3.292,2.2607
4.5152,0.91213,3.2946,2.2683
4.5152,0.90448,3.292,2.2709
4.5229,0.91213,3.2869,2.2658
4.5152,0.91213,3.2869,2.2607
4.5101,0.91978,3.2997,2.2658
4.5101,0.90703,3.2997,2.2734
4.5203,0.91213,3.2869,2.2683
4.5152,0.91723,3.292,2.2607
4.5076,0.91213,3.2997,2.2658
4.5152,0.91213,3.292,2.2683
4.5229,0.90958,3.2869,2.2607
4.5152,0.91723,3.292,2.2658
4.5101,0.91213,3.2997,2.2683
4.5152,0.90703,3.2895,2.2658
