2.8889,1.4373,3.2563,1.9827
2.9042,1.4296,3.2436,1.9751
2.8966,1.4424,3.2487,1.9674
2.894,1.4373,3.2589,1.9751
2.8966,1.4373,3.2512,1.9751
2.8966,1.4424,3.2512,1.9674
2.8915,1.4373,3.2563,1.9802
2.9042,1.4322,3.2461,1.9827
2.9068,1.4398,3.2436,1.97
2.8915,1.4373,3.2589,1.9751
2.8966,1.4322,3.2512,1.9827
2.8991,1.4373,3.2487,1.9725
2.894,1.4373,3.2589,1.9751
2.9042,1.4296,3.2436,1.9827
2.8966,1.4424,3.2512,1.9751
2.8915,1.4373,3.2487,1.9751
2.9042,1.4373,3.2461,1.9776
2.8966,1.4449,3.2589,1.97
2.8966,1.4322,3.2487,1.9827
2.9068,1.4373,3.2487,1.9751
2.8915,1.4373,3.2563,1.9751
2.8991,1.4373,3.2512,1.9725
2.9017,1.4424,3.2487,1.97
2.8915,1.4373,3.2563,1.9802
2.9042,1.4398,3.2436,1.9751
2.8966,1.4449,3.2487,1.9751
2.8915,1.4296,3.2563,1.9827
2.9068,1.4296,3.2461,1.9827
2.9042,1.4449,3.2436,1.97
2.8889,1.4373,3.2589,1.9751
2.8966,1.4373,3.2487,1.9751
2.8966,1.4373,3.2487,1.9776
2.8966,1.4347,3.2563,1.9751
2.8966,1.4322,3.2487,1.9827
2.9017,1.4424,3.2436,1.97
2.894,1.4398,3.2563,1.9751
2.8991,1.4322,3.2487,1.9827
2.8966,1.4373,3.2487,1.9751
2.8966,1.4373,3.2487,1.9751
2.8991,1.4322,3.2512,1.9802
2.9068,1.4449,3.2436,1.97
2.8915,1.4373,3.2563,1.9751
2.8966,1.4296,3.2487,1.9751
2.8991,1.4449,3.2487,1.97
2.894,1.4373,3.2487,1.9751
2.9042,1.4373,3.2436,1.9751
2.8991,1.4373,3.2487,1.9751
2.9017,1.4296,3.2487,1.9827
2.9068,1.4424,3.2436,1.9674
2.8915,1.4373,3.2538,1.9751
2.8991,1.4347,3.2487,1.9751
2.8991,1.4449,3.2487,1.9674
2.894,1.4296,3.2538,1.9802
2.9068,1.4373,3.2436,1.9751
2.8966,1.4449,3.2487,1.9751
2.8915,1.4373,3.2563,1.9751
2.9017,1.4347,3.2512,1.9725
2.9017,1.4424,3.2487,1.9674
2.8966,1.4373,3.2538,1.9776
2.9068,1.4322,3.2436,1.9725
2.9017,1.4424,3.2512,1.9674
2.894,1.4373,3.2487,1.9725
2.8966,1.4373,3.2487,1.9751
2.9017,1.4424,3.2487,1.9674
2.894,1.4322,3.2563,1.9827
2.9068,1.4373,3.2461,1.9751
2.9017,1.4398,3.2563,1.9725
2.9017,1.4296,3.2436,1.9827
2.9017,1.4449,3.2487,1.9649
2.894,1.4322,3.2589,1.9827
2.9042,1.4373,3.2436,1.9751
2.9017,1.4373,3.2487,1.97
2.9017,1.4373,3.2487,1.9802
2.9068,1.4373,3.2461,1.9674
2.894,1.4449,3.2563,1.9674
2.9017,1.4322,3.2487,1.9802
2.9068,1.4373,3.2487,1.9751
2.9017,1.4373,3.2487,1.9751
2.9017,1.4373,3.2512,1.9802
2.9093,1.4373,3.2436,1.9725
2.8991,1.4449,3.2487,1.9674
2.894,1.4322,3.2563,1.9802
2.9068,1.4347,3.2436,1.9725
2.9017,1.4373,3.2512,1.9725
2.8991,1.4373,3.2487,1.9827
2.9068,1.4373,3.2461,1.9751
2.9017,1.4424,3.2512,1.9674
2.8966,1.4296,3.2563,1.9827
2.9093,1.4322,3.2436,1.9751
2.9017,1.4449,3.2487,1.9751
2.8991,1.4373,3.2487,1.9827
2.9068,1.4373,3.241,1.9674
2.8915,1.4424,3.2538,1.9751
2.9017,1.4296,3.2512,1.9725
2.8991,1.4424,3.2487,1.9674
2.894,1.4373,3.2589,1.9802
2.9068,1.4296,3.2436,1.9751
2.8991,1.4424,3.2487,1.97
2.894,1.4373,3.2538,1.9802
2.9042,1.4322,3.2436,1.9751
2.8991,1.4449,3.2487,1.9751
2.8991,1.4373,3.2563,1.9802
2.9068,1.4373,3.2436,1.9751
2.9017,1.4424,3.2487,1.9725
2.9017,1.4373,3.2563,1.9751
2.9017,1.4373,3.2487,1.9725
2.8991,1.4449,3.2512,1.9674
2.894,1.4322,3.2563,1.9802
2.9042,1.4373,3.2436,1.9751
2.8991,1.4424,3.2563,1.97
2.8966,1.4322,3.2538,1.9802
2.9068,1.4373,3.2461,1.9751
2.8991,1.4373,3.2487,1.9751
2.9017,1.4322,3.2487,1.9827
2.9068,1.4449,3.2436,1.97
2.894,1.4449,3.2589,1.9725
2.8991,1.4322,3.2512,1.9751
2.8991,1.4373,3.2487,1.9725
2.894,1.4398,3.2563,1.9751
2.9017,1.4322,3.2436,1.9827
2.9068,1.4475,3.2461,1.97
2.894,1.4373,3.2589,1.9751
2.9042,1.4322,3.2436,1.9827
2.9068,1.4449,3.2461,1.9725
2.894,1.4373,3.2512,1.9751
2.8966,1.4373,3.2487,1.9751
2.8991,1.4373,3.2487,1.9674
2.894,1.4398,3.2563,1.9827
2.9068,1.4322,3.2436,1.9827
2.9068,1.4424,3.2487,1.9674
2.8966,1.4373,3.2563,1.9751
2.8991,1.4373,3.2487,1.9751
2.8991,1.4424,3.2487,1.97
2.8991,1.4373,3.2487,1.9751
2.9017,1.4373,3.2436,1.9751
2.8889,1.4449,3.2538,1.97
2.8966,1.4322,3.2487,1.9827
2.9042,1.4424,3.2461,1.97
2.8889,1.4449,3.2563,1.9751
2.8966,1.4296,3.2512,1.9776
2.9042,1.4373,3.2436,1.9751
2.8966,1.4373,3.2512,1.9776
2.8966,1.4373,3.2487,1.9827
2.9017,1.4373,3.2436,1.9674
2.8889,1.4424,3.2589,1.9725
2.8889,1.4322,3.2563,1.9827
2.9017,1.4373,3.2436,1.9751
2.8966,1.4424,3.2563,1.9674
2.8966,1.4322,3.2512,1.9827
2.9017,1.4373,3.2487,1.9776
2.8864,1.4373,3.2589,1.9776
2.9017,1.4322,3.2436,1.9751
2.8966,1.4449,3.2487,1.97
2.8966,1.4373,3.2512,1.9751
2.9042,1.4373,3.2436,1.9751
2.8915,1.4449,3.2487,1.97
2.8915,1.4322,3.2512,1.9827
2.8966,1.4373,3.2512,1.9751
2.8991,1.4373,3.2487,1.9751
2.8966,1.4322,3.2512,1.9827
2.9042,1.4424,3.2436,1.9725
2.894,1.4373,3.2563,1.9751
2.8966,1.4296,3.2512,1.9751
2.8966,1.4347,3.2487,1.9776
2.8991,1.4373,3.2487,1.9751
2.8991,1.4296,3.2487,1.9827
2.9068,1.4373,3.2461,1.9674
2.894,1.4475,3.2589,1.9751
2.8966,1.4373,3.2487,1.9725
2.8991,1.4449,3.2512,1.97
2.894,1.4296,3.2563,1.9802
2.9068,1.4373,3.2436,1.9725
2.9017,1.4424,3.2589,1.9674
2.8915,1.4296,3.2563,1.9827
2.9068,1.4373,3.2461,1.9674
2.894,1.4424,3.2563,1.9674
2.894,1.4322,3.2563,1.9802
2.9068,1.4373,3.2461,1.9725
2.8991,1.4424,3.2487,1.97
2.894,1.4322,3.2563,1.9827
2.9068,1.4373,3.2436,1.9751
2.8991,1.4449,3.2512,1.9674
2.8915,1.4373,3.2512,1.9751
2.8966,1.4322,3.2512,1.9725
2.8991,1.4449,3.2487,1.9674
2.894,1.4296,3.2563,1.9802
2.9068,1.4373,3.2461,1.9725
2.8991,1.4424,3.2487,1.9725
2.8991,1.4373,3.2487,1.9751
2.9017,1.4373,3.2461,1.9751
2.9017,1.4449,3.2512,1.9649
2.894,1.4373,3.2563,1.9827
2.9068,1.4322,3.2461,1.9751
2.9017,1.4424,3.2487,1.9674
2.894,1.4373,3.2563,1.9725
2.9042,1.4322,3.2512,1.9751
2.8991,1.4347,3.2461,1.97
2.894,1.4373,3.2563,1.9751
2.8991,1.4322,3.2512,1.9725
2.8991,1.4373,3.2487,1.9674
2.8915,1.4398,3.2589,1.9751
2.8991,1.4373,3.2487,1.9725
2.8966,1.4449,3.2487,1.97
2.8915,1.4322,3.2538,1.9802
2.9017,1.4347,3.2461,1.9751
2.8991,1.4424,3.2487,1.9725
2.8966,1.4398,3.2512,1.9827
2.9042,1.4373,3.2461,1.9751
2.8915,1.4449,3.2563,1.97
2.8915,1.4322,3.2563,1.9802
2.9068,1.4373,3.2436,1.9776
2.8966,1.4424,3.2563,1.9674
2.894,1.4322,3.2589,1.9827
2.9017,1.4373,3.2436,1.9751
2.8966,1.4449,3.2487,1.9674
2.8889,1.4373,3.2563,1.9827
2.9017,1.4322,3.2461,1.9751
2.8966,1.4373,3.2461,1.9776
2.8966,1.4373,3.2512,1.9827
2.9017,1.4347,3.2436,1.97
2.8966,1.4398,3.2512,1.97
2.8864,1.4322,3.2563,1.9827
2.8991,1.4373,3.2436,1.9751
2.8864,1.4424,3.2563,1.9751
2.894,1.4322,3.2487,1.9827
2.8966,1.4373,3.2487,1.9725
2.8864,1.4373,3.2563,1.9853
2.9017,1.4296,3.2461,1.9776
2.894,1.4449,3.2487,1.9776
2.8889,1.4373,3.2563,1.9776
2.894,1.4322,3.2487,1.9776
2.894,1.4373,3.2512,1.97
2.8889,1.4373,3.2589,1.9751
2.8915,1.4322,3.2436,1.9827
2.9017,1.4424,3.2436,1.97
2.8864,1.4373,3.2563,1.9751
2.8966,1.4296,3.2487,1.9751
2.9017,1.4347,3.2487,1.9751
2.8966,1.4424,3.2563,1.9776
2.8966,1.4296,3.2487,1.9827
2.9042,1.4373,3.2436,1.9674
2.8966,1.4449,3.2487,1.97
2.894,1.4347,3.2589,1.9751
2.8966,1.4322,3.2487,1.9751
2.8966,1.4373,3.2487,1.97
2.8889,1.4373,3.2563,1.9751
2.8966,1.4322,3.2487,1.9725
2.9017,1.4373,3.2512,1.9751
2.8966,1.4373,3.2487,1.9751
2.8966,1.4322,3.2512,1.9802
2.9017,1.4373,3.2436,1.9751
2.8966,1.4373,3.2487,1.9751
2.894,1.4373,3.2487,1.9827
2.9042,1.4373,3.2436,1.9751
2.8966,1.4449,3.2487,1.97
2.8915,1.4322,3.2589,1.9802
2.8966,1.4373,3.2487,1.9751
2.8966,1.4449,3.2487,1.97
2.8889,1.4373,3.2538,1.9751
2.894,1.4322,3.2461,1.9827
2.8966,1.4424,3.2487,1.9674
2.8889,1.4373,3.2563,1.9751
2.8966,1.4347,3.2487,1.9751
2.8966,1.4449,3.2487,1.9674
2.8864,1.4322,3.2563,1.9827
2.9017,1.4373,3.2461,1.9751
2.894,1.4373,3.2487,1.9751
2.8966,1.4322,3.2512,1.9827
2.9017,1.4347,3.2461,1.9751
2.8889,1.4373,3.2589,1.9725
2.9017,1.4296,3.2436,1.9802
2.8966,1.4424,3.2487,1.9751
2.8889,1.4296,3.2563,1.9827
2.9017,1.4347,3.2436,1.9751
2.894,1.4449,3.2487,1.9751
2.8966,1.4373,3.2487,1.9802
2.9017,1.4373,3.2436,1.9751
2.894,1.4475,3.2563,1.97
2.8864,1.4373,3.2589,1.9853
2.9017,1.4322,3.2461,1.9751
2.9017,1.4449,3.2487,1.9674
2.8864,1.4398,3.2563,1.9751
2.8966,1.4322,3.2512,1.9751
2.8966,1.4347,3.2487,1.9674
2.8966,1.4373,3.2589,1.9725
2.8966,1.4296,3.2487,1.9827
2.9042,1.4424,3.2461,1.9674
2.8889,1.4424,3.2589,1.9674
2.8889,1.4296,3.2589,1.9827
2.9017,1.4373,3.2436,1.9751
2.8966,1.4449,3.2487,1.9674
2.8889,1.4296,3.2589,1.9827
2.9042,1.4373,3.2436,1.9751
2.8966,1.4398,3.2487,1.9674
2.8889,1.4322,3.2563,1.9827
2.9042,1.4373,3.2461,1.9674
2.8991,1.4398,3.2563,1.9725
2.8966,1.4296,3.2487,1.9802
2.8966,1.4373,3.2436,1.97
2.8915,1.4373,3.2538,1.9751
2.8966,1.4322,3.2487,1.9802
2.9068,1.4424,3.2461,1.9674
2.894,1.4347,3.2563,1.9751
2.8966,1.4322,3.2487,1.9751
2.8991,1.4373,3.2512,1.9725
2.8991,1.4373,3.2487,1.9725
2.8991,1.4322,3.2512,1.9802
2.9042,1.4373,3.2461,1.9674
2.8915,1.4424,3.2487,1.9674
2.8966,1.4322,3.2589,1.9751
2.8991,1.4373,3.2512,1.9725
2.8991,1.4373,3.2436,1.9674
2.8889,1.4449,3.2589,1.9751
2.8991,1.4322,3.2512,1.9827
2.9042,1.4373,3.2461,1.9725
2.8991,1.4424,3.2487,1.9674
2.894,1.4296,3.2589,1.9802
2.9068,1.4347,3.2461,1.9725
2.8991,1.4424,3.2487,1.9751
2.9017,1.4373,3.2487,1.9802
2.9068,1.4373,3.2461,1.9725
2.9017,1.4424,3.2512,1.9649
2.894,1.4322,3.2538,1.9802
2.9068,1.4373,3.2436,1.9725
2.8991,1.4424,3.2512,1.9725
2.8991,1.4373,3.2512,1.9751
2.9017,1.4347,3.2487,1.9725
2.8991,1.4424,3.2512,1.9674
2.894,1.4398,3.2589,1.9725
2.9068,1.4322,3.2436,1.9802
2.9068,1.4449,3.2487,1.9674
2.894,1.4347,3.2589,1.9802
2.8991,1.4296,3.2487,1.9751
2.8991,1.4424,3.2487,1.9649
2.894,1.4373,3.2563,1.9725
2.8991,1.4296,3.2487,1.9827
2.9068,1.4373,3.2436,1.9751
2.9017,1.4449,3.2512,1.9751
2.8966,1.4373,3.2563,1.9751
2.9017,1.4322,3.2487,1.9802
2.9068,1.4373,3.2487,1.9751
2.9042,1.4373,3.2487,1.9725
2.9017,1.4322,3.2512,1.9827
2.9068,1.4347,3.2461,1.9725
2.9017,1.4449,3.2512,1.9674
2.894,1.4373,3.2563,1.9725
2.9017,1.4373,3.2512,1.9725
2.9042,1.4449,3.2512,1.9649
2.9017,1.4373,3.2512,1.9725
2.9017,1.4373,3.2487,1.9725
2.9042,1.4398,3.2487,1.9674
2.894,1.4373,3.2563,1.9802
2.9017,1.4322,3.2461,1.9776
2.9042,1.4424,3.2512,1.9674
2.8966,1.4373,3.2563,1.9725
2.9042,1.4373,3.2487,1.9725
2.9017,1.4424,3.2487,1.9674
2.8966,1.4373,3.2589,1.9725
2.9017,1.4296,3.2512,1.9725
2.9017,1.4373,3.2487,1.9674
2.8966,1.4373,3.2589,1.9725
2.9017,1.4296,3.2512,1.9802
2.9093,1.4373,3.2461,1.9751
2.9042,1.4424,3.2487,1.9725
2.8966,1.4373,3.2563,1.9751
2.9042,1.4347,3.2487,1.9725
2.9093,1.4373,3.2487,1.9725
2.9042,1.4347,3.2512,1.9751
2.9042,1.4322,3.2512,1.9802
2.9093,1.4373,3.2487,1.9725
2.9017,1.4373,3.2512,1.9725
2.9042,1.4322,3.2512,1.9802
2.9068,1.4373,3.2461,1.9674
2.8966,1.4424,3.2563,1.9751
2.9042,1.4322,3.2487,1.9751
2.9017,1.4373,3.2487,1.9725
2.9042,1.4373,3.2487,1.9725
2.9017,1.4322,3.2487,1.9802
2.9068,1.4373,3.2436,1.9674
2.9017,1.4449,3.2589,1.97
2.8966,1.4296,3.2589,1.9802
2.9068,1.4347,3.2436,1.9725
2.9017,1.4373,3.2487,1.9751
2.894,1.4373,3.2563,1.9751
2.8991,1.4373,3.2512,1.9751
2.9068,1.4373,3.2487,1.9725
2.9017,1.4373,3.2512,1.9725
2.8991,1.4373,3.2487,1.9802
2.9017,1.4373,3.2512,1.9725
2.8991,1.4424,3.2487,1.9674
2.8966,1.4296,3.2589,1.9725
2.9068,1.4296,3.2461,1.9751
2.8991,1.4424,3.2512,1.9674
2.8966,1.4373,3.2589,1.9751
2.8991,1.4322,3.2487,1.9725
2.9068,1.4373,3.2436,1.9725
2.9017,1.4373,3.2512,1.9751
2.9042,1.4347,3.2563,1.9802
2.9068,1.4373,3.2461,1.9725
2.8991,1.4424,3.2487,1.9725
2.9017,1.4373,3.2487,1.9751
2.9017,1.4373,3.2512,1.9751
2.9017,1.4373,3.2487,1.9674
2.8966,1.4373,3.2563,1.9751
2.9017,1.4322,3.2512,1.9802
2.9068,1.4373,3.2512,1.9751
2.9042,1.4424,3.2487,1.9725
2.9017,1.4373,3.2487,1.9802
2.9068,1.4373,3.2461,1.9751
2.9017,1.4424,3.2487,1.9649
2.894,1.4296,3.2563,1.9827
2.9017,1.4296,3.2487,1.9802
2.9093,1.4424,3.2461,1.9674
2.894,1.4373,3.2589,1.9725
2.9017,1.4322,3.2487,1.9751
2.9068,1.4449,3.241,1.9674
2.894,1.4449,3.2487,1.9751
2.9017,1.4296,3.2436,1.9802
2.9068,1.4449,3.2436,1.9674
2.8966,1.4373,3.2563,1.9725
2.9068,1.4373,3.2461,1.9751
2.9017,1.4449,3.2512,1.9751
2.894,1.4373,3.2512,1.9751
2.8991,1.4296,3.2512,1.9725
2.8991,1.4373,3.2487,1.9674
2.894,1.4373,3.2563,1.9751
2.9068,1.4296,3.2436,1.9802
2.9068,1.4449,3.2461,1.9674
2.8915,1.4373,3.2563,1.9802
2.9068,1.4296,3.2436,1.9827
2.9042,1.4449,3.2461,1.97
2.894,1.4373,3.2563,1.9776
2.9042,1.4322,3.2461,1.9802
2.9017,1.4398,3.2461,1.9674
2.8915,1.4373,3.2563,1.9776
2.8966,1.4322,3.2487,1.9751
2.9042,1.4373,3.2512,1.9751
2.8991,1.4373,3.2512,1.9751
2.8966,1.4322,3.2487,1.9802
2.9017,1.4373,3.2436,1.9725
2.8915,1.4449,3.2487,1.97
2.8915,1.4322,3.2563,1.9827
2.9068,1.4322,3.2461,1.9827
2.9068,1.4424,3.2436,1.97
2.8889,1.4449,3.2563,1.9751
2.8889,1.4322,3.2563,1.9827
2.9042,1.4373,3.2436,1.9751
2.8966,1.4424,3.2487,1.97
2.8915,1.4373,3.2563,1.9751
2.8966,1.4322,3.2512,1.9827
2.9017,1.4373,3.2487,1.9751
2.8966,1.4373,3.2512,1.9802
2.8966,1.4322,3.2487,1.9827
2.9017,1.4373,3.2436,1.9751
2.8966,1.4424,3.2512,1.9776
2.8915,1.4373,3.2512,1.9776
2.8966,1.4373,3.2487,1.9776
2.8966,1.4373,3.2487,1.9776
2.8915,1.4373,3.2563,1.9751
2.8966,1.4322,3.2487,1.9827
2.9017,1.4449,3.2461,1.97
2.8915,1.4398,3.2563,1.9751
2.8966,1.4296,3.2487,1.9776
2.8966,1.4373,3.2487,1.97
2.8889,1.4373,3.2563,1.9776
2.894,1.4347,3.2512,1.9776
2.8966,1.4373,3.2487,1.9802
2.8966,1.4373,3.2487,1.9776
2.894,1.4322,3.2512,1.9827
2.9017,1.4373,3.2461,1.9776
2.8966,1.4373,3.2487,1.9776
2.8966,1.4373,3.2512,1.9853
2.9017,1.4373,3.2436,1.9776
2.8864,1.4449,3.2589,1.9725
2.894,1.4322,3.2487,1.9751
2.894,1.4449,3.2487,1.9725
2.8864,1.4296,3.2563,1.9853
2.9017,1.4322,3.2436,1.9802
2.894,1.4424,3.2487,1.9725
2.8864,1.4398,3.2563,1.9776
2.894,1.4373,3.2487,1.9827
2.9017,1.4347,3.2538,1.9802
2.8864,1.4347,3.2563,1.9853
2.8991,1.4322,3.2512,1.9853
2.9017,1.4373,3.2487,1.9776
2.8889,1.4373,3.2563,1.9802
2.894,1.4347,3.2461,1.9853
2.9017,1.4424,3.2487,1.9725
2.8889,1.4373,3.2563,1.9776
2.894,1.4373,3.2512,1.9802
2.894,1.4347,3.2487,1.9725
2.8889,1.4373,3.2589,1.9776
2.9017,1.4322,3.2436,1.9827
2.9017,1.4449,3.2436,1.9725
2.8889,1.4373,3.2589,1.9751
2.8966,1.4373,3.2487,1.9776
2.8966,1.4373,3.2487,1.97
2.8966,1.4373,3.2512,1.9776
2.8966,1.4322,3.2487,1.9853
2.9042,1.4373,3.2461,1.97
