1.882,1.7126,3.1008,1.743
1.8769,1.7177,3.1059,1.7481
1.8693,1.71,3.1136,1.7507
1.8769,1.7126,3.1059,1.7583
1.8769,1.7126,3.1085,1.7507
1.882,1.71,3.1059,1.7507
1.8769,1.7177,3.1059,1.7507
1.8718,1.7126,3.1136,1.7507
1.8769,1.7049,3.1059,1.7583
1.882,1.7126,3.1008,1.7532
1.8744,1.7177,3.1059,1.7456
1.8744,1.7126,3.1059,1.7507
1.8693,1.7151,3.1059,1.7507
1.8744,1.7049,3.1059,1.7507
1.882,1.7126,3.0983,1.7507
1.8744,1.7177,3.1059,1.7481
1.8693,1.7177,3.1136,1.7507
1.8667,1.71,3.1136,1.7507
1.8744,1.7049,3.1059,1.7558
1.882,1.7126,3.1008,1.7507
1.882,1.7177,3.1008,1.7456
1.8769,1.7126,3.1059,1.7507
1.8744,1.7126,3.1059,1.7507
1.8744,1.7049,3.1008,1.7609
1.882,1.7202,3.1008,1.743
1.8744,1.7177,3.1059,1.7481
1.8744,1.7126,3.1059,1.7507
1.8744,1.7126,3.1085,1.7507
1.8744,1.7075,3.1059,1.7583
1.882,1.7177,3.1008,1.7532
1.8769,1.7202,3.1059,1.7456
1.8769,1.7126,3.111,1.7507
1.8718,1.7126,3.1059,1.7583
1.8744,1.7126,3.1059,1.7507
1.8744,1.7126,3.1059,1.7507
1.8744,1.7202,3.1059,1.7507
1.8693,1.7126,3.1059,1.7507
1.8744,1.7075,3.1085,1.7507
1.8744,1.71,3.1059,1.7507
1.8744,1.7126,3.1059,1.7507
1.8693,1.7126,3.1059,1.7507
1.8744,1.7075,3.1034,1.7558
1.8795,1.7177,3.1008,1.7456
1.8744,1.7177,3.1136,1.7456
1.8693,1.7126,3.1136,1.7583
1.8744,1.7075,3.1059,1.7609
1.882,1.7126,3.1008,1.743
1.8744,1.7202,3.1059,1.7507
1.8744,1.7126,3.1059,1.7507
1.882,1.7075,3.1059,1.7532
1.8744,1.7126,3.1059,1.7507
1.8718,1.7126,3.1059,1.7507
1.8744,1.7151,3.1059,1.7507
1.8769,1.7075,3.1059,1.7507
1.8795,1.7126,3.0983,1.7507
1.8769,1.7202,3.1059,1.7507
1.8693,1.7202,3.111,1.7507
1.8693,1.7075,3.1136,1.7558
1.8769,1.7049,3.1059,1.7583
1.882,1.7126,3.1008,1.7456
1.8744,1.7177,3.1059,1.7456
1.8769,1.7126,3.1136,1.7507
1.8769,1.7151,3.1059,1.7532
1.8769,1.7126,3.1059,1.7507
1.882,1.7126,3.1008,1.7507
1.8769,1.7202,3.1059,1.7456
1.8693,1.7202,3.1136,1.7507
1.8667,1.7075,3.1059,1.7609
1.8718,1.7126,3.1059,1.7532
1.882,1.7126,3.1008,1.7507
1.8769,1.7126,3.1059,1.7507
1.8667,1.7126,3.111,1.7481
1.8693,1.7049,3.1136,1.7558
1.8769,1.7075,3.1008,1.7583
1.882,1.7151,3.1034,1.7507
1.882,1.7202,3.1008,1.743
1.8667,1.7202,3.111,1.743
1.8693,1.7075,3.1136,1.7558
1.8769,1.7049,3.1059,1.7558
1.8744,1.7126,3.1008,1.7532
1.8744,1.7126,3.1059,1.7507
1.8744,1.7177,3.1059,1.7507
1.8667,1.7126,3.1136,1.7507
1.8744,1.7075,3.1059,1.7558
1.882,1.7075,3.1008,1.7507
1.882,1.7202,3.1008,1.743
1.8769,1.7126,3.1059,1.7507
1.8769,1.7151,3.1059,1.7507
1.8769,1.7049,3.1085,1.7583
1.8846,1.7126,3.1008,1.7507
1.8769,1.7202,3.1059,1.743
1.8744,1.7126,3.1059,1.7507
1.8718,1.7126,3.1136,1.7558
1.8769,1.7075,3.1059,1.7558
1.882,1.7126,3.0983,1.743
1.8769,1.7126,3.1059,1.7507
1.8769,1.7202,3.1085,1.7507
1.8744,1.7126,3.1059,1.7507
1.8769,1.7049,3.1059,1.7507
1.882,1.7126,3.1008,1.7507
1.8769,1.7202,3.1059,1.743
1.8769,1.7126,3.1059,1.7507
1.8769,1.7126,3.1059,1.7558
1.8769,1.7151,3.1059,1.7507
1.8846,1.7126,3.1008,1.7507
1.8795,1.7177,3.1059,1.743
1.8718,1.7228,3.111,1.7507
1.8693,1.7049,3.1136,1.7558
1.8769,1.7075,3.1085,1.7481
1.8744,1.7126,3.1008,1.7481
1.8769,1.7177,3.1085,1.7507
1.8693,1.7126,3.1136,1.7481
1.8769,1.7126,3.1059,1.7507
1.8795,1.7126,3.1008,1.7481
1.8769,1.7202,3.1059,1.743
1.8693,1.7126,3.1136,1.7481
1.8769,1.7049,3.1059,1.7558
1.882,1.7126,3.1008,1.7507
1.8769,1.7177,3.1059,1.743
1.8718,1.7126,3.111,1.7507
1.8769,1.7075,3.1059,1.7507
1.8846,1.7126,3.1008,1.7481
1.8744,1.7126,3.1059,1.743
1.8769,1.7177,3.1059,1.7481
1.8693,1.7126,3.1161,1.7507
1.8744,1.7075,3.1059,1.7558
1.882,1.7049,3.1008,1.7481
1.882,1.71,3.1008,1.7405
1.8693,1.7202,3.1136,1.743
1.8693,1.7126,3.1136,1.7507
1.8744,1.7049,3.1059,1.7532
1.882,1.7049,3.1008,1.7481
1.882,1.7126,3.0983,1.743
1.8769,1.7202,3.1136,1.743
1.8693,1.7126,3.1059,1.7481
1.8769,1.7049,3.1059,1.7558
1.8769,1.7126,3.1059,1.7481
1.882,1.7126,3.1059,1.7507
1.8769,1.7177,3.1059,1.7507
1.8769,1.7126,3.1059,1.7481
1.8744,1.7075,3.1059,1.7583
1.882,1.7049,3.1008,1.7481
1.882,1.7177,3.1008,1.743
1.8693,1.7177,3.1136,1.743
1.8693,1.71,3.111,1.7481
1.8769,1.7126,3.1059,1.7481
1.8769,1.7126,3.1008,1.7481
1.8769,1.7126,3.1059,1.7507
1.8718,1.7049,3.111,1.7558
1.882,1.7049,3.1008,1.7507
1.882,1.7177,3.1008,1.743
1.8718,1.7177,3.111,1.743
1.8693,1.7049,3.1136,1.7558
1.8769,1.7075,3.1008,1.7583
1.8795,1.7126,3.0983,1.743
1.8744,1.7202,3.1059,1.7456
1.8693,1.7126,3.1136,1.7507
1.8769,1.7049,3.1059,1.7583
1.882,1.7126,3.1008,1.7481
1.8769,1.7177,3.1059,1.743
1.8693,1.71,3.111,1.7507
1.8667,1.7049,3.1136,1.7558
1.8744,1.7126,3.1059,1.7481
1.882,1.7126,3.1059,1.7507
1.8744,1.7177,3.1059,1.7405
1.8693,1.7177,3.111,1.7507
1.8718,1.7049,3.111,1.7583
1.8769,1.7024,3.1059,1.7583
1.882,1.7126,3.1008,1.7481
1.8744,1.7177,3.1059,1.7456
1.8693,1.7075,3.1136,1.7558
1.882,1.7075,3.1008,1.7583
1.882,1.7177,3.1008,1.743
1.8693,1.7177,3.111,1.7507
1.8693,1.7049,3.111,1.7583
1.8846,1.7049,3.0983,1.7507
1.882,1.7177,3.1008,1.7456
1.8769,1.7177,3.1136,1.743
1.8693,1.7126,3.1136,1.7507
1.8744,1.7049,3.1059,1.7558
1.882,1.7049,3.1008,1.7507
1.882,1.7202,3.1008,1.743
1.8744,1.7177,3.1059,1.7456
1.8693,1.71,3.1136,1.7507
1.8769,1.7024,3.1059,1.7583
1.882,1.71,3.0983,1.7507
1.882,1.7151,3.0983,1.743
1.8769,1.7177,3.111,1.743
1.8693,1.7049,3.1136,1.7558
1.8769,1.7075,3.1059,1.7583
1.882,1.7126,3.1008,1.7507
1.8769,1.7177,3.1059,1.743
1.8667,1.7126,3.1136,1.7507
1.8744,1.7049,3.1059,1.7558
1.882,1.7126,3.0983,1.7507
1.8769,1.7202,3.1059,1.743
1.8693,1.7151,3.1136,1.7507
1.8744,1.7049,3.1059,1.7583
1.882,1.7126,3.1059,1.7507
1.8769,1.7228,3.1059,1.7507
1.8693,1.7151,3.111,1.7481
1.8769,1.7075,3.1059,1.7481
1.882,1.7126,3.1059,1.7507
1.8769,1.7202,3.1059,1.7507
1.8693,1.7126,3.1059,1.7507
1.8769,1.7075,3.1059,1.7558
1.882,1.7126,3.1008,1.7481
1.8769,1.7126,3.1059,1.743
1.8769,1.7126,3.1059,1.7507
1.8769,1.7151,3.1059,1.7507
1.8769,1.7126,3.1059,1.7507
1.8769,1.7126,3.1059,1.7481
1.8769,1.71,3.1059,1.7507
1.8769,1.7151,3.111,1.7481
1.8769,1.7075,3.1059,1.7507
1.882,1.7126,3.1034,1.7507
1.8769,1.7202,3.1059,1.743
1.8693,1.7177,3.111,1.7507
1.8718,1.7126,3.1136,1.7558
1.8769,1.7075,3.1059,1.7558
1.8769,1.7151,3.1008,1.7481
1.8769,1.7126,3.1059,1.743
1.8769,1.7228,3.1034,1.7481
1.8718,1.7126,3.111,1.7481
1.8769,1.7075,3.1059,1.7481
1.8846,1.7126,3.0983,1.7481
1.882,1.7177,3.1008,1.743
1.8718,1.7202,3.1136,1.7507
1.8718,1.7075,3.1136,1.7558
1.8769,1.7049,3.1059,1.7558
1.8846,1.7126,3.1008,1.7481
1.8846,1.7202,3.1008,1.7405
1.8718,1.7177,3.111,1.743
1.8718,1.7126,3.1136,1.7558
1.8769,1.7075,3.1059,1.7558
1.882,1.7126,3.1008,1.7481
1.8769,1.7228,3.1059,1.743
1.8769,1.7151,3.1059,1.7481
1.8718,1.7049,3.1136,1.7481
1.8769,1.7126,3.1059,1.7507
1.8769,1.7126,3.1085,1.7481
1.8769,1.7126,3.1059,1.7507
1.8693,1.7126,3.1136,1.7558
1.8769,1.7075,3.1085,1.7558
1.8795,1.7126,3.1008,1.743
1.8769,1.7202,3.1059,1.743
1.8693,1.7126,3.111,1.7507
1.8769,1.7075,3.1059,1.7558
1.882,1.7126,3.1034,1.7507
1.8769,1.7177,3.1059,1.743
1.8744,1.71,3.1059,1.7507
1.8744,1.7151,3.1059,1.7507
1.8744,1.7126,3.1059,1.7507
1.882,1.7126,3.1008,1.743
1.8769,1.7202,3.1059,1.743
1.8718,1.7202,3.111,1.7507
1.8693,1.7126,3.1059,1.7507
1.8769,1.7126,3.1059,1.7481
1.8846,1.7126,3.1008,1.7507
1.8769,1.7177,3.1059,1.7456
1.8693,1.7126,3.1136,1.7507
1.8718,1.7075,3.1136,1.7558
1.882,1.7075,3.1008,1.7558
1.8846,1.7202,3.0983,1.743
1.8693,1.7202,3.1136,1.743
1.8693,1.7075,3.111,1.7558
1.8846,1.7049,3.1059,1.7558
1.882,1.7202,3.1008,1.743
1.8744,1.7177,3.1136,1.7405
1.8693,1.7049,3.111,1.7558
1.8769,1.7126,3.1085,1.7481
1.8769,1.7126,3.1059,1.743
1.8693,1.7126,3.1136,1.7481
1.8769,1.7049,3.1085,1.7558
1.8846,1.7126,3.1008,1.7481
1.8769,1.7177,3.1059,1.7405
1.8693,1.7126,3.111,1.7532
1.8769,1.7049,3.1059,1.7532
1.882,1.7202,3.1008,1.743
1.8769,1.7202,3.1059,1.7405
1.8693,1.7126,3.111,1.7507
1.8769,1.7075,3.1059,1.7558
1.8846,1.7126,3.1008,1.7456
1.8744,1.7177,3.1136,1.743
1.8693,1.7075,3.1136,1.7558
1.8846,1.7075,3.1008,1.7583
1.8846,1.7177,3.1008,1.743
1.8718,1.7202,3.111,1.743
1.8718,1.7075,3.1136,1.7583
1.8795,1.7075,3.1059,1.7558
1.8846,1.7126,3.1008,1.7481
1.8795,1.7177,3.1059,1.743
1.8718,1.7126,3.111,1.7507
1.8769,1.7075,3.1059,1.7481
1.8846,1.7075,3.1008,1.7481
1.882,1.7202,3.1034,1.743
1.8718,1.7202,3.1085,1.743
1.8693,1.71,3.111,1.7456
1.8769,1.71,3.1059,1.7558
1.882,1.7126,3.1008,1.7481
1.8769,1.7202,3.1059,1.743
1.8693,1.7202,3.1136,1.7507
1.8718,1.7049,3.1136,1.7558
1.882,1.71,3.1059,1.7583
1.882,1.7126,3.1008,1.7405
1.8769,1.7126,3.1059,1.7507
1.8693,1.7126,3.1059,1.7481
1.8769,1.7049,3.1034,1.7532
1.882,1.7126,3.1008,1.743
1.8795,1.7202,3.1059,1.743
1.8718,1.71,3.1136,1.7481
1.8769,1.7126,3.1059,1.7558
1.8744,1.7126,3.1059,1.7507
1.8769,1.7126,3.1059,1.7481
1.8769,1.7126,3.1059,1.743
1.8693,1.7126,3.111,1.7558
1.8769,1.7075,3.1059,1.7481
1.8769,1.7151,3.1059,1.7481
1.8769,1.7126,3.1059,1.7481
1.8769,1.7126,3.1059,1.7558
1.882,1.7126,3.0957,1.7507
1.8769,1.7202,3.1059,1.743
1.8718,1.7049,3.1136,1.7558
1.8846,1.7049,3.1008,1.7558
1.8846,1.7202,3.1008,1.743
1.8693,1.7177,3.1136,1.7405
1.8718,1.7049,3.1136,1.7558
1.882,1.7024,3.1034,1.7507
1.882,1.7202,3.1008,1.7405
1.8693,1.7177,3.1161,1.7507
1.8769,1.7049,3.1059,1.7558
1.8846,1.7126,3.1008,1.7481
1.8769,1.7177,3.1059,1.743
1.8718,1.7126,3.1136,1.7507
1.8769,1.7075,3.1059,1.7558
1.8769,1.7126,3.1008,1.7481
1.8769,1.7202,3.1059,1.7481
1.8769,1.7126,3.1136,1.7481
1.8795,1.7126,3.1059,1.7507
1.8744,1.7126,3.1059,1.743
1.8769,1.7126,3.1059,1.7507
1.8744,1.7075,3.1059,1.7558
1.8846,1.7126,3.1008,1.7507
1.8769,1.7126,3.1059,1.7507
1.8769,1.7126,3.1034,1.7583
1.882,1.7126,3.1008,1.7507
1.8769,1.7202,3.1059,1.743
1.8693,1.7126,3.111,1.7481
1.8769,1.7075,3.1059,1.7558
1.882,1.7126,3.0983,1.743
1.8795,1.7202,3.1136,1.7405
1.8718,1.7126,3.1161,1.7507
1.8769,1.7049,3.1085,1.7507
1.8846,1.7177,3.1034,1.743
1.8769,1.7177,3.1059,1.7405
1.8718,1.71,3.1136,1.7481
1.8795,1.7049,3.1059,1.7507
1.8846,1.71,3.1008,1.7507
1.8795,1.7202,3.1059,1.743
1.8744,1.7126,3.111,1.7481
1.8769,1.7049,3.1059,1.7507
1.8846,1.7126,3.1008,1.7481
1.8769,1.7202,3.1059,1.743
1.8718,1.7126,3.1136,1.7456
1.8744,1.7049,3.1136,1.7558
1.8846,1.7049,3.1008,1.7456
1.8795,1.7177,3.1059,1.7405
1.8718,1.7126,3.1136,1.7456
1.8769,1.7024,3.1059,1.7507
1.8846,1.7126,3.1059,1.7481
1.882,1.7126,3.1059,1.7481
1.8795,1.7126,3.1085,1.7532
1.8871,1.7126,3.1008,1.7481
1.8795,1.7202,3.1085,1.7405
1.8744,1.7126,3.1136,1.7481
1.882,1.7049,3.1059,1.7532
1.8846,1.7126,3.1008,1.7481
1.882,1.7202,3.1136,1.7405
1.8744,1.7126,3.1161,1.7532
1.882,1.7075,3.1059,1.7456
1.8846,1.7126,3.1085,1.7405
1.882,1.7126,3.1059,1.743
1.882,1.7151,3.1085,1.7507
1.882,1.7126,3.1085,1.743
1.882,1.7126,3.1059,1.7456
1.8795,1.7126,3.1085,1.7481
1.882,1.7075,3.1085,1.7507
1.8897,1.7126,3.1034,1.7379
1.8769,1.7177,3.1136,1.7405
1.8769,1.7075,3.1136,1.7507
1.8871,1.7049,3.1034,1.7456
1.8871,1.7202,3.1008,1.7379
1.8769,1.7126,3.1136,1.7456
1.882,1.7075,3.1059,1.7532
1.8871,1.7075,3.1034,1.7481
1.8897,1.7177,3.1008,1.7379
1.8744,1.7202,3.1136,1.7379
1.8769,1.7126,3.1136,1.7507
1.882,1.7151,3.1059,1.7532
1.8871,1.7126,3.1008,1.7481
1.8871,1.7177,3.1008,1.7405
1.8744,1.7202,3.1136,1.7405
1.8744,1.7049,3.1136,1.7507
1.8871,1.7075,3.1034,1.7481
1.8871,1.7202,3.1008,1.7405
1.8744,1.7126,3.1161,1.7456
1.8795,1.7049,3.1085,1.7532
1.8795,1.7126,3.1008,1.7481
1.882,1.7126,3.1059,1.7481
1.8744,1.7126,3.1136,1.7456
1.8795,1.7126,3.1059,1.7456
1.8795,1.7126,3.1085,1.7456
1.882,1.7126,3.1085,1.7456
1.882,1.7126,3.1085,1.7481
1.8795,1.7075,3.1059,1.7456
1.882,1.7126,3.1085,1.7456
1.8795,1.7177,3.1085,1.7405
1.8744,1.7151,3.1136,1.7456
1.8744,1.7049,3.1136,1.7532
1.882,1.7075,3.0983,1.7532
1.8871,1.7126,3.1034,1.7456
1.882,1.7202,3.1085,1.7481
1.8769,1.7151,3.1161,1.7481
1.8744,1.7049,3.1161,1.7532
1.8795,1.7075,3.1034,1.7558
1.8846,1.7202,3.1034,1.7405
1.882,1.7177,3.1059,1.7405
1.8744,1.7126,3.1136,1.7456
1.882,1.7075,3.1059,1.7558
1.882,1.7126,3.1085,1.7481
1.8871,1.7126,3.1085,1.7481
1.8795,1.7177,3.1059,1.7507
1.8744,1.7126,3.1059,1.7456
1.882,1.7075,3.1059,1.7481
1.8871,1.7126,3.1034,1.7456
1.8846,1.7177,3.1008,1.7405
1.8744,1.7202,3.1161,1.7481
1.8718,1.7075,3.1161,1.7558
1.8795,1.7049,3.1059,1.7532
1.8871,1.7126,3.1008,1.7481
1.8795,1.7202,3.1161,1.7405
1.8744,1.7049,3.1161,1.7558
1.882,1.7049,3.1008,1.7507
1.8871,1.71,3.1034,1.743
1.8795,1.7202,3.1136,1.7405
1.8744,1.7049,3.1136,1.7532
1.8795,1.7075,3.1008,1.7558
1.8871,1.7202,3.1008,1.7405
1.8744,1.7202,3.1059,1.743
1.8718,1.7075,3.1161,1.7532
1.8795,1.7126,3.1059,1.7481
1.8795,1.7151,3.1059,1.7507
1.8769,1.7126,3.1059,1.7456
1.8718,1.7126,3.1136,1.7456
1.8795,1.7075,3.1085,1.7507
1.8795,1.7126,3.1034,1.7481
1.8795,1.7126,3.1059,1.7405
1.8744,1.7126,3.1136,1.7532
1.8795,1.7075,3.1059,1.7532
1.8871,1.7151,3.1085,1.7481
1.8769,1.7202,3.1059,1.7405
1.8795,1.7126,3.1085,1.7507
1.8795,1.7075,3.1059,1.7507
1.8795,1.7126,3.1059,1.7481
1.882,1.7126,3.1085,1.7558
1.8769,1.7075,3.1059,1.7558
1.882,1.7151,3.1008,1.7481
1.8718,1.7228,3.1059,1.743
1.8718,1.7126,3.1136,1.7558
1.8769,1.7126,3.1059,1.7481
1.8795,1.7126,3.1059,1.7507
1.8769,1.7126,3.1059,1.7507
1.8795,1.7126,3.1059,1.7558
1.8769,1.7126,3.1059,1.7507
1.8846,1.7126,3.1059,1.7507
1.8718,1.7202,3.1136,1.743
1.8718,1.7075,3.111,1.7558
1.8846,1.7075,3.1008,1.7507
1.882,1.7202,3.1008,1.7456
1.8718,1.7202,3.111,1.7507
1.8744,1.7049,3.1136,1.7583
1.8846,1.7049,3.1008,1.7507
1.8769,1.7202,3.1059,1.743
1.8769,1.7151,3.1059,1.7481
1.8769,1.7126,3.1059,1.7558
1.8769,1.7177,3.1059,1.7481
1.8744,1.7202,3.1059,1.743
1.8718,1.7126,3.111,1.7507
1.8769,1.7049,3.1059,1.7583
1.882,1.7126,3.0983,1.7507
1.8769,1.7177,3.1059,1.743
1.8693,1.7151,3.111,1.7507
1.8769,1.7075,3.1059,1.7558
1.8846,1.7126,3.1008,1.7507
1.8769,1.7202,3.1059,1.743
1.8718,1.7126,3.111,1.7507
1.8769,1.7075,3.1059,1.7558
1.8846,1.7126,3.1008,1.7481
1.8769,1.7177,3.1059,1.743
1.8693,1.7126,3.111,1.7583
