2.1777,1.6336,3.1442,1.8144
2.1675,1.6412,3.1467,1.8093
2.1701,1.6361,3.1493,1.817
2.1675,1.6361,3.1493,1.8246
2.1701,1.6361,3.1493,1.817
2.1701,1.6336,3.1493,1.8144
2.1726,1.6387,3.1518,1.8144
2.1675,1.6336,3.1493,1.817
2.1726,1.6285,3.1493,1.8246
2.1777,1.6361,3.1442,1.8144
2.1726,1.6387,3.1493,1.8093
2.1675,1.6361,3.1544,1.8144
2.1701,1.6361,3.1493,1.8221
2.1701,1.6336,3.1493,1.8144
2.1701,1.6361,3.1493,1.8093
2.165,1.6361,3.1544,1.817
2.1701,1.631,3.1493,1.8221
2.1777,1.6336,3.1442,1.817
2.1701,1.6412,3.1493,1.8068
2.1624,1.6336,3.1544,1.8144
2.1675,1.6285,3.1493,1.8221
2.1777,1.631,3.1442,1.817
2.1777,1.6412,3.1416,1.8093
2.1701,1.631,3.1493,1.8144
2.1701,1.6361,3.1467,1.8221
2.1701,1.6361,3.1493,1.817
2.1752,1.6361,3.1442,1.817
2.1701,1.6412,3.1493,1.8195
2.1675,1.6336,3.1467,1.817
2.1675,1.6361,3.1493,1.817
2.1701,1.6361,3.1467,1.817
2.1701,1.6361,3.1493,1.817
2.1675,1.6361,3.1467,1.8221
2.1701,1.6361,3.1493,1.817
2.1701,1.6412,3.1467,1.8119
2.165,1.6336,3.1569,1.8221
2.1701,1.6285,3.1493,1.8221
2.1777,1.6361,3.1416,1.8093
2.1701,1.6438,3.1544,1.8093
2.165,1.6285,3.1569,1.8221
2.1752,1.6361,3.1416,1.817
2.1701,1.6412,3.1493,1.817
2.1701,1.6361,3.1569,1.8144
2.1701,1.6285,3.1493,1.817
2.1752,1.6361,3.1442,1.8144
2.1701,1.6361,3.1493,1.8144
2.1624,1.6336,3.1569,1.817
2.1701,1.6361,3.1518,1.8221
2.1752,1.6336,3.1416,1.8144
2.1675,1.6412,3.1493,1.817
2.1624,1.6361,3.1544,1.817
2.1701,1.6361,3.1493,1.8144
2.1726,1.6361,3.1442,1.8144
2.1675,1.6412,3.1467,1.817
2.1675,1.6387,3.1544,1.817
2.1675,1.6361,3.1493,1.8221
2.1752,1.6387,3.1442,1.8093
2.1624,1.6438,3.1569,1.817
2.1599,1.6285,3.1493,1.8221
2.1726,1.6361,3.1442,1.817
2.1675,1.6412,3.1467,1.817
2.1675,1.6361,3.1493,1.817
2.1675,1.6336,3.1442,1.8195
2.1701,1.6412,3.1493,1.8119
2.1624,1.6361,3.1544,1.817
2.1701,1.6285,3.1493,1.8221
2.1726,1.6336,3.1467,1.8119
2.1675,1.6412,3.1493,1.8093
2.1701,1.6361,3.1467,1.8246
2.1752,1.6361,3.1442,1.8195
2.165,1.6412,3.1569,1.8119
2.1599,1.6336,3.1544,1.8221
2.1675,1.6285,3.1493,1.8221
2.1726,1.6412,3.1416,1.8119
2.1675,1.6412,3.1569,1.8119
2.1599,1.631,3.1544,1.8246
2.1726,1.6285,3.1493,1.8221
2.1726,1.6361,3.1416,1.8119
2.1675,1.6412,3.1493,1.817
2.1599,1.6361,3.1544,1.8195
2.1675,1.6285,3.1467,1.8246
2.1726,1.6361,3.1442,1.8195
2.1726,1.6412,3.1442,1.8119
2.1599,1.6412,3.1544,1.817
2.1624,1.631,3.1544,1.8221
2.1726,1.631,3.1416,1.8195
2.1726,1.6361,3.1518,1.8119
2.165,1.6438,3.1544,1.8195
2.1599,1.6361,3.1493,1.8195
2.1675,1.631,3.1467,1.8195
2.1726,1.6361,3.1442,1.8119
2.1675,1.6387,3.1493,1.8119
2.1675,1.6336,3.1493,1.8195
2.1573,1.6259,3.1544,1.8246
2.1624,1.631,3.1493,1.8246
2.1701,1.6361,3.1416,1.8195
2.165,1.6438,3.1493,1.8093
2.1599,1.6361,3.1544,1.8195
2.1599,1.631,3.1544,1.8246
2.1726,1.6285,3.1467,1.8195
2.1624,1.6361,3.1416,1.8195
2.1624,1.6412,3.1493,1.8119
2.1573,1.6361,3.1569,1.8195
2.1624,1.6285,3.1493,1.8272
2.1701,1.6336,3.1416,1.8195
2.1624,1.6438,3.1493,1.8144
2.1573,1.6336,3.1544,1.8195
2.1624,1.6336,3.1493,1.8272
2.1701,1.6361,3.1467,1.8195
2.165,1.6412,3.1467,1.8195
2.1573,1.6361,3.1569,1.8195
2.1675,1.6361,3.1493,1.8195
2.1701,1.6361,3.1467,1.8195
2.165,1.6361,3.1467,1.817
2.1624,1.6336,3.1493,1.8195
2.1624,1.6336,3.1493,1.8195
2.1624,1.6361,3.1467,1.8119
2.1624,1.6361,3.1493,1.8195
2.1624,1.6361,3.1493,1.8272
2.1726,1.6336,3.1442,1.8195
2.1726,1.6412,3.1493,1.8119
2.1573,1.6412,3.1544,1.8119
2.1573,1.631,3.1544,1.8272
2.1624,1.631,3.1467,1.8246
2.1675,1.6336,3.1416,1.8195
2.165,1.6412,3.1493,1.8144
2.1573,1.6336,3.1544,1.8195
2.1624,1.6285,3.1467,1.8246
2.1701,1.6361,3.1416,1.8221
2.165,1.6412,3.1493,1.8119
2.1599,1.6336,3.1544,1.8195
2.1624,1.631,3.1467,1.8246
2.1701,1.6361,3.1416,1.8195
2.165,1.6412,3.1493,1.8119
2.1599,1.6361,3.1569,1.817
2.1624,1.6285,3.1493,1.8195
2.1701,1.6361,3.1416,1.817
2.165,1.6412,3.1493,1.8119
2.1599,1.6336,3.1569,1.817
2.165,1.6285,3.1493,1.8246
2.1726,1.6361,3.1416,1.8195
2.165,1.6361,3.1467,1.8144
2.1599,1.6361,3.1544,1.8195
2.1624,1.6285,3.1493,1.8272
2.1701,1.6361,3.1442,1.8195
2.165,1.6438,3.1467,1.8195
2.1624,1.6387,3.1493,1.817
2.165,1.631,3.1442,1.8195
2.165,1.6412,3.1467,1.8093
2.1599,1.6361,3.1544,1.817
2.1624,1.631,3.1493,1.8246
2.1701,1.6336,3.1442,1.8195
2.1624,1.6412,3.1467,1.8144
2.1599,1.6361,3.1544,1.8246
2.1701,1.631,3.1467,1.8221
2.1624,1.6387,3.1493,1.8195
2.1624,1.6361,3.1467,1.8195
2.1624,1.6361,3.1493,1.8246
2.1624,1.6285,3.1442,1.8195
2.165,1.6438,3.1467,1.8119
2.1573,1.6361,3.1493,1.8195
2.1624,1.631,3.1493,1.8195
2.165,1.6361,3.1416,1.8195
2.1675,1.6361,3.1493,1.8195
2.1624,1.6285,3.1493,1.8246
2.1675,1.6361,3.1416,1.8119
2.1624,1.6412,3.1569,1.8144
2.1573,1.6285,3.1544,1.8272
2.1701,1.6336,3.1416,1.8221
2.1624,1.6438,3.1493,1.817
2.1573,1.6361,3.1544,1.8195
2.1624,1.6285,3.1493,1.8272
2.1624,1.6361,3.1493,1.8221
2.1624,1.6336,3.1467,1.8221
2.1624,1.6361,3.1467,1.8195
2.1599,1.631,3.1467,1.8272
2.1675,1.6336,3.1467,1.8195
2.1548,1.6361,3.1544,1.8195
2.1675,1.631,3.1493,1.8272
2.1701,1.6336,3.1442,1.8119
2.1548,1.6387,3.1544,1.8144
2.1522,1.6285,3.1544,1.8272
2.1675,1.6361,3.1416,1.8221
2.1624,1.6412,3.1467,1.8195
2.1573,1.6361,3.1493,1.8195
2.1599,1.6361,3.1493,1.8221
2.1599,1.6361,3.1467,1.8144
2.1599,1.6361,3.1467,1.8195
2.1599,1.631,3.1467,1.8246
2.1675,1.6361,3.1416,1.8195
2.1599,1.6412,3.1467,1.8221
2.1522,1.6336,3.1544,1.8195
2.1599,1.6259,3.1493,1.8272
2.1675,1.6336,3.1467,1.8221
2.1599,1.6361,3.1493,1.8195
2.1599,1.6361,3.1493,1.8297
2.1573,1.6361,3.1493,1.8221
2.1599,1.6412,3.1493,1.8144
2.1522,1.631,3.1569,1.8195
2.1599,1.6285,3.1493,1.8272
2.165,1.6361,3.1416,1.8221
2.1599,1.6387,3.1493,1.8221
2.1599,1.6336,3.1467,1.8195
2.1573,1.6361,3.1467,1.8195
2.1573,1.6412,3.1493,1.8144
2.1522,1.6336,3.1569,1.8221
2.1599,1.6285,3.1493,1.8297
2.1675,1.6336,3.1442,1.8144
2.1522,1.6412,3.1467,1.8119
2.1548,1.6361,3.1493,1.8221
2.1599,1.6285,3.1467,1.8221
2.1675,1.6336,3.1416,1.8195
2.1599,1.6412,3.1493,1.8144
2.1548,1.6336,3.1569,1.8221
2.1599,1.6285,3.1493,1.8272
2.165,1.6361,3.1442,1.8195
2.1624,1.6412,3.1493,1.8119
2.1522,1.6412,3.1544,1.8195
2.1522,1.631,3.1544,1.8246
2.1675,1.6285,3.1442,1.8272
2.165,1.6412,3.1442,1.8119
2.1522,1.6387,3.1493,1.817
2.1548,1.6285,3.1544,1.8297
2.165,1.631,3.1493,1.8246
2.1599,1.6361,3.1493,1.8221
2.1599,1.6361,3.1493,1.8144
2.1522,1.6285,3.1544,1.8297
2.1675,1.631,3.1442,1.8297
2.1675,1.6336,3.1493,1.8195
2.1599,1.6361,3.1493,1.8195
2.1624,1.6361,3.1467,1.8272
2.1624,1.6387,3.1493,1.8195
2.1624,1.6361,3.1467,1.8119
2.1599,1.6361,3.1467,1.8221
2.1624,1.6361,3.1493,1.8221
2.1599,1.6336,3.1467,1.8195
2.1675,1.6361,3.1442,1.8195
2.1599,1.6412,3.1493,1.8195
2.1599,1.6361,3.1544,1.8195
2.1599,1.6361,3.1493,1.8221
2.1599,1.6336,3.1442,1.8119
2.1548,1.6412,3.1518,1.8195
2.1522,1.6285,3.1544,1.8272
2.1675,1.631,3.1442,1.8195
2.1599,1.6387,3.1493,1.8144
2.1522,1.6336,3.1493,1.8195
2.1599,1.6285,3.1493,1.8195
2.1624,1.6361,3.1442,1.8195
2.1599,1.6336,3.1493,1.8195
2.1548,1.6285,3.1544,1.8272
2.1675,1.6285,3.1416,1.8221
2.1675,1.6387,3.1416,1.8144
2.1522,1.6412,3.1544,1.8144
2.1548,1.6285,3.1544,1.8272
2.1675,1.631,3.1416,1.8221
2.1675,1.6412,3.1416,1.817
2.1548,1.6412,3.1544,1.817
2.1548,1.631,3.1544,1.8272
2.1675,1.6285,3.1442,1.8297
2.1675,1.6361,3.1416,1.8221
2.1599,1.6361,3.1467,1.8195
2.1599,1.6361,3.1544,1.8221
2.1599,1.631,3.1493,1.8221
2.1675,1.6361,3.1442,1.8221
2.1624,1.6438,3.1467,1.8144
2.1522,1.6412,3.1569,1.8221
2.1522,1.6285,3.1569,1.8297
2.1675,1.6285,3.1442,1.8221
2.165,1.6336,3.1442,1.817
2.1548,1.6412,3.1467,1.817
2.1522,1.6285,3.1569,1.8272
2.1599,1.6285,3.1467,1.8297
2.165,1.6361,3.1416,1.8246
2.1599,1.6412,3.1467,1.817
2.1522,1.6361,3.1544,1.8221
2.1624,1.6285,3.1467,1.8297
2.165,1.6361,3.1416,1.8221
2.1599,1.6412,3.1467,1.817
2.1548,1.6387,3.1544,1.8221
2.1599,1.631,3.1493,1.8221
2.1675,1.6361,3.1493,1.8221
2.1599,1.6336,3.1493,1.8221
2.1624,1.6361,3.1467,1.8272
2.1624,1.6361,3.1467,1.8221
2.1573,1.6361,3.1467,1.8144
2.1599,1.6361,3.1493,1.8221
2.1599,1.631,3.1493,1.8272
2.1675,1.6336,3.1416,1.8221
2.1675,1.6438,3.1416,1.8144
2.1548,1.6412,3.1569,1.8221
2.1522,1.631,3.1569,1.8272
2.1675,1.631,3.1416,1.8221
2.1675,1.6361,3.1493,1.8221
2.1624,1.6361,3.1493,1.8195
2.1624,1.6361,3.1467,1.8221
2.1624,1.631,3.1493,1.8221
2.1624,1.6361,3.1467,1.8221
2.1624,1.6361,3.1493,1.8195
2.1599,1.6361,3.1493,1.8246
2.1624,1.6387,3.1467,1.8195
2.1599,1.6361,3.1493,1.8221
2.1624,1.6412,3.1467,1.817
2.1548,1.6361,3.1544,1.8221
2.1624,1.631,3.1493,1.8297
2.1675,1.6361,3.1416,1.8221
2.1599,1.6438,3.1467,1.8144
2.1548,1.6361,3.1493,1.8221
2.1599,1.6361,3.1467,1.8221
2.1599,1.6361,3.1467,1.817
2.1548,1.6387,3.1569,1.8221
2.1624,1.631,3.1493,1.8297
2.1701,1.6336,3.1442,1.8221
2.165,1.6438,3.1544,1.8144
2.1573,1.631,3.1569,1.8246
2.1624,1.631,3.1442,1.8272
2.1675,1.6412,3.1416,1.817
2.1548,1.6412,3.1569,1.8144
2.1548,1.631,3.1569,1.8272
2.1675,1.6285,3.1416,1.8221
2.1701,1.6438,3.1442,1.8144
2.1624,1.6412,3.1544,1.8144
2.1573,1.631,3.1544,1.8272
2.1675,1.6285,3.1416,1.8195
2.1675,1.6438,3.1442,1.8144
2.1522,1.6438,3.1544,1.8195
2.1573,1.631,3.1569,1.8246
2.1675,1.6285,3.1442,1.8246
2.1701,1.6412,3.1442,1.8119
2.1573,1.6361,3.1544,1.8195
2.1624,1.631,3.1467,1.8221
2.1624,1.6361,3.1493,1.8119
2.1573,1.6361,3.1544,1.8195
2.1624,1.631,3.1493,1.8246
2.1701,1.6387,3.1416,1.8144
2.1624,1.6438,3.1544,1.8144
2.1573,1.631,3.1569,1.8272
2.1701,1.631,3.1416,1.8221
2.165,1.6412,3.1518,1.8119
2.1573,1.6361,3.1493,1.8195
2.1624,1.631,3.1493,1.8221
2.1701,1.6361,3.1442,1.8195
2.1624,1.6387,3.1467,1.8144
2.1573,1.6361,3.1569,1.8195
2.1675,1.631,3.1467,1.8272
2.1701,1.6361,3.1416,1.8195
2.1624,1.6412,3.1493,1.8195
2.1624,1.6361,3.1467,1.817
2.1624,1.6361,3.1493,1.8221
2.1624,1.6361,3.1467,1.8195
2.1624,1.6387,3.1493,1.8195
2.1624,1.6361,3.1467,1.8195
2.165,1.6361,3.1493,1.8195
2.1701,1.6361,3.1467,1.8195
2.1624,1.6361,3.1467,1.8195
2.1624,1.6361,3.1493,1.8195
2.165,1.631,3.1467,1.8195
2.1701,1.6361,3.1416,1.8195
2.1624,1.6412,3.1493,1.8195
2.1599,1.6361,3.1544,1.8221
2.1624,1.6361,3.1493,1.8246
2.1701,1.6361,3.1467,1.8195
2.1599,1.6412,3.1493,1.8195
2.1573,1.6361,3.1569,1.8195
2.165,1.631,3.1467,1.8246
2.1701,1.6361,3.1442,1.817
2.165,1.6412,3.1493,1.8144
2.1599,1.6412,3.1569,1.8195
2.1599,1.6285,3.1569,1.8246
2.165,1.6285,3.1467,1.8195
2.1726,1.6361,3.1416,1.8195
2.1726,1.6412,3.1442,1.8119
2.1675,1.631,3.1493,1.8195
2.1675,1.6361,3.1493,1.817
2.165,1.6285,3.1467,1.8272
2.1726,1.6361,3.1442,1.817
2.1675,1.6412,3.1467,1.8119
2.1599,1.6361,3.1569,1.817
2.165,1.6285,3.1493,1.8221
2.1726,1.6336,3.1442,1.817
2.1675,1.6412,3.1467,1.8093
2.1599,1.6361,3.1569,1.8195
2.1701,1.631,3.1467,1.8246
2.1726,1.6361,3.1416,1.8093
2.1675,1.6412,3.1493,1.8093
2.1599,1.6285,3.1569,1.8221
2.1675,1.631,3.1467,1.8246
2.1752,1.6361,3.1442,1.8093
2.1675,1.6412,3.1544,1.8093
2.1624,1.631,3.1544,1.8221
2.1752,1.6285,3.1416,1.8221
2.1752,1.6412,3.1416,1.8093
2.1624,1.6412,3.1569,1.817
2.1675,1.6285,3.1544,1.8246
2.1726,1.631,3.1442,1.8221
2.1726,1.6438,3.1416,1.8119
2.1624,1.6438,3.1544,1.8119
2.1624,1.6361,3.1544,1.8246
2.165,1.6285,3.1467,1.8221
2.1752,1.6412,3.1416,1.8119
2.1675,1.6412,3.1493,1.8119
2.1624,1.6361,3.1544,1.817
2.1675,1.631,3.1493,1.8195
2.1726,1.6361,3.1416,1.8119
2.1675,1.6412,3.1467,1.8119
2.1624,1.6336,3.1544,1.817
2.1675,1.631,3.1493,1.8221
2.1752,1.6361,3.1416,1.817
2.1675,1.6361,3.1493,1.8093
2.1701,1.6336,3.1467,1.817
2.1675,1.6361,3.1544,1.817
2.1701,1.6285,3.1493,1.817
2.1726,1.6361,3.1442,1.817
2.1701,1.6412,3.1467,1.8119
2.1624,1.6387,3.1493,1.817
2.1675,1.6285,3.1493,1.8195
2.1752,1.6336,3.1442,1.817
2.1675,1.6412,3.1467,1.8093
2.1624,1.6438,3.1569,1.817
2.1624,1.6285,3.1544,1.8221
2.1726,1.6285,3.1442,1.817
2.1726,1.6412,3.1442,1.8093
2.1701,1.6438,3.1569,1.8093
2.1624,1.6361,3.1544,1.8246
2.1752,1.631,3.1416,1.8221
2.1675,1.6361,3.1467,1.8144
2.1701,1.6412,3.1467,1.817
2.1701,1.6361,3.1467,1.817
2.1675,1.6336,3.1467,1.817
2.1752,1.6361,3.1467,1.817
2.1726,1.6336,3.1467,1.8144
2.1701,1.6361,3.1467,1.8221
2.1777,1.6336,3.1442,1.817
2.1624,1.6412,3.1467,1.8119
2.1624,1.6336,3.1544,1.8221
2.1701,1.631,3.1493,1.8221
2.1777,1.6412,3.1442,1.8093
2.1701,1.6412,3.1544,1.8093
2.165,1.6285,3.1569,1.8195
2.1777,1.6285,3.1442,1.817
2.1777,1.6412,3.1442,1.8093
2.1624,1.6412,3.1544,1.8144
2.165,1.631,3.1569,1.8221
2.1752,1.6285,3.1442,1.8119
2.1752,1.6438,3.1416,1.817
2.1726,1.6361,3.1467,1.817
2.1624,1.631,3.1544,1.8221
2.1777,1.6285,3.1416,1.817
2.1752,1.6412,3.1442,1.8093
2.165,1.6412,3.1569,1.817
2.165,1.631,3.1569,1.8221
2.1777,1.631,3.1493,1.8144
2.1701,1.6361,3.1467,1.8144
2.1701,1.6361,3.1493,1.817
2.1701,1.6336,3.1493,1.8221
2.1752,1.6285,3.1416,1.817
2.1777,1.6412,3.1467,1.8093
2.165,1.6361,3.1569,1.817
2.1701,1.631,3.1493,1.8221
2.1701,1.6361,3.1467,1.817
2.1701,1.6336,3.1518,1.8093
2.165,1.6336,3.1544,1.817
2.1701,1.6285,3.1467,1.8246
2.1752,1.631,3.1416,1.8195
2.1752,1.6438,3.1442,1.8093
2.1624,1.6412,3.1467,1.8093
2.1675,1.6361,3.1544,1.817
2.1701,1.631,3.1493,1.817
2.1752,1.6361,3.1416,1.817
2.1701,1.6412,3.1467,1.8093
2.1624,1.6438,3.1569,1.8144
2.1624,1.6285,3.1544,1.8221
2.1701,1.631,3.1493,1.8221
2.1777,1.6361,3.1442,1.8195
2.1726,1.6412,3.1493,1.8093
2.165,1.6361,3.1569,1.817
2.1624,1.6285,3.1493,1.8221
2.1752,1.631,3.1442,1.817
2.1701,1.6336,3.1493,1.817
2.1701,1.6412,3.1518,1.8119
2.1701,1.6361,3.1493,1.817
2.1726,1.6361,3.1493,1.8144
2.1726,1.6438,3.1493,1.8093
2.165,1.6361,3.1569,1.8221
2.1726,1.6285,3.1493,1.8221
2.1803,1.6438,3.1442,1.8093
2.1726,1.6361,3.1493,1.817
2.1726,1.6387,3.1493,1.8221
2.1701,1.631,3.1442,1.817
2.1777,1.6412,3.1442,1.8093
2.165,1.6412,3.1569,1.817
2.1726,1.631,3.1467,1.8221
2.1803,1.6387,3.1442,1.8144
2.1726,1.6412,3.1493,1.8093
2.165,1.6285,3.1569,1.8195
2.1726,1.6259,3.1442,1.8221
2.1803,1.6412,3.1442,1.8093
2.1675,1.6412,3.1569,1.8144
2.165,1.631,3.1544,1.8221
2.1726,1.6361,3.1518,1.8119
2.1777,1.6361,3.1442,1.817
