0.9057,1.7253,2.6956,1.3911
0.90825,1.7304,2.693,1.3911
0.90825,1.7304,2.6981,1.3911
0.90825,1.733,2.6981,1.3911
0.90825,1.7304,2.6956,1.3886
0.90825,1.7304,2.6981,1.3835
0.90825,1.733,2.6956,1.3911
0.90825,1.733,2.6981,1.3911
0.9108,1.7228,2.6981,1.3962
0.91334,1.7304,2.693,1.3886
0.90825,1.7381,2.6981,1.3835
0.9006,1.7253,2.7058,1.3962
0.91334,1.7253,2.6981,1.3911
0.91334,1.7381,2.693,1.3835
0.9006,1.733,2.7032,1.3886
0.90825,1.7253,2.6981,1.3962
0.91334,1.7304,2.6905,1.386
0.90825,1.7355,2.6981,1.386
0.90315,1.7304,2.7032,1.3911
0.90825,1.7253,2.6956,1.3886
0.91334,1.7304,2.6981,1.3911
0.90825,1.7304,2.6981,1.3911
0.90825,1.7304,2.6981,1.3911
0.90825,1.7304,2.6956,1.3911
0.9057,1.7304,2.6981,1.3886
0.90825,1.7381,2.6981,1.3911
0.90315,1.7304,2.7032,1.3911
0.90825,1.7253,2.6981,1.3937
0.9108,1.7304,2.693,1.3911
0.90825,1.7381,2.6981,1.3835
0.89805,1.7304,2.7032,1.3937
0.9057,1.7253,2.6956,1.3911
0.91334,1.733,2.693,1.3937
0.90825,1.7381,2.6956,1.386
0.90315,1.7304,2.7032,1.3962
0.90825,1.7228,2.6981,1.3962
0.90825,1.7304,2.6905,1.3911
0.91589,1.7355,2.693,1.386
0.9006,1.7381,2.7058,1.3911
0.9006,1.7228,2.7058,1.3988
0.91334,1.7228,2.6981,1.3962
0.91589,1.7304,2.693,1.3886
0.90825,1.7304,2.6956,1.3937
0.90825,1.7381,2.6981,1.3911
0.90315,1.733,2.7032,1.3988
0.90825,1.7228,2.6981,1.3962
0.91334,1.7279,2.6905,1.3911
0.90825,1.7355,2.6981,1.386
0.9006,1.7304,2.7032,1.3911
0.9057,1.7304,2.6981,1.3988
0.9057,1.7304,2.6981,1.3937
0.9057,1.733,2.6905,1.3911
0.9057,1.7304,2.6956,1.3937
0.9006,1.7304,2.7032,1.3911
0.9057,1.7253,2.6981,1.3937
0.91334,1.7228,2.6905,1.3911
0.91589,1.7381,2.6905,1.3835
0.90825,1.7381,2.7032,1.386
0.9006,1.7253,2.7032,1.3962
0.90825,1.7228,2.6981,1.3988
0.91334,1.7304,2.693,1.3911
0.90825,1.733,2.6981,1.386
0.90825,1.733,2.6981,1.3911
0.90825,1.7304,2.6981,1.3911
0.90825,1.7253,2.6981,1.3911
0.91334,1.7304,2.6905,1.386
0.90825,1.7406,2.6981,1.3835
0.9006,1.733,2.7032,1.3911
0.9006,1.7253,2.7032,1.3962
0.9057,1.7253,2.693,1.3988
0.91334,1.7304,2.693,1.386
0.90825,1.7355,2.7007,1.386
0.90315,1.7381,2.7032,1.3911
0.9006,1.7228,2.7032,1.3962
0.9057,1.7253,2.6956,1.3962
0.91334,1.7304,2.693,1.3911
0.90825,1.7381,2.6956,1.386
0.9006,1.7304,2.7032,1.3911
0.90825,1.7304,2.6981,1.3988
0.9057,1.7304,2.6981,1.3911
0.90825,1.7304,2.6956,1.3886
0.9057,1.7304,2.6981,1.3911
0.9057,1.7304,2.6956,1.3962
0.90825,1.7304,2.6981,1.3911
0.90825,1.7304,2.6981,1.3835
0.90825,1.7304,2.6956,1.3911
0.9006,1.7304,2.6981,1.3911
0.90825,1.7253,2.6981,1.3911
0.91334,1.7304,2.6879,1.3937
0.90825,1.7381,2.6981,1.386
0.90315,1.7381,2.7058,1.3886
0.89805,1.7228,2.7032,1.3988
0.9057,1.7253,2.6981,1.3962
0.91334,1.7304,2.693,1.386
0.90315,1.7381,2.6981,1.3911
0.9006,1.7304,2.7032,1.3911
0.9006,1.7253,2.6981,1.3962
0.91334,1.7253,2.6905,1.3937
0.91334,1.7381,2.693,1.3835
0.9057,1.7381,2.6981,1.3886
0.90315,1.7304,2.7032,1.3962
0.90825,1.7228,2.6981,1.3962
0.90825,1.733,2.6981,1.3911
0.90825,1.7304,2.6981,1.3911
0.90825,1.7381,2.7058,1.3911
0.89805,1.7228,2.7032,1.3962
0.9057,1.7228,2.7007,1.3937
0.9108,1.7304,2.693,1.386
0.9057,1.7355,2.6981,1.386
0.9006,1.7304,2.7058,1.3937
0.9057,1.7228,2.6981,1.3988
0.9108,1.7304,2.6905,1.3911
0.90825,1.7381,2.6956,1.3911
0.9006,1.7304,2.7032,1.3911
0.90825,1.7253,2.6981,1.3988
0.91334,1.7279,2.693,1.3911
0.91334,1.7381,2.693,1.3835
0.90315,1.7381,2.7058,1.3835
0.9006,1.733,2.7032,1.3911
0.9057,1.7304,2.6981,1.3962
0.91334,1.7304,2.693,1.3911
0.91334,1.7381,2.6905,1.3835
0.9006,1.7381,2.7058,1.3911
0.90315,1.7253,2.7032,1.3988
0.91334,1.7253,2.6905,1.3962
0.91334,1.7304,2.693,1.3835
0.90825,1.7381,2.6981,1.3886
0.90315,1.733,2.7058,1.3937
0.90825,1.7228,2.6981,1.3988
0.91334,1.7228,2.693,1.3911
0.91334,1.7304,2.693,1.386
0.9057,1.7381,2.6981,1.386
0.9006,1.733,2.7058,1.3962
0.9057,1.7253,2.6981,1.3962
0.90825,1.7304,2.6956,1.3886
0.91334,1.7304,2.6981,1.3937
0.90825,1.7355,2.6956,1.3886
0.90825,1.7304,2.6981,1.3911
0.9057,1.7228,2.6981,1.3911
0.91589,1.7304,2.6905,1.3937
0.9108,1.7381,2.6905,1.3835
0.9006,1.7381,2.7032,1.3911
0.89805,1.7228,2.7032,1.3962
0.91334,1.7253,2.6981,1.3962
0.91334,1.7381,2.693,1.3835
0.9057,1.7381,2.6981,1.3835
0.9006,1.7304,2.7032,1.3962
0.90825,1.7253,2.6981,1.3962
0.91334,1.7304,2.6956,1.3835
0.90825,1.7381,2.6981,1.3835
0.9006,1.7228,2.7058,1.3962
0.91334,1.7228,2.6981,1.3911
0.90825,1.7304,2.6981,1.3835
0.9006,1.7304,2.7058,1.3911
0.90825,1.7228,2.6956,1.3988
0.91334,1.7304,2.693,1.3911
0.90825,1.7304,2.6981,1.3911
0.90825,1.7304,2.6981,1.3886
0.90825,1.733,2.6981,1.3911
0.90825,1.7304,2.6956,1.386
0.90825,1.7355,2.7032,1.3911
0.9057,1.7253,2.6981,1.3911
0.9108,1.733,2.6905,1.3911
0.90825,1.7381,2.6956,1.386
0.9057,1.7304,2.6981,1.3911
0.90825,1.7304,2.6981,1.3911
0.9057,1.733,2.6905,1.386
0.9006,1.7381,2.7032,1.3911
0.90825,1.7228,2.6956,1.3962
0.9108,1.7304,2.693,1.386
0.9057,1.7381,2.6956,1.3911
0.90315,1.733,2.7058,1.3911
0.90825,1.7304,2.6981,1.3937
0.90825,1.7381,2.6981,1.3937
0.90315,1.7304,2.7032,1.3911
0.90825,1.7253,2.6905,1.3988
0.91589,1.7381,2.6905,1.3835
0.90315,1.7304,2.7032,1.3937
0.90825,1.7279,2.6981,1.3911
0.90825,1.7304,2.693,1.3937
0.9057,1.7304,2.6956,1.3911
0.90825,1.733,2.6981,1.3962
0.90825,1.7279,2.6981,1.3911
0.9057,1.7381,2.6981,1.3835
0.90315,1.733,2.7058,1.3886
0.90825,1.733,2.6981,1.3911
0.90825,1.7304,2.6956,1.386
0.9057,1.7355,2.7007,1.3911
0.9057,1.7253,2.6956,1.3962
0.91334,1.7304,2.693,1.3835
0.90825,1.7381,2.6981,1.386
0.9006,1.7253,2.7007,1.3962
0.91334,1.7253,2.693,1.3937
0.90825,1.7381,2.6981,1.386
0.90315,1.7304,2.7032,1.3911
0.90825,1.7304,2.6981,1.3911
0.90825,1.7304,2.6981,1.3911
0.9057,1.7381,2.7007,1.3835
0.90825,1.7304,2.6956,1.3988
0.91334,1.733,2.6905,1.3911
0.90825,1.7381,2.6956,1.3911
0.9006,1.7304,2.7032,1.3911
0.90825,1.7304,2.6981,1.3911
0.9057,1.7381,2.6981,1.3835
0.9006,1.7304,2.7032,1.3911
0.90825,1.7304,2.6981,1.3911
0.9057,1.7304,2.6956,1.386
0.90315,1.7304,2.7032,1.3886
0.9057,1.7253,2.6981,1.3911
0.91589,1.7304,2.6981,1.3911
0.90825,1.7355,2.7032,1.3886
0.90825,1.7279,2.6981,1.3911
0.9108,1.7304,2.6905,1.3911
0.90825,1.7381,2.6981,1.3911
0.90825,1.7304,2.6981,1.3937
0.90825,1.7304,2.6956,1.3911
0.90825,1.733,2.6981,1.3835
0.90825,1.733,2.6956,1.3911
0.90825,1.7355,2.6981,1.3962
0.9057,1.7304,2.6981,1.3911
0.9057,1.733,2.6981,1.386
0.90825,1.7304,2.6981,1.3911
0.9057,1.7304,2.6956,1.3962
0.90825,1.7253,2.6981,1.3911
0.90825,1.7304,2.6905,1.3911
0.90315,1.7381,2.6981,1.3835
0.89805,1.733,2.7032,1.3988
0.91589,1.7253,2.6956,1.3962
0.91334,1.733,2.693,1.3911
0.9057,1.7381,2.6981,1.3911
0.90315,1.7304,2.7058,1.3911
0.9057,1.7228,2.6981,1.3962
0.91334,1.7304,2.693,1.3809
0.90825,1.7355,2.6956,1.3835
0.90315,1.7304,2.7007,1.3911
0.90825,1.7228,2.6956,1.3962
0.91334,1.7304,2.693,1.3911
0.90825,1.7381,2.6981,1.3886
0.90825,1.7304,2.6981,1.3911
0.91589,1.7253,2.6956,1.3962
0.91334,1.7304,2.6905,1.3937
0.9057,1.733,2.6956,1.3911
0.90825,1.7304,2.6956,1.3962
0.90825,1.7304,2.6981,1.3911
0.90825,1.7304,2.6981,1.386
0.9057,1.7304,2.6981,1.3886
0.90825,1.733,2.6981,1.3962
0.90825,1.7304,2.6956,1.3911
0.90825,1.733,2.6905,1.3835
0.90315,1.7381,2.7032,1.3911
0.90315,1.7253,2.7007,1.3962
0.90825,1.7304,2.6981,1.3937
0.90825,1.7279,2.6981,1.3911
0.90825,1.7304,2.6981,1.3911
0.9057,1.733,2.6956,1.3886
0.90825,1.7228,2.6956,1.3911
0.9057,1.7304,2.693,1.3911
0.90825,1.7304,2.6981,1.386
0.90315,1.7253,2.7058,1.3962
0.91334,1.7228,2.6905,1.3988
0.91334,1.733,2.6879,1.3835
0.9057,1.7406,2.7058,1.386
0.90315,1.7228,2.7032,1.3988
0.91334,1.7253,2.693,1.3911
0.91334,1.7355,2.6905,1.3835
0.90315,1.7381,2.7032,1.3911
0.89805,1.7228,2.7032,1.3962
0.91334,1.7253,2.693,1.3911
0.91334,1.7381,2.6905,1.3835
0.9006,1.7381,2.7007,1.3911
0.90825,1.7253,2.6981,1.3988
0.91334,1.7304,2.6905,1.3911
0.90825,1.7355,2.6981,1.386
0.9006,1.7279,2.7058,1.3911
0.90825,1.7253,2.6956,1.3937
0.91334,1.7279,2.6905,1.3911
0.90825,1.7381,2.6981,1.386
0.9006,1.7304,2.7032,1.3937
0.9057,1.7228,2.6981,1.3962
0.91589,1.7304,2.6905,1.3911
0.90825,1.7381,2.6956,1.3911
0.89805,1.7304,2.7032,1.3911
0.9057,1.7228,2.6981,1.3962
0.9057,1.7304,2.6981,1.3911
0.9057,1.7406,2.6981,1.3835
0.9057,1.733,2.6956,1.3886
0.9057,1.7304,2.6956,1.3962
0.9057,1.7304,2.6956,1.3911
0.90825,1.7304,2.6981,1.386
0.9057,1.7304,2.6981,1.3937
0.9057,1.7304,2.6956,1.3962
0.90825,1.7304,2.6956,1.3911
0.9108,1.7304,2.6981,1.3937
0.90825,1.7304,2.6981,1.3937
0.90315,1.733,2.7032,1.3962
0.9057,1.7228,2.6981,1.3988
0.91334,1.7304,2.6905,1.3835
0.9057,1.7381,2.6981,1.3835
0.9006,1.7279,2.7007,1.3911
0.90825,1.7228,2.6981,1.3911
0.91334,1.7304,2.6956,1.3911
0.91334,1.7355,2.6905,1.386
0.90315,1.7381,2.7032,1.3911
0.9006,1.7253,2.7032,1.3962
0.9057,1.7253,2.693,1.3962
0.91334,1.7304,2.6905,1.386
0.90825,1.7381,2.6981,1.3835
0.9006,1.7304,2.7007,1.3886
0.9006,1.7253,2.7032,1.3988
0.91589,1.7304,2.6905,1.3911
0.90825,1.7355,2.6981,1.386
0.9006,1.7304,2.7058,1.3937
0.9006,1.7228,2.7032,1.3988
0.91334,1.7279,2.693,1.3937
0.91334,1.7381,2.693,1.3835
0.90825,1.7381,2.7032,1.3835
0.9006,1.7253,2.7032,1.3988
0.9108,1.7253,2.6879,1.3911
0.9057,1.7355,2.6981,1.3835
0.9006,1.7304,2.7032,1.3911
0.90825,1.7304,2.6981,1.3911
0.9108,1.7381,2.6905,1.386
0.89805,1.7304,2.7032,1.3911
0.9057,1.7228,2.6981,1.3911
0.9057,1.7304,2.6981,1.386
0.9057,1.7279,2.7032,1.3911
0.90825,1.7228,2.6981,1.3988
0.91334,1.7355,2.693,1.3835
0.90825,1.7355,2.7032,1.386
0.9006,1.7304,2.6956,1.3988
0.9057,1.733,2.6879,1.3911
0.9057,1.7381,2.6956,1.386
0.9006,1.733,2.7032,1.3911
0.9057,1.7253,2.6956,1.3988
0.91334,1.7304,2.6956,1.3937
0.9057,1.7355,2.7032,1.386
0.9006,1.7253,2.7032,1.3962
0.9108,1.7304,2.6905,1.3911
0.9057,1.7304,2.6981,1.3911
0.9057,1.733,2.6981,1.3911
0.9057,1.7253,2.6956,1.3937
0.9057,1.7304,2.6956,1.3937
0.9057,1.7304,2.6981,1.3937
0.90315,1.7253,2.7058,1.3988
0.9057,1.7253,2.6981,1.3988
0.91334,1.7304,2.6905,1.3911
0.9057,1.7304,2.6981,1.386
0.9057,1.7304,2.6981,1.3911
0.9057,1.7304,2.7032,1.3937
0.9057,1.7304,2.6981,1.3911
0.9057,1.7304,2.6981,1.3911
0.9057,1.7304,2.6981,1.3886
0.9057,1.7304,2.6981,1.3962
0.9057,1.7304,2.6956,1.3911
0.9057,1.7381,2.6981,1.3886
0.9006,1.7304,2.7032,1.3911
0.9057,1.7253,2.6981,1.3988
0.90825,1.733,2.6905,1.386
0.9006,1.7355,2.7007,1.386
0.89805,1.733,2.7032,1.3988
0.91334,1.7253,2.6905,1.3988
0.9108,1.7304,2.693,1.3937
0.9057,1.7304,2.6981,1.3937
0.90315,1.7253,2.6981,1.3962
0.9108,1.7304,2.6905,1.3937
0.9057,1.7381,2.6956,1.3886
0.89805,1.7304,2.7032,1.3911
0.90315,1.7253,2.6905,1.3988
0.9108,1.7381,2.6905,1.386
0.89805,1.733,2.7007,1.3937
0.9057,1.7253,2.6956,1.3988
0.91334,1.7304,2.6905,1.3937
0.9057,1.7304,2.6981,1.3937
0.89805,1.7304,2.7032,1.3962
0.9108,1.7279,2.6981,1.3962
0.9108,1.7304,2.6905,1.3886
0.9057,1.7381,2.6981,1.3886
0.89805,1.7304,2.7032,1.3988
0.9057,1.7228,2.6981,1.3988
0.91334,1.7304,2.693,1.3911
0.9057,1.7381,2.6981,1.3886
0.9006,1.7304,2.7007,1.3937
0.9057,1.7253,2.6956,1.3988
0.9108,1.733,2.6879,1.3937
0.90315,1.7381,2.6956,1.386
0.89805,1.7304,2.7007,1.3937
0.89805,1.7253,2.7032,1.3988
0.9108,1.7304,2.6905,1.3937
0.9108,1.7381,2.6905,1.386
0.89805,1.7381,2.7032,1.3937
0.90315,1.7253,2.6981,1.4013
0.90825,1.7304,2.6905,1.3937
0.90315,1.7381,2.6981,1.3886
0.8955,1.7304,2.7032,1.3937
0.90315,1.7279,2.6981,1.4013
0.90825,1.733,2.6905,1.3937
0.9057,1.7381,2.6981,1.3937
0.9057,1.733,2.6981,1.3911
0.90315,1.7253,2.6956,1.3937
0.90315,1.7304,2.693,1.3911
0.90315,1.7304,2.6981,1.386
0.89805,1.7253,2.7032,1.3988
0.9057,1.7228,2.6981,1.3937
0.90825,1.7304,2.6981,1.3937
0.90315,1.7381,2.6956,1.3911
0.9057,1.733,2.6981,1.3937
0.90315,1.7253,2.6956,1.3911
0.9108,1.733,2.6879,1.3937
0.90315,1.7304,2.6981,1.386
0.89805,1.733,2.7007,1.4013
0.90315,1.7253,2.6956,1.3988
0.90825,1.7381,2.6905,1.3886
0.89805,1.7381,2.7007,1.3886
0.89805,1.7253,2.7007,1.3988
0.9108,1.7304,2.6905,1.3937
0.90315,1.7355,2.6981,1.3886
0.89805,1.7304,2.7032,1.3937
0.90315,1.7228,2.6956,1.3911
0.9108,1.7304,2.693,1.3937
0.9057,1.7381,2.6981,1.3937
0.9006,1.7304,2.7032,1.3937
0.90315,1.7253,2.6981,1.3988
0.9108,1.7304,2.693,1.3937
0.90315,1.7381,2.6956,1.3886
0.89805,1.7381,2.7007,1.3937
0.89805,1.7253,2.7032,1.4013
0.90825,1.7228,2.6905,1.4013
0.90825,1.7381,2.693,1.386
0.90315,1.7406,2.6981,1.3886
0.89805,1.733,2.7032,1.4013
0.9108,1.7253,2.693,1.3962
0.9108,1.7304,2.6879,1.386
0.90315,1.7381,2.7032,1.386
0.89805,1.7228,2.7007,1.3988
0.90825,1.7253,2.6956,1.4013
0.90825,1.733,2.6879,1.3886
0.89805,1.7381,2.7032,1.386
0.89805,1.7253,2.7032,1.4013
0.90315,1.7253,2.6905,1.3988
0.90825,1.7406,2.693,1.3886
0.90315,1.7381,2.7007,1.3886
0.89805,1.7253,2.7058,1.3988
0.90315,1.7253,2.6981,1.3988
0.9108,1.7304,2.6905,1.386
0.8955,1.7355,2.6981,1.3937
0.90315,1.733,2.7032,1.3937
0.90315,1.7304,2.6981,1.3937
0.9108,1.7381,2.693,1.3886
0.89805,1.733,2.6981,1.3937
0.9006,1.7253,2.6956,1.3937
0.9057,1.7304,2.693,1.3937
0.9057,1.7304,2.7032,1.3937
0.90315,1.7253,2.6981,1.3988
0.90825,1.7381,2.693,1.3886
0.90315,1.7406,2.7058,1.3886
0.89805,1.7228,2.7032,1.4013
0.90315,1.7253,2.693,1.4013
0.9108,1.7304,2.6905,1.3886
0.9057,1.7381,2.6981,1.3886
0.89805,1.7279,2.7007,1.3937
0.90315,1.7253,2.6905,1.4013
0.90825,1.733,2.6905,1.386
0.90315,1.7381,2.6981,1.3886
0.8955,1.733,2.7032,1.3937
0.90315,1.7253,2.6981,1.3937
0.90315,1.733,2.693,1.3937
0.9057,1.7381,2.6981,1.3886
0.8955,1.7253,2.7032,1.3988
0.90825,1.7279,2.6905,1.3937
0.90825,1.7355,2.6981,1.3886
0.89805,1.7304,2.7058,1.3937
0.90315,1.7253,2.6956,1.3937
0.9108,1.733,2.6981,1.3937
0.90315,1.733,2.6981,1.3937
0.90315,1.7304,2.6956,1.3937
0.90315,1.733,2.6956,1.3937
0.90315,1.7304,2.6981,1.3886
0.9057,1.733,2.6981,1.3962
0.9057,1.7304,2.6956,1.4013
0.90315,1.733,2.693,1.3937
0.9006,1.7304,2.6981,1.386
0.8955,1.7304,2.7032,1.3937
0.90315,1.7253,2.6956,1.3937
0.90315,1.7304,2.6905,1.3937
0.90315,1.7381,2.7058,1.3886
0.89805,1.7304,2.6981,1.4013
0.90825,1.733,2.693,1.3937
0.9006,1.7381,2.6956,1.3886
0.8955,1.7304,2.7032,1.3937
0.90315,1.7253,2.6981,1.4013
0.90825,1.7304,2.693,1.3886
0.90315,1.7381,2.6956,1.3886
0.89805,1.7304,2.7032,1.3937
0.90315,1.7253,2.6879,1.3988
0.90825,1.7304,2.693,1.3937
0.90315,1.7406,2.6981,1.386
0.89805,1.7304,2.7032,1.3937
0.8955,1.7228,2.7007,1.3988
0.9108,1.7253,2.6879,1.3937
0.90825,1.7381,2.6905,1.386
