0.7502,1.7712,2.6599,1.3529
0.7502,1.7636,2.6624,1.358
0.75785,1.7636,2.6573,1.3529
0.74765,1.7712,2.6675,1.3427
0.7451,1.7585,2.6675,1.358
0.75785,1.7559,2.6573,1.3529
0.75275,1.7712,2.6624,1.3478
0.7451,1.7636,2.6675,1.3529
0.75275,1.7585,2.6624,1.358
0.75785,1.7636,2.6573,1.3529
0.74255,1.7687,2.6624,1.3478
0.74255,1.7559,2.6701,1.358
0.7553,1.7636,2.6573,1.3529
0.7502,1.7636,2.6624,1.3529
0.7502,1.7636,2.6624,1.3529
0.7502,1.7636,2.6624,1.3529
0.7502,1.7712,2.6624,1.3478
0.7451,1.7585,2.6701,1.358
0.75785,1.7585,2.6573,1.3529
0.74765,1.7712,2.6624,1.3478
0.7451,1.7661,2.6675,1.3529
0.75275,1.7636,2.6624,1.3529
0.7502,1.7712,2.6624,1.3478
0.7451,1.7636,2.6675,1.3529
0.75785,1.7585,2.6624,1.3605
0.7553,1.7687,2.6573,1.3529
0.75275,1.7636,2.6624,1.3529
0.7502,1.7585,2.6624,1.3605
0.7553,1.7636,2.6548,1.3529
0.7502,1.7712,2.6624,1.3427
0.7502,1.7661,2.6675,1.3529
0.7502,1.7585,2.6624,1.3529
0.7502,1.7636,2.6624,1.3478
0.7451,1.7661,2.6701,1.3529
0.7502,1.7585,2.6624,1.3605
0.7553,1.7712,2.6548,1.3529
0.74255,1.7712,2.6701,1.3529
0.75785,1.7585,2.6624,1.358
0.7553,1.7687,2.6548,1.3452
0.74255,1.7712,2.6701,1.3529
0.7502,1.7559,2.6624,1.3529
0.75785,1.7636,2.6624,1.3503
0.75275,1.7712,2.6624,1.3529
0.7502,1.7661,2.6599,1.3605
0.75785,1.7636,2.6548,1.3529
0.75275,1.7712,2.6599,1.3452
0.7451,1.7559,2.6701,1.358
0.7553,1.7559,2.6548,1.358
0.7553,1.7636,2.6573,1.3427
0.75275,1.7687,2.665,1.3452
0.7451,1.7585,2.6675,1.3529
0.7502,1.7636,2.6624,1.3529
0.7502,1.7636,2.6624,1.3452
0.7451,1.7636,2.6701,1.3503
0.75275,1.761,2.6624,1.3503
0.75785,1.7636,2.6573,1.3529
0.75275,1.7636,2.6624,1.3427
0.7451,1.7636,2.6675,1.358
0.75275,1.7636,2.6624,1.3503
0.7502,1.7712,2.665,1.3452
0.7451,1.7636,2.6675,1.3529
0.7502,1.761,2.6548,1.358
0.7604,1.7636,2.6573,1.3452
0.75275,1.7712,2.6701,1.3452
0.7502,1.7661,2.6624,1.3605
0.7502,1.7636,2.6599,1.3529
0.75275,1.7712,2.6624,1.3452
0.7451,1.7636,2.6701,1.3529
0.75275,1.7585,2.6624,1.3554
0.75785,1.7661,2.6548,1.3503
0.75275,1.7712,2.6624,1.3503
0.75275,1.7636,2.6701,1.3503
0.7553,1.7585,2.6573,1.3529
0.7604,1.7712,2.6548,1.3452
0.7451,1.7712,2.6701,1.3503
0.7451,1.7585,2.6675,1.3554
0.75785,1.7636,2.6573,1.3529
0.7502,1.7712,2.6624,1.3529
0.7451,1.7712,2.6726,1.3529
0.7451,1.7585,2.6675,1.3554
0.7604,1.7585,2.6573,1.3529
0.7553,1.7712,2.6548,1.3427
0.7502,1.7687,2.6624,1.3452
0.7451,1.7585,2.6675,1.358
0.75275,1.7585,2.6573,1.3554
0.75785,1.7636,2.6573,1.3478
0.75275,1.7687,2.665,1.3452
0.75275,1.7636,2.6701,1.3503
0.75275,1.7661,2.6624,1.358
0.75785,1.761,2.6624,1.3503
0.75275,1.7661,2.6624,1.3452
0.75275,1.7636,2.6624,1.3529
0.7502,1.7636,2.6675,1.358
0.75785,1.761,2.665,1.3529
0.75275,1.7636,2.6573,1.3452
0.75275,1.7712,2.6624,1.3452
0.7451,1.7636,2.6701,1.358
0.75275,1.7585,2.6573,1.358
0.7553,1.7636,2.6573,1.3452
0.7451,1.7687,2.6675,1.3452
0.7451,1.761,2.6701,1.3554
0.75785,1.7585,2.6573,1.3503
0.74765,1.7687,2.6624,1.3427
0.7451,1.7636,2.6701,1.3503
0.7502,1.7585,2.6599,1.3503
0.7502,1.7661,2.6548,1.3529
0.74765,1.7636,2.6624,1.3529
0.7502,1.7661,2.665,1.3554
0.7604,1.7636,2.6573,1.3503
0.75275,1.7712,2.6624,1.3427
0.75275,1.7636,2.6624,1.3503
0.75275,1.7636,2.6624,1.3529
0.75275,1.7687,2.6624,1.3452
0.7451,1.7636,2.6624,1.3529
0.75275,1.7636,2.6624,1.3503
0.7502,1.7712,2.6599,1.3452
0.74765,1.7585,2.6675,1.358
0.75785,1.761,2.6624,1.3503
0.75275,1.7636,2.665,1.3427
0.75275,1.7636,2.665,1.3529
0.75275,1.761,2.6624,1.3554
0.7502,1.7636,2.6573,1.3529
0.7502,1.7636,2.665,1.3529
0.75275,1.7636,2.6624,1.358
0.7604,1.7636,2.6573,1.3427
0.75275,1.7712,2.6624,1.3478
0.74765,1.7636,2.6701,1.3503
0.75785,1.761,2.6573,1.358
0.75785,1.7687,2.6624,1.3452
0.7451,1.7636,2.6701,1.3529
0.75275,1.7585,2.6624,1.3529
0.75275,1.7636,2.6624,1.3478
0.74765,1.7636,2.6675,1.3503
0.75785,1.761,2.6573,1.358
0.7553,1.7661,2.665,1.3503
0.7451,1.7712,2.6675,1.3529
0.7502,1.761,2.6624,1.3554
0.75785,1.7712,2.6573,1.3452
0.7451,1.7712,2.6675,1.3503
0.75275,1.7585,2.6624,1.3503
0.75785,1.7636,2.6548,1.3452
0.7451,1.7687,2.6624,1.3478
0.74765,1.7585,2.6675,1.358
0.7553,1.7585,2.6573,1.3503
0.75785,1.7712,2.6573,1.3452
0.7451,1.7636,2.6701,1.358
0.75275,1.7585,2.6624,1.358
0.7553,1.7636,2.6573,1.3452
0.7451,1.7712,2.6701,1.3478
0.74765,1.7585,2.6675,1.3529
0.75785,1.7636,2.6573,1.3529
0.75275,1.7636,2.665,1.3529
0.7502,1.7636,2.665,1.358
0.75785,1.7636,2.6573,1.3529
0.75275,1.7687,2.6624,1.3452
0.7451,1.7636,2.6624,1.3529
0.75275,1.7636,2.6599,1.3503
0.7502,1.7636,2.6624,1.3452
0.7451,1.7636,2.6701,1.3529
0.75275,1.7585,2.6599,1.358
0.75275,1.7636,2.6573,1.3427
0.74255,1.7687,2.6701,1.3529
0.7451,1.7585,2.6701,1.3554
0.75785,1.7636,2.6573,1.3503
0.7502,1.7687,2.6624,1.3452
0.7451,1.7636,2.6701,1.3503
0.75275,1.7636,2.665,1.3529
0.7502,1.7661,2.6573,1.3478
0.7451,1.7712,2.6624,1.3452
0.7451,1.7636,2.6701,1.3554
0.7553,1.7585,2.6548,1.358
0.75785,1.7712,2.6573,1.3478
0.7451,1.7661,2.6675,1.3529
0.7502,1.7585,2.6599,1.3503
0.7553,1.7636,2.6548,1.3529
0.7502,1.7636,2.6624,1.3452
0.74255,1.7661,2.665,1.3529
0.74765,1.7585,2.6624,1.3529
0.75275,1.7636,2.6624,1.3529
0.75275,1.7636,2.6624,1.3503
0.7502,1.7636,2.6624,1.3529
0.7502,1.7636,2.6624,1.3529
0.7502,1.7712,2.6624,1.3452
0.7451,1.7585,2.6701,1.3503
0.7553,1.7585,2.6573,1.358
0.7553,1.7712,2.6573,1.3478
0.7451,1.7712,2.6675,1.3529
0.74765,1.7559,2.6624,1.3605
0.7553,1.7636,2.6573,1.3503
0.75275,1.7687,2.665,1.3529
0.7502,1.7636,2.6624,1.3503
0.75275,1.7636,2.665,1.3503
0.7502,1.7636,2.6624,1.3478
0.7451,1.7636,2.6675,1.3503
0.75275,1.7585,2.6624,1.3529
0.75785,1.7636,2.6573,1.3529
0.75275,1.7712,2.6726,1.3478
0.7451,1.7585,2.6701,1.358
0.7553,1.7585,2.6573,1.3529
0.7553,1.7661,2.6573,1.3452
0.74255,1.7636,2.6675,1.3529
0.7502,1.7636,2.6624,1.3529
0.7502,1.7636,2.6624,1.3478
0.7451,1.7636,2.6675,1.3529
0.7502,1.7585,2.6624,1.3529
0.75275,1.7636,2.665,1.3452
0.74255,1.7636,2.6701,1.3605
0.7502,1.7585,2.6548,1.3605
0.75785,1.7712,2.6573,1.3452
0.7451,1.761,2.6624,1.3529
0.7502,1.7636,2.6624,1.3529
0.7502,1.7636,2.6624,1.3503
0.7502,1.7636,2.665,1.3529
0.74765,1.7585,2.6624,1.358
0.7553,1.7636,2.6573,1.3452
0.74765,1.7687,2.6701,1.3478
0.74255,1.7585,2.6701,1.358
0.7553,1.7585,2.6573,1.3503
0.7553,1.761,2.6599,1.3478
0.7451,1.7636,2.6701,1.3503
0.7502,1.7585,2.665,1.358
0.75785,1.761,2.6573,1.3452
0.75275,1.7661,2.6624,1.3478
0.7451,1.7636,2.6701,1.3529
0.7502,1.7636,2.6624,1.3503
0.7502,1.7636,2.6573,1.3529
0.74765,1.7636,2.6624,1.3529
0.7502,1.7636,2.6599,1.358
0.7553,1.7636,2.6573,1.3529
0.7502,1.7712,2.6624,1.3452
0.74255,1.7636,2.6675,1.3529
0.7502,1.7559,2.665,1.358
0.75785,1.7636,2.6573,1.3529
0.7502,1.7687,2.6624,1.3478
0.7451,1.7636,2.6624,1.3529
0.75275,1.7585,2.6599,1.3529
0.7502,1.7636,2.6624,1.3529
0.7502,1.7636,2.6624,1.3503
0.7502,1.7636,2.665,1.358
0.74765,1.7636,2.665,1.3503
0.7502,1.7636,2.6573,1.3452
0.7451,1.7712,2.6701,1.3503
0.7451,1.7559,2.6701,1.358
0.75785,1.7585,2.6573,1.3529
0.7553,1.7636,2.6624,1.3452
0.7451,1.7636,2.6701,1.3529
0.7502,1.7559,2.665,1.3554
0.7553,1.7687,2.6573,1.3478
0.74255,1.7712,2.6675,1.3503
0.7502,1.7585,2.6624,1.358
0.75785,1.761,2.6548,1.3529
0.74765,1.7712,2.6624,1.3503
0.7502,1.7585,2.6624,1.358
0.7553,1.7712,2.6573,1.3529
0.7451,1.7687,2.6675,1.3452
0.7502,1.7585,2.6624,1.3529
0.75785,1.7636,2.6573,1.3503
0.7502,1.7636,2.6624,1.3529
0.7502,1.7585,2.6624,1.358
0.75785,1.7636,2.6573,1.3478
0.7451,1.7712,2.6624,1.3503
0.7502,1.7636,2.6599,1.3529
0.7553,1.7636,2.6573,1.3529
0.75275,1.7687,2.6624,1.3452
0.7451,1.7559,2.6675,1.358
0.7502,1.7559,2.6573,1.358
0.7553,1.7712,2.6599,1.3452
0.74255,1.7636,2.6675,1.3503
0.7502,1.761,2.665,1.3529
0.75275,1.761,2.665,1.3427
0.74255,1.7636,2.6701,1.3605
0.7553,1.7585,2.6624,1.3529
0.7502,1.7636,2.6599,1.3503
0.7502,1.7636,2.6624,1.3503
0.75275,1.7559,2.665,1.3529
0.7553,1.7636,2.6573,1.3529
0.7502,1.7712,2.6701,1.3529
0.7502,1.7559,2.6624,1.3605
0.7553,1.7636,2.6573,1.3529
0.75275,1.761,2.665,1.3503
0.74765,1.7636,2.665,1.3529
0.7502,1.7636,2.665,1.3529
0.74765,1.7712,2.6701,1.3478
0.7451,1.7559,2.665,1.3554
0.75275,1.7636,2.6624,1.3503
0.75275,1.7687,2.6624,1.3503
0.75275,1.7636,2.665,1.3554
0.7502,1.7636,2.6624,1.3503
0.75275,1.7712,2.665,1.3452
0.7451,1.7636,2.6701,1.3529
0.7502,1.7636,2.6624,1.3503
0.75275,1.7636,2.6624,1.3452
0.7451,1.7661,2.6675,1.3529
0.75275,1.7585,2.6624,1.358
0.75785,1.7636,2.6624,1.3503
0.75275,1.7687,2.6701,1.3529
0.7502,1.7585,2.665,1.3554
0.7553,1.7636,2.6573,1.3503
0.7502,1.7636,2.665,1.3503
0.75275,1.7534,2.6624,1.3554
0.75785,1.7636,2.6573,1.3529
0.75275,1.7687,2.665,1.3452
0.7451,1.7559,2.6701,1.358
0.75785,1.7636,2.6573,1.3529
0.75275,1.7636,2.665,1.3503
0.7502,1.7636,2.665,1.3503
0.7502,1.7636,2.665,1.3529
0.7502,1.7712,2.665,1.3452
0.7451,1.7636,2.6701,1.358
0.75785,1.7559,2.6573,1.358
0.7502,1.7712,2.665,1.3427
0.75275,1.7636,2.6701,1.3503
0.7502,1.7636,2.665,1.3503
0.75275,1.7687,2.665,1.3427
0.7451,1.7559,2.6675,1.358
0.75785,1.7585,2.6573,1.3503
0.75275,1.7687,2.665,1.3529
0.7502,1.7636,2.665,1.358
0.75785,1.7636,2.6573,1.3529
0.7502,1.7687,2.665,1.3478
0.7502,1.7585,2.665,1.3554
0.7553,1.7636,2.6573,1.3529
0.75275,1.7636,2.665,1.3503
0.7502,1.7585,2.665,1.3554
0.75785,1.7636,2.6573,1.3452
0.7451,1.7687,2.6675,1.3503
0.7502,1.7559,2.6675,1.3554
0.74765,1.761,2.6599,1.3503
0.7502,1.761,2.665,1.3503
0.74765,1.7636,2.6624,1.3605
0.75785,1.7636,2.6548,1.3529
0.7502,1.7712,2.6624,1.3503
0.7451,1.7661,2.6675,1.3478
0.7502,1.761,2.665,1.3529
0.7502,1.7712,2.665,1.3452
0.7451,1.7636,2.6675,1.3605
0.74765,1.7585,2.6573,1.358
0.7553,1.761,2.6573,1.3452
0.7451,1.7687,2.6701,1.3529
0.7502,1.7636,2.665,1.358
0.75275,1.7636,2.6624,1.3503
0.7502,1.7687,2.6624,1.3478
0.7451,1.7636,2.6726,1.3554
0.7502,1.7559,2.665,1.3605
0.7604,1.761,2.6573,1.3478
0.7502,1.7636,2.665,1.3529
0.7502,1.7559,2.6624,1.3605
0.7502,1.761,2.665,1.3452
0.74255,1.7636,2.6701,1.3503
0.75785,1.7585,2.6624,1.358
0.7502,1.761,2.6624,1.3452
0.7451,1.7636,2.6701,1.3529
0.7502,1.761,2.6624,1.3554
0.7553,1.7687,2.6573,1.3478
0.7451,1.7712,2.6726,1.3503
0.7502,1.7585,2.665,1.3605
0.75785,1.7636,2.6599,1.3503
0.75275,1.7636,2.6624,1.3529
0.75275,1.7636,2.6701,1.3605
0.75785,1.761,2.6624,1.3529
0.7502,1.7636,2.6624,1.3529
0.7502,1.7559,2.6624,1.358
0.7604,1.7636,2.6573,1.3452
0.7451,1.7661,2.6675,1.3529
0.7502,1.7585,2.6624,1.3529
0.7553,1.761,2.6573,1.3529
0.75275,1.7636,2.665,1.3503
0.7502,1.7636,2.6599,1.358
0.7604,1.7687,2.6573,1.3452
0.75275,1.7712,2.6624,1.3478
0.7451,1.7559,2.6675,1.358
0.75785,1.7585,2.6573,1.3529
0.7604,1.7712,2.6624,1.3452
0.7451,1.7636,2.6675,1.3503
0.7502,1.7636,2.6624,1.3529
0.7502,1.7636,2.6624,1.3529
0.7451,1.7636,2.6701,1.3503
0.7502,1.7585,2.665,1.3554
0.7604,1.7687,2.6573,1.3452
0.7451,1.761,2.6701,1.3503
0.7502,1.7636,2.6624,1.3503
0.7502,1.7687,2.6624,1.3452
0.7451,1.7636,2.6701,1.358
0.7553,1.7585,2.6573,1.358
0.75275,1.7687,2.6624,1.3529
0.7451,1.7636,2.6701,1.3529
0.7502,1.7585,2.6599,1.358
0.75275,1.7636,2.665,1.3452
0.74255,1.7636,2.6675,1.3503
0.7502,1.7585,2.6624,1.358
0.75785,1.7687,2.6573,1.3427
0.7451,1.7636,2.6675,1.3503
0.7502,1.7585,2.6599,1.3503
0.75275,1.7636,2.6624,1.3452
0.7451,1.761,2.6675,1.3529
0.7553,1.7559,2.6573,1.3554
0.7502,1.7687,2.6624,1.3452
0.7502,1.7636,2.6624,1.3503
0.7604,1.7636,2.6573,1.3452
0.7502,1.7712,2.6675,1.3452
0.7451,1.7585,2.6701,1.358
0.7553,1.7636,2.6548,1.3529
0.7502,1.7712,2.6624,1.3503
0.7451,1.7636,2.665,1.3529
0.75275,1.7636,2.665,1.3529
0.75275,1.7636,2.6573,1.3427
0.7451,1.7636,2.6701,1.3503
0.7502,1.7559,2.665,1.358
0.74765,1.7636,2.6624,1.3529
0.7502,1.7712,2.6726,1.3503
0.75275,1.7585,2.6624,1.3529
0.7502,1.7636,2.6624,1.3529
0.75275,1.7636,2.6701,1.3529
0.75275,1.7559,2.6624,1.3554
0.75785,1.7687,2.6599,1.3452
0.7451,1.7687,2.6701,1.3503
0.7502,1.7636,2.6624,1.3503
0.7502,1.7636,2.6624,1.3452
0.7451,1.7636,2.6701,1.3529
0.7553,1.7585,2.6573,1.358
0.75275,1.7687,2.6624,1.3452
0.7502,1.7636,2.6624,1.3529
0.7553,1.761,2.6573,1.3529
0.7451,1.7712,2.6701,1.3452
0.7502,1.7585,2.6624,1.3529
0.74765,1.761,2.6624,1.3427
0.74765,1.7636,2.6675,1.3554
0.75785,1.7559,2.6573,1.3554
0.74765,1.7687,2.665,1.3452
0.7451,1.7661,2.6701,1.3503
0.7502,1.7559,2.6573,1.3554
0.7604,1.7687,2.6573,1.3452
0.7451,1.7636,2.6701,1.3503
0.7502,1.7636,2.665,1.3503
0.75275,1.7687,2.665,1.3452
0.7451,1.7585,2.6675,1.358
0.75785,1.7585,2.6599,1.3503
0.75275,1.7636,2.6624,1.3478
0.7502,1.7636,2.6624,1.358
0.75785,1.7636,2.6573,1.3452
0.7451,1.7687,2.6701,1.3529
0.7502,1.7585,2.6624,1.3554
0.75275,1.7636,2.6624,1.3503
0.7451,1.7636,2.6675,1.3529
0.75275,1.7559,2.665,1.3554
0.74765,1.761,2.6624,1.3452
0.7451,1.7636,2.6701,1.3503
0.7502,1.7585,2.6624,1.3503
0.74765,1.7636,2.665,1.3503
0.75275,1.7636,2.665,1.3503
0.75275,1.7585,2.6624,1.3554
0.7553,1.7636,2.6573,1.3427
0.7451,1.7712,2.6624,1.3503
0.7502,1.7636,2.6675,1.358
0.7553,1.7585,2.6573,1.3529
0.7502,1.7687,2.6624,1.3478
0.7451,1.7636,2.6675,1.3503
0.7451,1.7585,2.6573,1.3554
0.7553,1.7636,2.6573,1.3478
0.7451,1.7712,2.6701,1.3503
0.7451,1.7559,2.6701,1.3554
0.7553,1.7636,2.6573,1.3529
0.75275,1.7687,2.665,1.3478
0.74765,1.7636,2.6726,1.3529
0.74765,1.7636,2.665,1.3529
0.75275,1.7687,2.6624,1.3478
0.7451,1.7636,2.6701,1.358
0.75785,1.7585,2.6548,1.358
0.7553,1.7687,2.6573,1.3452
0.7451,1.7636,2.6701,1.3529
0.7502,1.7559,2.6624,1.3529
0.7502,1.7636,2.6624,1.3478
0.7451,1.7636,2.6701,1.3529
0.74765,1.7559,2.6624,1.358
0.74765,1.7636,2.665,1.3427
0.7451,1.761,2.6701,1.3529
0.74765,1.7585,2.6624,1.3529
0.75275,1.7636,2.6624,1.3427
0.7451,1.7636,2.6726,1.3605
0.7502,1.7585,2.665,1.358
0.7553,1.7687,2.6624,1.3478
0.7451,1.7636,2.665,1.3529
0.7502,1.7636,2.665,1.3529
0.7502,1.7636,2.6624,1.3452
0.7451,1.7636,2.6701,1.3529
0.7502,1.7559,2.6624,1.358
0.7553,1.7712,2.6573,1.3478
0.74255,1.7636,2.6675,1.3503
0.7553,1.7585,2.6573,1.3529
0.7502,1.7687,2.6624,1.3478
0.7451,1.7534,2.6701,1.358
0.7553,1.7636,2.6573,1.3529
0.7502,1.7712,2.665,1.3529
0.7502,1.7636,2.665,1.358
0.7553,1.7636,2.6573,1.3452
0.7451,1.7687,2.6701,1.3452
0.7502,1.7585,2.665,1.3554
0.75785,1.7687,2.6573,1.3503
0.7502,1.7712,2.6726,1.3503
0.7502,1.7585,2.665,1.358
