3.5695,1.371,3.3659,2.1357
3.5568,1.3786,3.3761,2.1357
3.5593,1.3659,3.3787,2.1459
3.5695,1.3659,3.3659,2.1434
3.5644,1.3786,3.371,2.1357
3.5568,1.3735,3.3761,2.1434
3.5644,1.3659,3.371,2.1434
3.5619,1.3761,3.371,2.1357
3.5593,1.3812,3.3787,2.1408
3.5619,1.3659,3.371,2.1485
3.5695,1.3761,3.3659,2.1434
3.5644,1.3786,3.371,2.1357
3.5593,1.3735,3.371,2.1434
3.5619,1.3659,3.3736,2.1485
3.5695,1.3735,3.3659,2.1357
3.5644,1.3786,3.371,2.1408
3.5644,1.3735,3.3787,2.1434
3.5619,1.3659,3.3736,2.1434
3.5619,1.3735,3.371,2.1408
3.5619,1.3761,3.371,2.1408
3.5644,1.3684,3.3736,2.1485
3.5695,1.3735,3.3659,2.1408
3.5619,1.3735,3.3685,2.1408
3.5619,1.3735,3.3736,2.1408
3.5644,1.3659,3.3659,2.1383
3.5619,1.3761,3.3685,2.1383
3.5619,1.3735,3.3787,2.1408
3.5644,1.3735,3.3736,2.1383
3.5695,1.3786,3.3659,2.1357
3.5593,1.371,3.3787,2.1408
3.5644,1.3659,3.371,2.1459
3.567,1.371,3.3634,2.1332
3.5644,1.3761,3.3787,2.1306
3.5542,1.3659,3.3787,2.1459
3.567,1.3659,3.3608,2.1459
3.5695,1.3761,3.3659,2.1332
3.5542,1.3761,3.3736,2.1408
3.5619,1.3659,3.371,2.1459
3.5619,1.371,3.371,2.1408
3.5542,1.3735,3.3787,2.1408
3.5619,1.3659,3.371,2.1459
3.5695,1.3786,3.3634,2.1357
3.5568,1.3735,3.3787,2.1383
3.5644,1.3659,3.371,2.1485
3.5619,1.371,3.371,2.1383
3.5619,1.371,3.371,2.1408
3.5619,1.3659,3.371,2.1459
3.567,1.3735,3.3659,2.1357
3.5593,1.3735,3.3761,2.1383
3.5593,1.3659,3.371,2.1459
3.5619,1.371,3.371,2.1357
3.5542,1.371,3.3787,2.1408
3.5644,1.3659,3.3634,2.1459
3.5695,1.3786,3.3634,2.1357
3.5568,1.371,3.3787,2.1383
3.5593,1.3659,3.3685,2.1434
3.5644,1.3735,3.371,2.1408
3.5619,1.3786,3.3787,2.1408
3.5619,1.3659,3.371,2.1408
3.5695,1.371,3.3659,2.1332
3.5568,1.3786,3.371,2.1357
3.5593,1.3735,3.371,2.1408
3.5619,1.3659,3.3634,2.1383
3.5644,1.3761,3.3685,2.1332
3.5568,1.3761,3.3659,2.1383
3.5644,1.371,3.371,2.1459
3.5619,1.371,3.371,2.1408
3.5619,1.3684,3.3685,2.1332
3.5619,1.3684,3.371,2.1408
3.5619,1.3659,3.3685,2.1459
3.5695,1.371,3.3659,2.1408
3.5644,1.3761,3.3685,2.1357
3.5568,1.371,3.3787,2.1408
3.5593,1.3659,3.371,2.1459
3.5695,1.371,3.3685,2.1408
3.5619,1.3786,3.3685,2.1383
3.5568,1.371,3.3761,2.1408
3.5619,1.3659,3.371,2.1408
3.5619,1.3735,3.3659,2.1408
3.5619,1.3761,3.371,2.1332
3.5568,1.3735,3.3736,2.1485
3.567,1.3659,3.3634,2.1485
3.5695,1.371,3.3608,2.1383
3.5542,1.3761,3.3685,2.1332
3.5619,1.371,3.3685,2.1383
3.5593,1.3735,3.3634,2.1383
3.5619,1.3786,3.3685,2.1357
3.5542,1.371,3.371,2.1383
3.5619,1.371,3.3685,2.1408
3.5644,1.3761,3.3685,2.1332
3.5593,1.3659,3.371,2.1459
3.5695,1.3608,3.3608,2.1383
3.5593,1.3786,3.3685,2.1332
3.5568,1.371,3.3736,2.1459
3.5695,1.3659,3.3608,2.1408
3.5619,1.3761,3.3685,2.1332
3.5644,1.371,3.3685,2.1408
3.5619,1.3684,3.3685,2.1383
3.5619,1.3761,3.3685,2.1332
3.5568,1.3684,3.3736,2.1459
3.5695,1.3633,3.3608,2.1459
3.5619,1.3761,3.3659,2.1408
3.5542,1.371,3.3685,2.1383
3.5593,1.3684,3.3685,2.1408
3.5619,1.3684,3.3685,2.1383
3.5619,1.371,3.3685,2.1383
3.5593,1.3633,3.3685,2.1459
3.5619,1.371,3.3659,2.1383
3.5695,1.3761,3.3608,2.1332
3.5568,1.3761,3.371,2.1383
3.5542,1.3633,3.3736,2.1459
3.567,1.3633,3.3608,2.1383
3.567,1.3735,3.3608,2.1332
3.5542,1.3761,3.371,2.1383
3.5542,1.3633,3.371,2.1485
3.567,1.3633,3.3634,2.1383
3.567,1.3761,3.3634,2.1332
3.5568,1.3761,3.3685,2.1332
3.5593,1.3633,3.371,2.1485
3.5695,1.371,3.3634,2.1332
3.5568,1.3761,3.3685,2.1332
3.5568,1.371,3.3685,2.1383
3.5619,1.371,3.3685,2.1383
3.5593,1.371,3.3685,2.1332
3.5619,1.3837,3.3736,2.1408
3.5568,1.3659,3.3761,2.1485
3.5695,1.371,3.3608,2.1408
3.5619,1.3786,3.3685,2.1332
3.5542,1.3659,3.3761,2.1459
3.5695,1.3659,3.3659,2.1383
3.5619,1.3786,3.371,2.1357
3.5568,1.371,3.3761,2.1434
3.5644,1.3633,3.371,2.1459
3.5695,1.371,3.3659,2.1434
3.5619,1.3786,3.3685,2.1408
3.5593,1.371,3.371,2.1408
3.5619,1.371,3.371,2.1434
3.5619,1.3735,3.371,2.1357
3.5568,1.371,3.3787,2.1434
3.5644,1.3659,3.371,2.1485
3.5721,1.3735,3.3685,2.1408
3.5593,1.3786,3.371,2.1357
3.5619,1.371,3.3812,2.1408
3.5619,1.3659,3.371,2.1459
3.567,1.3735,3.3659,2.1434
3.5593,1.3812,3.371,2.1357
3.5568,1.3786,3.3787,2.1434
3.5542,1.3659,3.3787,2.1434
3.5593,1.371,3.371,2.1485
3.567,1.3786,3.3685,2.1357
3.5619,1.3786,3.3736,2.1383
3.5619,1.3761,3.371,2.1434
3.5619,1.3735,3.3736,2.1408
3.5619,1.3761,3.3736,2.1434
3.567,1.3761,3.3761,2.1434
3.5619,1.3812,3.3736,2.1383
3.5542,1.3735,3.3812,2.1434
3.5593,1.3684,3.3736,2.1434
3.567,1.3735,3.3685,2.1434
3.5593,1.3812,3.371,2.1383
3.5568,1.371,3.3812,2.1434
3.5619,1.3684,3.3736,2.1485
3.567,1.3735,3.3685,2.1408
3.567,1.3786,3.3685,2.1357
3.5542,1.3812,3.3787,2.1434
3.5542,1.3659,3.3787,2.1485
3.5695,1.3684,3.3659,2.1485
3.567,1.3735,3.3659,2.1357
3.5593,1.3786,3.3685,2.1357
3.5542,1.3659,3.3761,2.1485
3.5619,1.3633,3.371,2.1485
3.567,1.371,3.3634,2.1408
3.5619,1.3761,3.3685,2.1306
3.5542,1.371,3.3736,2.1383
3.5593,1.3608,3.3659,2.1383
3.567,1.3659,3.3583,2.1408
3.5619,1.3684,3.3659,2.1306
3.5517,1.3659,3.371,2.1383
3.5593,1.3684,3.3634,2.1383
3.567,1.3659,3.3634,2.1383
3.5593,1.3735,3.3634,2.1383
3.5517,1.3659,3.371,2.1383
3.5593,1.3659,3.3634,2.1383
3.5644,1.3633,3.3634,2.1357
3.5593,1.3684,3.3608,2.1357
3.5542,1.3633,3.3583,2.1357
3.5593,1.3633,3.3583,2.1357
3.5593,1.3608,3.3583,2.1357
3.5568,1.3684,3.3608,2.1281
3.5517,1.3608,3.3634,2.1408
3.567,1.3506,3.3506,2.1408
3.5619,1.3633,3.3506,2.1281
3.5517,1.3582,3.3583,2.1332
3.5593,1.3532,3.3506,2.1357
3.5644,1.3582,3.3455,2.1357
3.5593,1.3659,3.3506,2.1255
3.5517,1.3557,3.3583,2.1306
3.5593,1.3506,3.3506,2.1383
3.5619,1.3557,3.3481,2.1332
3.5593,1.3633,3.3532,2.1255
3.5491,1.3557,3.3608,2.1332
3.5568,1.3506,3.3532,2.1383
3.5593,1.3582,3.3506,2.1332
3.5619,1.3557,3.3506,2.1332
3.5593,1.3633,3.3506,2.1357
3.5542,1.3608,3.3583,2.1306
3.5568,1.3532,3.3532,2.1383
3.5619,1.3582,3.3481,2.1332
3.5568,1.3659,3.3532,2.1255
3.5568,1.3557,3.3532,2.1332
3.5593,1.3582,3.3608,2.1434
3.5568,1.3532,3.3557,2.1383
3.5644,1.3557,3.3481,2.1332
3.5593,1.3659,3.3557,2.1281
3.5593,1.3582,3.3557,2.1357
3.5593,1.3608,3.3557,2.1434
3.5593,1.3557,3.3557,2.1357
3.567,1.3608,3.3557,2.1332
3.5593,1.3659,3.3557,2.1281
3.5542,1.3608,3.3557,2.1332
3.5593,1.3557,3.3557,2.1434
3.567,1.3557,3.3506,2.1357
3.567,1.3684,3.3506,2.1281
3.5542,1.371,3.3634,2.1281
3.5542,1.3557,3.3659,2.1357
3.5568,1.3557,3.3583,2.1357
3.5644,1.3633,3.3532,2.1357
3.5593,1.371,3.3608,2.1332
3.5542,1.3633,3.3659,2.1357
3.5593,1.3557,3.3583,2.1434
3.567,1.3659,3.3532,2.1357
3.5593,1.3735,3.3608,2.1357
3.5542,1.3735,3.3685,2.1383
3.5593,1.3608,3.3634,2.1434
3.567,1.3659,3.3557,2.1383
3.567,1.3735,3.3583,2.1306
3.5542,1.3735,3.371,2.1306
3.5568,1.3659,3.3634,2.1383
3.5593,1.3633,3.3659,2.1383
3.567,1.3659,3.3583,2.1434
3.5695,1.3761,3.3608,2.1357
3.5542,1.3761,3.3736,2.1332
3.5568,1.3684,3.3736,2.1459
3.5593,1.3633,3.3685,2.1485
3.5695,1.371,3.3634,2.1357
3.5593,1.3761,3.3659,2.1357
3.5568,1.3735,3.3761,2.1408
3.5593,1.3633,3.371,2.1459
3.5644,1.3735,3.3659,2.1357
3.5593,1.3786,3.371,2.1383
3.5568,1.3659,3.3787,2.1485
3.567,1.3659,3.3659,2.151
3.567,1.3786,3.3685,2.1357
3.5517,1.3812,3.3812,2.1434
3.5542,1.3659,3.3812,2.151
3.5593,1.371,3.3685,2.151
3.567,1.3735,3.371,2.1383
3.5619,1.3837,3.3736,2.1408
3.5542,1.3761,3.3812,2.151
3.5593,1.371,3.3761,2.151
3.567,1.3761,3.371,2.1459
3.5593,1.3837,3.3787,2.1408
3.5517,1.3786,3.3863,2.1459
3.5593,1.371,3.3787,2.151
3.5644,1.3786,3.371,2.1459
3.5593,1.3761,3.3812,2.1408
3.5593,1.3786,3.3812,2.1459
3.5542,1.3786,3.3863,2.1485
3.5593,1.3735,3.3812,2.1459
3.5644,1.3786,3.3736,2.1485
3.5619,1.3863,3.3787,2.1459
3.5542,1.3786,3.3889,2.1485
3.5593,1.3735,3.3812,2.1536
3.5644,1.3735,3.3761,2.1485
3.567,1.3786,3.3812,2.1434
3.5593,1.3812,3.3812,2.1485
3.5568,1.3786,3.3812,2.1536
3.5593,1.3812,3.3812,2.1485
3.5593,1.3786,3.3838,2.1408
3.5619,1.3812,3.3812,2.1485
3.5593,1.3812,3.3838,2.1536
3.5542,1.3812,3.3838,2.1485
3.5593,1.3837,3.3838,2.1434
3.5542,1.3837,3.3914,2.1434
3.5542,1.3812,3.3914,2.1536
3.5593,1.3761,3.3838,2.1536
3.5593,1.3812,3.3863,2.1485
3.5593,1.3888,3.3863,2.1485
3.5593,1.3812,3.3838,2.1485
3.5593,1.3812,3.3838,2.1485
3.5619,1.3812,3.3838,2.1434
3.5619,1.3786,3.3889,2.1485
3.5593,1.371,3.3812,2.1536
3.5644,1.3786,3.3736,2.1485
3.5593,1.3863,3.3889,2.1408
3.5542,1.371,3.3863,2.151
3.567,1.371,3.3736,2.151
3.567,1.3761,3.3736,2.1383
3.5542,1.3837,3.3787,2.1408
3.5517,1.3761,3.3838,2.151
3.567,1.371,3.3787,2.151
3.567,1.3786,3.371,2.1434
3.5593,1.3812,3.3812,2.1357
3.5542,1.3659,3.3812,2.1485
3.5644,1.371,3.3685,2.1434
3.567,1.3812,3.3685,2.1357
3.5542,1.3761,3.3787,2.1434
3.5568,1.3659,3.3812,2.1485
3.567,1.371,3.3685,2.1434
3.5593,1.3786,3.3685,2.1357
3.5542,1.371,3.3761,2.1408
3.5593,1.3659,3.371,2.1408
3.567,1.3684,3.3634,2.1357
3.5593,1.3761,3.3685,2.1332
3.5542,1.3684,3.3761,2.1459
3.5593,1.3608,3.3685,2.1459
3.567,1.371,3.3659,2.1383
3.5593,1.3659,3.3659,2.1383
3.5593,1.3684,3.3659,2.1434
3.5593,1.3659,3.3659,2.1383
3.5593,1.3659,3.3659,2.1332
3.5568,1.3659,3.3659,2.1383
3.5593,1.3659,3.3634,2.1383
3.5568,1.3633,3.3634,2.1383
3.5593,1.3633,3.3634,2.1383
3.5568,1.3633,3.3608,2.1383
3.5517,1.3633,3.371,2.1357
3.5593,1.3633,3.3608,2.1434
3.5644,1.371,3.3557,2.1306
3.5542,1.3684,3.3685,2.1357
3.5593,1.3557,3.3608,2.1357
3.5644,1.3633,3.3583,2.1357
3.5593,1.3659,3.3659,2.1281
3.5542,1.3633,3.3659,2.1408
3.5644,1.3557,3.3506,2.1357
3.5593,1.3659,3.3659,2.1281
3.5517,1.3557,3.3634,2.1383
3.5644,1.3532,3.3583,2.1357
3.5593,1.3608,3.3583,2.1332
3.5568,1.3633,3.3608,2.1357
3.5593,1.3633,3.3557,2.1434
3.5593,1.3633,3.3583,2.1357
3.5593,1.3608,3.3557,2.1281
3.5593,1.3633,3.3557,2.1332
3.5568,1.3557,3.3583,2.1408
3.5644,1.3608,3.3506,2.1357
3.5593,1.3659,3.3557,2.1306
3.5517,1.3633,3.3634,2.1383
3.5568,1.3532,3.3506,2.1408
3.567,1.3659,3.3506,2.1306
3.5542,1.3684,3.3608,2.1357
3.5568,1.3532,3.3557,2.1434
3.5644,1.3608,3.3506,2.1281
3.5568,1.3684,3.3583,2.1281
3.5491,1.3608,3.3659,2.1434
3.567,1.3557,3.3506,2.1434
3.567,1.3684,3.3506,2.1281
3.5542,1.3659,3.3608,2.1357
3.5517,1.3557,3.3659,2.1408
3.5644,1.3557,3.3506,2.1332
3.5644,1.3684,3.3532,2.1281
3.5542,1.3684,3.3634,2.1306
3.5542,1.3532,3.3634,2.1408
3.5593,1.3557,3.3583,2.1408
3.567,1.3633,3.3506,2.1332
3.5593,1.371,3.3583,2.1306
3.5542,1.3633,3.3659,2.1357
3.5593,1.3608,3.3608,2.1383
3.5593,1.3633,3.3583,2.1357
3.5593,1.3633,3.3583,2.1357
3.5593,1.3633,3.3583,2.1306
3.5542,1.3582,3.3685,2.1408
3.567,1.3557,3.3557,2.1434
3.5644,1.3633,3.3532,2.1306
3.5593,1.3684,3.3583,2.1357
3.5517,1.3633,3.3685,2.1357
3.5593,1.3582,3.3583,2.1434
3.567,1.3633,3.3557,2.1357
3.5593,1.371,3.3608,2.1281
3.5542,1.3659,3.3659,2.1357
3.5593,1.3582,3.3608,2.1408
3.5644,1.3582,3.3532,2.1357
3.5619,1.371,3.3557,2.1281
3.5542,1.371,3.3608,2.1281
3.5517,1.3633,3.3659,2.1357
3.5568,1.3557,3.3583,2.1357
3.5644,1.3608,3.3506,2.1383
3.5644,1.371,3.3532,2.1332
3.5517,1.3684,3.3659,2.1357
3.5593,1.3633,3.3583,2.1434
3.5593,1.3608,3.3583,2.1357
3.5593,1.3608,3.3583,2.1306
3.5593,1.3608,3.3608,2.1357
3.5593,1.3608,3.3583,2.1434
3.5568,1.3633,3.3583,2.1332
3.5593,1.3633,3.3583,2.1281
3.5593,1.3608,3.3583,2.1332
3.5593,1.3557,3.3583,2.1408
3.5644,1.3608,3.3532,2.1281
3.5593,1.3659,3.3557,2.1306
3.5517,1.3608,3.3659,2.1357
3.5491,1.3557,3.3659,2.1434
3.5644,1.3608,3.3506,2.1357
3.5593,1.3659,3.3583,2.1281
3.5517,1.3633,3.3659,2.1357
3.5644,1.3557,3.3583,2.1408
3.5644,1.3684,3.3557,2.1357
3.5568,1.3659,3.3634,2.1306
3.5542,1.3582,3.3634,2.1408
3.5619,1.3557,3.3506,2.1434
3.5644,1.3684,3.3506,2.1281
3.5517,1.3684,3.3659,2.1357
3.5542,1.3557,3.3659,2.1408
3.5644,1.3608,3.3506,2.1357
3.5619,1.3659,3.3506,2.1332
3.5568,1.3582,3.3583,2.1357
3.5517,1.3608,3.3659,2.1357
3.5568,1.3557,3.3583,2.1357
3.5644,1.3633,3.3532,2.1357
3.5568,1.3684,3.3583,2.1357
3.5593,1.3608,3.3583,2.1332
3.5593,1.3608,3.3557,2.1332
3.5568,1.3608,3.3506,2.1281
3.5517,1.371,3.3634,2.1357
3.5542,1.3532,3.3557,2.1383
3.5619,1.3582,3.3506,2.1357
3.5568,1.3659,3.3583,2.1281
3.5517,1.3608,3.3634,2.1357
3.5568,1.3557,3.3557,2.1332
3.5593,1.3608,3.3557,2.1332
3.5568,1.3582,3.3557,2.1332
3.5517,1.3608,3.3608,2.1408
3.5593,1.3557,3.3532,2.1383
3.567,1.3582,3.3506,2.1332
3.5542,1.3633,3.3506,2.1332
3.5491,1.3633,3.3583,2.1332
3.5491,1.3506,3.3583,2.1357
3.5619,1.3481,3.3506,2.1383
3.5619,1.3582,3.3404,2.1306
3.5568,1.3582,3.3506,2.123
3.5491,1.3532,3.3506,2.1306
3.5542,1.3455,3.3481,2.1357
3.5619,1.3455,3.3379,2.1281
3.5542,1.3557,3.3404,2.123
3.5491,1.3582,3.3506,2.1281
3.5491,1.3455,3.3506,2.1357
3.5542,1.343,3.343,2.1332
3.5593,1.3506,3.3404,2.1281
3.5542,1.3557,3.3455,2.1204
3.5466,1.3532,3.3506,2.1281
3.5542,1.3455,3.3455,2.1332
3.5593,1.343,3.3353,2.1281
3.5593,1.3557,3.3379,2.123
3.5491,1.3557,3.3455,2.1281
3.5466,1.3506,3.3506,2.1332
3.5542,1.3506,3.3455,2.1255
3.5593,1.3532,3.3404,2.1281
3.5568,1.3557,3.3455,2.1281
3.5466,1.3455,3.3532,2.1332
3.5619,1.3481,3.3404,2.1357
3.5593,1.3557,3.3404,2.1204
3.5491,1.3532,3.3532,2.1281
3.5568,1.3455,3.3481,2.1357
3.5593,1.3506,3.3404,2.1281
3.5568,1.3532,3.3481,2.1281
3.5542,1.3532,3.3455,2.1357
3.5593,1.3532,3.3404,2.1306
3.5568,1.3557,3.3455,2.123
3.5491,1.3506,3.3532,2.1281
3.5568,1.3455,3.3481,2.1357
3.5619,1.3532,3.3404,2.1281
3.5568,1.3557,3.3506,2.1281
3.5491,1.3532,3.3481,2.1281
3.5568,1.3506,3.3455,2.1281
3.5568,1.3608,3.3481,2.1255
3.5491,1.3557,3.3506,2.1332
3.5542,1.3506,3.3506,2.1306
3.5593,1.3557,3.3506,2.1255
3.5568,1.3557,3.3532,2.1306
3.5568,1.3557,3.3506,2.1383
3.5619,1.3557,3.3455,2.1306
3.5517,1.3659,3.3583,2.1255
3.5593,1.3532,3.3532,2.1383
3.5644,1.3659,3.3481,2.1281
3.5491,1.3659,3.3608,2.1281
3.5517,1.3582,3.3557,2.1408
3.5593,1.3633,3.3506,2.1357
3.5644,1.3608,3.3583,2.1281
3.5568,1.3659,3.3659,2.1332
3.5491,1.3557,3.3659,2.1434
3.5619,1.3557,3.3557,2.1434
3.5644,1.3633,3.3532,2.1281
3.5568,1.3684,3.3685,2.1306
3.5491,1.3659,3.3685,2.1434
3.5593,1.3608,3.3634,2.1434
3.5644,1.3659,3.3583,2.1383
3.5593,1.371,3.3634,2.1332
3.5517,1.3659,3.371,2.1357
3.5568,1.3633,3.3659,2.1459
3.5619,1.3659,3.3583,2.1332
