4.4745,0.89428,3.1671,2.1995
4.4668,0.89428,3.1773,2.2071
4.4745,0.88664,3.1697,2.2122
4.4719,0.88664,3.1671,2.2046
4.4719,0.89173,3.1697,2.1969
4.4643,0.88919,3.1773,2.2046
4.4719,0.88154,3.1722,2.2071
4.4719,0.88664,3.1722,2.2071
4.4719,0.89428,3.1722,2.2046
4.4694,0.88664,3.1697,2.2122
4.4719,0.88664,3.1646,2.2071
4.4694,0.89173,3.1722,2.1995
4.4668,0.88664,3.1799,2.2046
4.4719,0.88154,3.1697,2.2148
4.4796,0.88409,3.1671,2.1995
4.4668,0.89173,3.1773,2.1995
4.4643,0.88409,3.1824,2.2122
4.477,0.88664,3.1671,2.2071
4.4719,0.89683,3.1722,2.1995
4.4668,0.88664,3.1773,2.2071
4.4719,0.88409,3.1748,2.2071
4.4719,0.88664,3.1722,2.2071
4.4643,0.89428,3.1799,2.2071
4.4643,0.87899,3.1799,2.2097
4.477,0.88664,3.1671,2.2071
4.4719,0.89683,3.1722,2.2046
4.4694,0.88919,3.1722,2.2071
4.4719,0.88664,3.1671,2.2046
4.4694,0.89428,3.1722,2.2071
4.4668,0.88664,3.1824,2.2071
4.4719,0.88664,3.1748,2.2071
4.4745,0.88664,3.1748,2.1995
4.4643,0.88919,3.1799,2.2046
4.4719,0.88919,3.1748,2.2046
4.4719,0.88664,3.1671,2.1995
4.4643,0.89683,3.1799,2.2046
4.4719,0.88409,3.1722,2.2122
4.4796,0.88919,3.1646,2.2046
4.4719,0.89683,3.1722,2.202
4.4668,0.88154,3.1773,2.2122
4.4796,0.88154,3.1671,2.2046
4.4719,0.89683,3.1748,2.1995
4.4643,0.88919,3.1799,2.2071
4.4719,0.88154,3.1748,2.2046
4.4745,0.88664,3.1722,2.2071
4.4745,0.89428,3.1697,2.2071
4.4668,0.88919,3.1722,2.2122
4.477,0.88664,3.1671,2.2071
4.4719,0.89428,3.1773,2.1995
4.4643,0.88409,3.1773,2.2071
4.4719,0.88154,3.1697,2.2046
4.477,0.89428,3.1671,2.1995
4.4668,0.89428,3.1773,2.1995
4.4668,0.88154,3.1773,2.2122
4.477,0.88154,3.1671,2.2071
4.4719,0.89428,3.1722,2.1995
4.4668,0.88919,3.1773,2.2046
4.4745,0.88154,3.1722,2.2071
4.4719,0.88664,3.1748,2.2071
4.4745,0.88664,3.1799,2.2071
4.4719,0.88409,3.1697,2.2122
4.4796,0.88664,3.1646,2.1995
4.4668,0.89428,3.1773,2.1995
4.4719,0.88409,3.1722,2.2122
4.4745,0.88664,3.1697,2.2071
4.4719,0.89428,3.1773,2.2046
4.4694,0.88409,3.1773,2.2097
4.4796,0.88409,3.1671,2.2071
4.4821,0.88919,3.1697,2.202
4.4668,0.88919,3.1799,2.2071
4.4745,0.88409,3.1722,2.2122
4.4796,0.88664,3.1671,2.2071
4.4719,0.89428,3.1722,2.202
4.4694,0.88409,3.1799,2.2122
4.4796,0.88409,3.1671,2.2122
4.4796,0.89683,3.1671,2.202
4.4668,0.89683,3.1799,2.2071
4.4745,0.87899,3.1722,2.2148
4.4745,0.88919,3.1697,2.1995
4.4745,0.88664,3.1697,2.2071
4.4745,0.88154,3.1748,2.2122
4.4796,0.88919,3.1671,2.202
4.4745,0.88664,3.1697,2.2097
4.4745,0.88664,3.1773,2.2071
4.4745,0.88154,3.1697,2.2071
4.4796,0.88664,3.1646,2.202
4.4668,0.89428,3.1773,2.2071
4.4668,0.88664,3.1722,2.2097
4.4745,0.88664,3.1722,2.2071
4.4719,0.88664,3.1646,2.1995
4.4668,0.89173,3.1722,2.1995
4.4668,0.88154,3.1773,2.2122
4.4745,0.88154,3.1697,2.2046
4.4796,0.88664,3.1722,2.2071
4.4745,0.89173,3.1722,2.2046
4.4719,0.88664,3.1748,2.2046
4.4745,0.88664,3.1697,2.2046
4.4745,0.89428,3.1773,2.1995
4.4668,0.88664,3.1773,2.2122
4.4796,0.88154,3.1646,2.2071
4.477,0.89173,3.1722,2.1995
4.4668,0.88664,3.1773,2.2071
4.4719,0.88154,3.1646,2.2122
4.4796,0.89173,3.1671,2.1995
4.4668,0.88664,3.1773,2.2046
4.4719,0.88409,3.1722,2.2122
4.477,0.88664,3.1646,2.1995
4.4668,0.89428,3.1773,2.2071
4.4694,0.88154,3.1697,2.2097
4.477,0.88664,3.1697,2.2071
4.4745,0.88664,3.1722,2.2046
4.4719,0.88664,3.1697,2.2097
4.4796,0.88409,3.1697,2.2046
4.4719,0.89173,3.1722,2.1969
4.4643,0.88664,3.1773,2.2122
4.477,0.88154,3.1671,2.2071
4.4719,0.89428,3.1697,2.1995
4.4668,0.88664,3.1773,2.2046
4.4719,0.88154,3.1722,2.2071
4.4796,0.88664,3.1697,2.2046
4.4719,0.89428,3.1773,2.2046
4.4617,0.88664,3.1722,2.2122
4.477,0.88664,3.1671,2.2046
4.4745,0.88664,3.1722,2.2071
4.4719,0.88664,3.1748,2.2046
4.4719,0.88664,3.1722,2.2097
4.4796,0.89428,3.1671,2.2071
4.4745,0.88664,3.1722,2.2046
4.4719,0.88409,3.1722,2.2046
4.4719,0.88664,3.1722,2.2046
4.477,0.88664,3.1722,2.2071
4.4745,0.89173,3.1697,2.2046
4.4643,0.88664,3.1773,2.2046
4.4719,0.88664,3.1697,2.2046
4.4745,0.88664,3.1722,2.1995
4.4668,0.88919,3.1773,2.2071
4.4719,0.88409,3.1697,2.2122
4.4796,0.89173,3.1671,2.1995
4.4668,0.89683,3.1773,2.2046
4.4668,0.87899,3.1697,2.2122
4.477,0.88664,3.1671,2.2071
4.4745,0.89428,3.1722,2.2071
4.4719,0.88664,3.1773,2.2071
4.4745,0.88664,3.1748,2.2071
4.4745,0.88919,3.1722,2.1995
4.4745,0.88664,3.1773,2.2046
4.4719,0.88154,3.1722,2.2148
4.4796,0.88664,3.1671,2.2046
4.4745,0.89428,3.1697,2.202
4.4643,0.88919,3.1773,2.2071
4.4745,0.88154,3.1722,2.2097
4.4796,0.88664,3.1646,2.1995
4.4745,0.89428,3.1697,2.1995
4.4668,0.88664,3.1697,2.2071
4.4745,0.87899,3.1697,2.2071
4.477,0.88664,3.1646,2.2071
4.4745,0.89428,3.1697,2.2046
4.4745,0.88664,3.1697,2.2122
4.4745,0.87899,3.162,2.2071
4.4745,0.89428,3.1697,2.1995
4.4694,0.88664,3.1799,2.2046
4.4745,0.87899,3.1697,2.2071
4.4821,0.88409,3.162,2.2071
4.4719,0.89173,3.1722,2.2071
4.4745,0.88664,3.1773,2.2122
4.4796,0.88154,3.1697,2.2122
4.4745,0.88664,3.1671,2.2071
4.477,0.88664,3.1697,2.2071
4.4745,0.88919,3.1697,2.2097
4.4745,0.88409,3.1697,2.2046
4.4745,0.88664,3.1697,2.1995
4.4668,0.88664,3.1773,2.2046
4.4745,0.88154,3.1697,2.2097
4.4796,0.88664,3.1646,2.2046
4.4719,0.89173,3.1697,2.2046
4.4643,0.88664,3.1748,2.2046
4.477,0.87899,3.1671,2.2097
4.4796,0.88664,3.1646,2.2071
4.477,0.89683,3.1697,2.2071
4.4694,0.88664,3.1773,2.2071
4.4745,0.88154,3.1697,2.2122
4.4821,0.88664,3.1646,2.2071
4.4745,0.89173,3.1671,2.2046
4.4668,0.88664,3.1773,2.2071
4.4745,0.88154,3.1697,2.2122
4.4821,0.88919,3.1646,2.2071
4.477,0.89428,3.1671,2.2046
4.4694,0.88664,3.1773,2.2046
4.477,0.88154,3.1697,2.2071
4.4821,0.89173,3.1646,2.2071
4.4694,0.89173,3.1748,2.2046
4.4745,0.88664,3.1697,2.2122
4.4745,0.88664,3.1697,2.202
4.4821,0.89173,3.162,2.1995
4.4668,0.89428,3.1748,2.1995
4.4668,0.87644,3.1748,2.2122
4.4745,0.88154,3.1697,2.2122
4.4821,0.88664,3.162,2.1995
4.4668,0.89428,3.1671,2.2046
4.4719,0.88664,3.1697,2.2046
4.4745,0.88664,3.1697,2.2071
4.4745,0.88664,3.1671,2.2071
4.4745,0.88409,3.1697,2.2046
4.4745,0.88409,3.1697,2.2122
4.4745,0.88664,3.1697,2.2071
4.477,0.88664,3.1697,2.1995
4.4668,0.88409,3.1748,2.2046
4.4796,0.87899,3.1671,2.2122
4.4745,0.88664,3.1671,2.2046
4.4745,0.88664,3.1671,2.2046
4.4745,0.88154,3.1697,2.2097
4.4821,0.88919,3.1646,2.1995
4.4719,0.89173,3.1722,2.2046
4.4719,0.88154,3.1671,2.2097
4.4821,0.88664,3.162,2.2046
4.4694,0.88664,3.1773,2.2046
4.4745,0.87644,3.1671,2.2122
4.4796,0.88664,3.1697,2.2046
4.4745,0.88664,3.1697,2.2071
4.477,0.88664,3.1697,2.2097
4.4821,0.88664,3.1646,2.2046
4.4694,0.89428,3.1748,2.1995
4.4694,0.87899,3.1748,2.2097
4.4796,0.88664,3.1671,2.2071
4.477,0.89428,3.1671,2.1995
4.4668,0.88154,3.1748,2.2122
4.4745,0.88154,3.1697,2.2122
4.4796,0.89173,3.1646,2.2071
4.4745,0.89428,3.1773,2.1995
4.4694,0.88919,3.1773,2.2122
4.4745,0.88154,3.1646,2.2122
4.4847,0.88664,3.1671,2.1995
4.4668,0.89173,3.1773,2.1995
4.4719,0.88919,3.1773,2.2097
4.477,0.88919,3.1697,2.2046
4.4821,0.89428,3.1671,2.202
4.477,0.89428,3.1722,2.2071
4.4694,0.88154,3.1773,2.2148
4.4821,0.88919,3.1671,2.2046
4.477,0.89683,3.1722,2.2071
4.4694,0.88919,3.1773,2.2071
4.4745,0.88154,3.1722,2.2122
4.4745,0.88919,3.1722,2.2097
4.477,0.88919,3.1697,2.2071
4.4745,0.88409,3.1722,2.2097
4.4796,0.88664,3.1671,2.2071
4.4668,0.89683,3.1748,2.202
4.4694,0.88409,3.1773,2.2071
4.4821,0.88154,3.1671,2.2071
4.4821,0.89683,3.1722,2.202
4.4694,0.88919,3.1773,2.2071
4.477,0.88154,3.1722,2.2071
4.4745,0.88919,3.1671,2.2071
4.4745,0.89683,3.1722,2.2071
4.4745,0.88919,3.1722,2.2097
4.4821,0.89173,3.1671,2.202
4.4745,0.89683,3.1722,2.1995
4.4694,0.88664,3.1748,2.2071
4.477,0.88919,3.1748,2.2122
4.4796,0.88919,3.1722,2.2071
4.477,0.88919,3.1748,2.2071
4.4745,0.88919,3.1748,2.2071
4.4745,0.88664,3.1748,2.2071
4.477,0.88919,3.1748,2.1995
4.4719,0.89173,3.1799,2.2071
4.4745,0.88409,3.1722,2.2122
4.4821,0.88919,3.1671,2.2097
4.4745,0.89683,3.1722,2.202
4.4668,0.89173,3.1824,2.2097
4.4745,0.88409,3.1748,2.2148
4.4796,0.89683,3.1646,2.1995
4.4694,0.89683,3.1799,2.2071
4.4745,0.88409,3.1748,2.2148
4.4796,0.88919,3.1671,2.2071
4.477,0.89683,3.1722,2.2071
4.477,0.89173,3.1773,2.2071
4.4745,0.89173,3.1722,2.2046
4.477,0.88919,3.1748,2.202
4.4694,0.88919,3.1799,2.2071
4.477,0.88409,3.1748,2.2071
4.4821,0.89173,3.1722,2.2097
4.477,0.88919,3.1773,2.2097
4.4745,0.88154,3.1748,2.2148
4.477,0.89173,3.1697,2.202
4.477,0.89173,3.1722,2.2097
4.4745,0.89173,3.1748,2.2122
4.4821,0.88919,3.1671,2.2097
4.477,0.89683,3.1722,2.202
4.4694,0.89173,3.1773,2.2122
4.477,0.88409,3.1722,2.2122
4.4847,0.89173,3.1671,2.202
4.4694,0.89683,3.1799,2.2071
4.477,0.88409,3.1748,2.2148
4.4821,0.89173,3.1671,2.2097
4.4694,0.89428,3.1748,2.202
4.4694,0.88409,3.1799,2.2122
4.4821,0.88154,3.1671,2.2148
4.4821,0.89683,3.1671,2.202
4.4694,0.89173,3.1824,2.2097
4.477,0.88409,3.1748,2.2173
4.4821,0.88919,3.1671,2.2071
4.477,0.89683,3.1722,2.202
4.4694,0.88919,3.1722,2.2097
4.477,0.88919,3.1722,2.2071
4.477,0.88919,3.1748,2.2097
4.477,0.89683,3.1748,2.202
4.4694,0.88409,3.1799,2.2122
4.4796,0.89173,3.1646,2.2071
4.477,0.89683,3.1799,2.1995
4.4694,0.88409,3.1799,2.2122
4.4821,0.88919,3.1671,2.2071
4.477,0.89683,3.1748,2.202
4.4719,0.88919,3.1799,2.2071
4.477,0.88919,3.1722,2.2071
4.4745,0.89173,3.1722,2.202
4.4719,0.88919,3.1799,2.2122
4.477,0.88664,3.1697,2.2071
4.477,0.89173,3.1722,2.202
4.4694,0.88919,3.1773,2.2046
4.477,0.88664,3.1748,2.2071
4.477,0.88919,3.1722,2.2097
4.477,0.88919,3.1722,2.2071
4.477,0.88664,3.1748,2.2148
4.4796,0.88919,3.1671,2.2071
4.477,0.89938,3.1722,2.202
4.4694,0.88919,3.1773,2.2148
4.4796,0.88664,3.1671,2.2148
4.4796,0.89683,3.1671,2.202
4.4668,0.89173,3.1824,2.2097
4.477,0.88409,3.1748,2.2173
4.4796,0.89173,3.1671,2.2071
4.477,0.89683,3.1748,2.2071
4.4668,0.89173,3.1799,2.2148
4.477,0.88409,3.1671,2.2122
4.4821,0.89683,3.1697,2.1995
4.4668,0.89173,3.1799,2.2071
4.4745,0.88409,3.1748,2.2071
4.4796,0.88919,3.1697,2.2071
4.477,0.89683,3.1748,2.2071
4.4694,0.88919,3.1824,2.2148
4.477,0.88409,3.1748,2.2122
4.4796,0.89173,3.1697,2.2097
4.4694,0.89683,3.1824,2.202
4.4719,0.88409,3.1824,2.2122
4.4847,0.88409,3.1697,2.2097
4.4745,0.89173,3.1773,2.1995
4.4643,0.89683,3.1748,2.2071
4.4745,0.88664,3.1748,2.2148
4.4821,0.89173,3.1671,2.2097
4.4745,0.89683,3.1748,2.202
4.4668,0.89683,3.1748,2.2071
4.4745,0.89173,3.1748,2.2122
4.4745,0.89173,3.1748,2.2071
4.4745,0.89173,3.1773,2.2046
4.477,0.88919,3.1748,2.2071
4.4745,0.88664,3.1748,2.2148
4.4796,0.89173,3.1671,2.2071
4.4796,0.89683,3.1773,2.2071
4.4668,0.89683,3.1799,2.2071
4.4745,0.88664,3.1773,2.2122
4.4796,0.88919,3.1722,2.2071
4.4719,0.89938,3.1773,2.2046
4.4668,0.89173,3.1824,2.2071
4.4745,0.88409,3.1748,2.2148
4.4821,0.89173,3.1722,2.2122
4.4745,0.89683,3.1773,2.2097
4.4694,0.89428,3.1824,2.2071
4.4745,0.88664,3.1773,2.2148
4.4796,0.89173,3.1697,2.202
4.4719,0.89938,3.1773,2.202
4.4668,0.89428,3.1824,2.2148
4.4745,0.88664,3.1697,2.2122
4.4796,0.89173,3.1722,2.2046
4.4719,0.89938,3.1773,2.202
4.4668,0.89428,3.185,2.2148
4.4796,0.88664,3.1697,2.2148
4.4821,0.89938,3.1697,2.202
4.4668,0.89173,3.1824,2.2097
4.4719,0.88664,3.1773,2.2071
4.4821,0.89428,3.1697,2.2097
4.477,0.89938,3.1824,2.2046
4.4745,0.89428,3.1799,2.2148
4.4796,0.89173,3.1722,2.202
4.477,0.90193,3.1773,2.202
4.4668,0.88664,3.185,2.2148
4.4821,0.88664,3.1722,2.2097
4.477,0.89938,3.1773,2.2097
4.4668,0.89428,3.1799,2.2097
4.4745,0.89173,3.1773,2.2071
4.477,0.89428,3.1773,2.2097
4.4694,0.89173,3.185,2.2097
4.4745,0.88664,3.1773,2.2148
4.4821,0.89173,3.1697,2.2046
4.4668,0.89938,3.185,2.2097
4.4745,0.88664,3.1773,2.2097
4.4796,0.89173,3.1722,2.2097
4.477,0.89938,3.1824,2.2046
4.4694,0.89683,3.185,2.2097
4.4745,0.89428,3.1799,2.2122
4.4745,0.89428,3.1773,2.2046
4.4668,0.89428,3.185,2.2097
4.4745,0.88664,3.1799,2.2173
4.477,0.89683,3.1748,2.2097
4.4745,0.90193,3.1773,2.2046
4.4668,0.89683,3.185,2.2173
4.4719,0.88664,3.1824,2.2173
4.4796,0.89428,3.1824,2.2097
4.4745,0.89428,3.1773,2.2097
4.4745,0.88664,3.1799,2.2122
4.4719,0.89428,3.1799,2.2097
4.4719,0.89428,3.1824,2.2071
4.4745,0.89173,3.1799,2.2173
4.4821,0.89683,3.1722,2.2046
4.4745,0.89938,3.1799,2.202
4.4668,0.89428,3.1875,2.2173
4.4719,0.88664,3.1824,2.2173
4.4796,0.89683,3.1773,2.2046
4.4745,0.90193,3.185,2.2046
4.4668,0.89683,3.1875,2.2148
4.4745,0.88664,3.1799,2.2097
4.477,0.89683,3.1748,2.2097
4.4745,0.90193,3.1824,2.2071
4.4668,0.89683,3.1875,2.2097
4.4719,0.88664,3.1799,2.2097
4.4719,0.89683,3.1799,2.2122
4.4745,0.89428,3.1824,2.2097
4.4719,0.89683,3.185,2.2148
4.477,0.89683,3.1773,2.2097
4.4719,0.89428,3.1824,2.2097
4.4745,0.89683,3.1799,2.2173
4.4719,0.89428,3.1824,2.2097
4.4745,0.90448,3.1824,2.2046
4.4668,0.89428,3.1875,2.2173
4.4796,0.88919,3.1748,2.2173
4.477,0.90193,3.1824,2.2097
4.4668,0.89683,3.1875,2.2122
4.4745,0.89173,3.1824,2.2097
4.4796,0.89683,3.1824,2.2097
4.4745,0.90193,3.1875,2.2097
4.4668,0.88919,3.1875,2.2173
4.4796,0.89683,3.1748,2.2097
4.4719,0.90448,3.1824,2.2046
4.4668,0.89683,3.1875,2.2097
4.4719,0.88664,3.1799,2.2173
4.4796,0.89428,3.1748,2.2097
4.4745,0.89428,3.1799,2.2097
4.4668,0.89428,3.1875,2.2097
4.4745,0.88664,3.1773,2.2097
4.4745,0.89428,3.1824,2.2097
4.4719,0.89428,3.1824,2.2097
4.4719,0.89683,3.1799,2.2173
4.4745,0.89428,3.1799,2.2122
4.4719,0.89428,3.1773,2.2046
4.477,0.89173,3.1875,2.2071
4.4745,0.88664,3.1824,2.2148
4.477,0.89428,3.1748,2.2097
4.4719,0.89938,3.1799,2.2071
4.4668,0.89428,3.185,2.2097
4.4719,0.88664,3.1748,2.2148
4.4796,0.89683,3.1748,2.202
4.4745,0.89428,3.1799,2.2097
4.4719,0.89428,3.1875,2.2148
4.4796,0.88664,3.1748,2.2097
4.477,0.90193,3.1773,2.2046
4.4643,0.89428,3.1875,2.2097
4.4745,0.88664,3.1799,2.2148
4.4796,0.89683,3.1722,2.2097
4.4745,0.89938,3.1773,2.2046
4.4668,0.88664,3.185,2.2148
4.4745,0.88664,3.1697,2.2122
4.4796,0.89938,3.1697,2.202
4.4668,0.90193,3.185,2.2097
4.4668,0.88664,3.1773,2.2173
4.4796,0.89428,3.1697,2.2097
4.477,0.89173,3.1773,2.2071
4.4668,0.89428,3.185,2.2071
4.4745,0.89173,3.1748,2.2097
4.4796,0.89428,3.1773,2.2097
4.4745,0.89173,3.1748,2.2097
4.4668,0.88409,3.1799,2.2148
4.4821,0.88664,3.1671,2.2097
4.4821,0.89683,3.1773,2.202
4.4694,0.89938,3.1824,2.2071
4.4745,0.88664,3.1748,2.2148
4.4796,0.89173,3.1697,2.2097
4.4745,0.89938,3.1773,2.2071
4.4694,0.88919,3.1773,2.2097
4.477,0.88664,3.1697,2.2122
4.4796,0.89938,3.1697,2.2097
4.4745,0.89173,3.1773,2.2097
4.4745,0.89173,3.1799,2.2071
4.4745,0.89173,3.1799,2.2097
4.4796,0.89173,3.1773,2.2097
4.4745,0.89938,3.1773,2.2046
4.4668,0.89173,3.1824,2.2148
4.4719,0.88664,3.1697,2.2148
4.477,0.88919,3.1773,2.2097
4.4719,0.89938,3.1799,2.2046
4.4668,0.89428,3.185,2.2097
4.4745,0.88664,3.1799,2.2148
