1.4589,0.68524,1.5562,0.96782
1.4512,0.68015,1.5613,0.96782
1.464,0.6725,1.5511,0.97547
1.464,0.68015,1.5485,0.97037
1.4589,0.6827,1.5562,0.96272
1.4512,0.68015,1.5613,0.97037
1.4512,0.6725,1.5613,0.97547
1.464,0.6725,1.5536,0.96782
1.4589,0.6776,1.5536,0.97037
1.4589,0.68015,1.5562,0.96782
1.4563,0.68015,1.5536,0.97037
1.4589,0.6776,1.5587,0.96782
1.464,0.6776,1.5511,0.97037
1.4589,0.68524,1.5562,0.96272
1.4538,0.68015,1.5613,0.97547
1.4614,0.6725,1.5536,0.97547
1.464,0.6776,1.5511,0.96782
1.4563,0.68524,1.5536,0.96272
1.4538,0.68015,1.5613,0.96527
1.4563,0.6725,1.5562,0.97547
1.464,0.68015,1.5511,0.96272
1.4563,0.68524,1.5562,0.96272
1.4589,0.68015,1.5562,0.96782
1.4589,0.68015,1.5562,0.96782
1.4563,0.67505,1.5562,0.97037
1.4614,0.6776,1.5511,0.97037
1.4563,0.68779,1.5562,0.96272
1.4512,0.6776,1.5664,0.97037
1.4512,0.6725,1.5638,0.97547
1.4589,0.67505,1.5562,0.97547
1.464,0.68779,1.5511,0.96527
1.4589,0.68524,1.5562,0.96527
1.4563,0.68015,1.5562,0.96782
1.4589,0.6776,1.5613,0.96782
1.4563,0.6725,1.5562,0.96782
1.464,0.6776,1.5485,0.96782
1.4563,0.68015,1.5562,0.96272
1.4563,0.68779,1.5536,0.96782
1.4589,0.68015,1.5613,0.97037
1.4563,0.6725,1.5536,0.97547
1.464,0.68015,1.5511,0.96782
1.464,0.68524,1.5511,0.96272
1.4589,0.68524,1.5638,0.96272
1.4538,0.67505,1.5613,0.97292
1.4563,0.6725,1.5536,0.97547
1.464,0.68015,1.5485,0.97037
1.464,0.68524,1.5485,0.96272
1.4589,0.68015,1.5562,0.97037
1.4589,0.6776,1.5638,0.96782
1.4563,0.68015,1.5536,0.96782
1.4614,0.6725,1.5511,0.97037
1.4665,0.68524,1.5485,0.96272
1.4589,0.68524,1.5562,0.96527
1.4538,0.68015,1.5638,0.97037
1.4589,0.68015,1.5562,0.96782
1.4589,0.6725,1.5562,0.97037
1.464,0.6776,1.5485,0.96782
1.4589,0.68015,1.5536,0.96527
1.4589,0.6827,1.5562,0.97037
1.4563,0.68015,1.5562,0.96782
1.4589,0.6725,1.5536,0.97547
1.464,0.6725,1.5485,0.97037
1.4589,0.68015,1.5562,0.96782
1.4563,0.68524,1.5562,0.96527
1.4589,0.68015,1.5536,0.96782
1.4512,0.6776,1.5613,0.96782
1.4589,0.6725,1.5536,0.97802
1.4563,0.6776,1.5536,0.96527
1.4614,0.6776,1.5536,0.96782
1.4589,0.6827,1.5511,0.96272
1.4512,0.6827,1.5587,0.96782
1.4512,0.66995,1.5587,0.97547
1.4589,0.66995,1.5511,0.97292
1.4589,0.6776,1.5536,0.96782
1.4563,0.6776,1.546,0.96272
1.4563,0.6827,1.5511,0.96017
1.4589,0.6776,1.5511,0.96782
1.4512,0.67505,1.5536,0.96527
1.4563,0.66995,1.5536,0.97547
1.464,0.66995,1.546,0.96527
1.464,0.6827,1.546,0.96272
1.4512,0.6827,1.5536,0.96017
1.4538,0.68015,1.5613,0.96782
1.4589,0.6725,1.5536,0.97547
1.4563,0.6776,1.5536,0.96782
1.4589,0.68015,1.5536,0.96782
1.4589,0.68524,1.5562,0.96272
1.4512,0.68015,1.5587,0.96782
1.4589,0.6725,1.5562,0.97292
1.4614,0.68015,1.5511,0.97037
1.4589,0.6827,1.5562,0.96272
1.4487,0.68524,1.5638,0.97037
1.4538,0.6725,1.5562,0.97547
1.464,0.68015,1.5511,0.97037
1.4563,0.68524,1.5562,0.96272
1.4512,0.6776,1.5613,0.96782
1.4563,0.6725,1.5536,0.96782
1.464,0.6776,1.546,0.96782
1.464,0.6827,1.546,0.96272
1.4512,0.6827,1.5587,0.96782
1.4512,0.6674,1.5587,0.97292
1.4614,0.66995,1.5434,0.97292
1.464,0.68015,1.546,0.96272
1.4461,0.6827,1.5562,0.96017
1.4512,0.6776,1.5562,0.97292
1.4563,0.6725,1.5536,0.97547
1.4589,0.6776,1.5511,0.96782
1.4614,0.6776,1.5485,0.96782
1.4563,0.6827,1.5536,0.96527
1.4512,0.67505,1.5587,0.96782
1.4589,0.66995,1.5511,0.97547
1.464,0.6776,1.546,0.96272
1.4563,0.6827,1.5536,0.96272
1.4563,0.6776,1.5511,0.96527
1.4589,0.6776,1.5536,0.97547
1.4589,0.6776,1.5536,0.96782
1.464,0.6776,1.5485,0.96782
1.4589,0.6827,1.5511,0.96782
1.4512,0.6776,1.5587,0.96782
1.4563,0.66995,1.5536,0.96782
1.464,0.66995,1.5485,0.96782
1.4665,0.68015,1.546,0.96017
1.4538,0.6827,1.5511,0.96272
1.4487,0.6776,1.5587,0.97547
1.4563,0.6725,1.5536,0.96782
1.464,0.6776,1.5485,0.96782
1.4563,0.6827,1.5536,0.96272
1.4538,0.6776,1.5562,0.97037
1.4589,0.66995,1.5536,0.97292
1.464,0.6776,1.546,0.96782
1.4563,0.6827,1.5536,0.96017
1.4538,0.68524,1.5587,0.96272
1.4512,0.6776,1.5613,0.97547
1.4614,0.6725,1.5536,0.96782
1.4665,0.6776,1.546,0.96782
1.4589,0.68524,1.5536,0.96527
1.4538,0.6776,1.5587,0.96782
1.4487,0.6725,1.5613,0.97547
1.464,0.6725,1.5485,0.96782
1.4614,0.68524,1.5485,0.96272
1.4512,0.6827,1.5613,0.96272
1.4512,0.66995,1.5613,0.97547
1.4614,0.6725,1.5536,0.97547
1.464,0.6776,1.546,0.96272
1.4589,0.6827,1.5562,0.96527
1.4538,0.68015,1.5613,0.96782
1.4563,0.68015,1.5536,0.97292
1.4589,0.68015,1.5536,0.97292
1.464,0.6776,1.5485,0.96782
1.464,0.6827,1.5485,0.96272
1.4589,0.6827,1.5562,0.96272
1.4487,0.66995,1.5613,0.97037
1.4589,0.6725,1.5536,0.97547
1.4563,0.68015,1.5536,0.97037
1.4563,0.6776,1.5536,0.97037
1.4563,0.68524,1.5613,0.96527
1.4538,0.68015,1.5638,0.97037
1.4589,0.67505,1.5587,0.97547
1.4563,0.6725,1.5511,0.97037
1.464,0.68015,1.5511,0.96272
1.4589,0.68779,1.5562,0.96527
1.4589,0.68015,1.5638,0.97037
1.4538,0.6725,1.5638,0.97802
1.464,0.67505,1.5562,0.97802
1.464,0.68015,1.5511,0.97037
1.4589,0.68779,1.5562,0.96527
1.4512,0.68015,1.5638,0.97037
1.4563,0.67505,1.5511,0.97547
1.4665,0.68779,1.5511,0.97292
1.4512,0.68779,1.5562,0.97292
1.4538,0.68015,1.5664,0.97037
1.4589,0.67505,1.5562,0.97037
1.4665,0.68015,1.5511,0.97037
1.4589,0.68015,1.5562,0.96527
1.4589,0.68524,1.5587,0.97037
1.4512,0.68015,1.5638,0.97037
1.4589,0.67505,1.5587,0.97547
1.4589,0.68015,1.5613,0.97037
1.464,0.68779,1.5536,0.96527
1.4538,0.68779,1.5664,0.97037
1.4512,0.67505,1.5664,0.97802
1.464,0.6776,1.5536,0.97037
1.464,0.69034,1.5536,0.96527
1.4589,0.68779,1.5587,0.96527
1.4538,0.6827,1.5664,0.97037
1.4538,0.6776,1.5664,0.97802
1.4589,0.6827,1.5587,0.97292
1.4614,0.6827,1.5562,0.96527
1.4589,0.68524,1.5613,0.97292
1.4589,0.6827,1.5587,0.97292
1.4563,0.6827,1.5613,0.97292
1.4665,0.68015,1.5562,0.97037
1.4614,0.69034,1.5664,0.96527
1.4512,0.6776,1.5664,0.97292
1.4589,0.6776,1.5613,0.97292
1.464,0.6827,1.5562,0.97292
1.4589,0.6827,1.5613,0.96527
1.4589,0.6827,1.5638,0.96782
1.4538,0.68015,1.5664,0.97802
1.464,0.6776,1.5562,0.97292
1.4665,0.69034,1.5536,0.96782
1.4563,0.69034,1.5689,0.97547
1.4538,0.6776,1.5689,0.97802
1.4665,0.68015,1.5562,0.97547
1.464,0.69034,1.5562,0.96527
1.4538,0.68524,1.5689,0.97037
1.4589,0.6776,1.5638,0.97802
1.4665,0.6827,1.5562,0.97292
1.4589,0.69034,1.5587,0.96527
1.4538,0.6827,1.5664,0.97292
1.4563,0.67505,1.5638,0.97802
1.464,0.68015,1.5536,0.97037
1.464,0.68779,1.5587,0.96527
1.4589,0.68015,1.5613,0.97547
1.4589,0.6827,1.5587,0.97547
1.4589,0.6776,1.5536,0.97292
1.4665,0.68779,1.5536,0.96527
1.4538,0.68779,1.5664,0.97292
1.4512,0.67505,1.5664,0.97802
1.4665,0.67505,1.5536,0.97037
1.4589,0.6827,1.5613,0.96527
1.4563,0.6827,1.5613,0.97292
1.4538,0.6776,1.5664,0.98057
1.4589,0.6776,1.5587,0.97547
1.4665,0.6827,1.5536,0.97547
1.464,0.68779,1.5562,0.96527
1.4512,0.69289,1.5664,0.96272
1.4538,0.6776,1.5664,0.97802
1.464,0.6776,1.5587,0.97802
1.4665,0.6827,1.5536,0.97037
1.4589,0.68015,1.5562,0.96527
1.4589,0.69034,1.5587,0.97037
1.4538,0.68015,1.5638,0.97292
1.4589,0.6776,1.5613,0.97547
1.464,0.6827,1.5536,0.97292
1.464,0.68779,1.5536,0.96527
1.4512,0.68524,1.5664,0.97037
1.4538,0.68015,1.5638,0.97547
1.4589,0.67505,1.5511,0.98057
1.4665,0.68015,1.5536,0.97292
1.4589,0.68015,1.5587,0.96527
1.4589,0.68015,1.5587,0.97037
1.4589,0.68015,1.5664,0.97037
1.4589,0.6725,1.5587,0.97547
1.4589,0.68015,1.5587,0.97037
1.4589,0.6776,1.5562,0.96272
1.4589,0.68015,1.5562,0.96782
1.4589,0.6776,1.5562,0.97037
1.4589,0.6776,1.5562,0.97037
1.464,0.6776,1.5536,0.97037
1.4589,0.6776,1.5536,0.96782
1.4538,0.6776,1.5587,0.97037
1.4589,0.67505,1.5536,0.97547
1.4665,0.6776,1.546,0.97037
1.4589,0.6827,1.5536,0.96272
1.4512,0.6776,1.5587,0.96782
1.4512,0.66995,1.5587,0.97547
1.4614,0.66995,1.5485,0.97547
1.464,0.6776,1.546,0.96782
1.4563,0.6827,1.5511,0.96017
1.4563,0.67505,1.5511,0.96527
1.4563,0.67505,1.5511,0.96782
1.4563,0.67505,1.5536,0.96527
1.464,0.6776,1.546,0.96782
1.4614,0.6827,1.546,0.96017
1.4512,0.68524,1.5562,0.96527
1.4512,0.6776,1.5587,0.97292
1.4563,0.6725,1.5511,0.97547
1.464,0.67505,1.5434,0.96017
1.4589,0.6827,1.5587,0.96017
1.4512,0.67505,1.5587,0.96782
1.4512,0.67505,1.5536,0.97292
1.4563,0.66995,1.5485,0.96782
1.464,0.6776,1.5511,0.96527
1.4563,0.6827,1.5536,0.96017
1.4487,0.6827,1.5562,0.96527
1.4538,0.66995,1.5562,0.97547
1.4614,0.6725,1.546,0.97292
1.464,0.6827,1.546,0.96017
1.4512,0.6827,1.5562,0.96017
1.4538,0.66995,1.5511,0.97292
1.464,0.67505,1.5434,0.96782
1.4563,0.6827,1.5511,0.96527
1.4487,0.68015,1.5511,0.96527
1.4563,0.6674,1.5511,0.97547
1.464,0.67505,1.546,0.96527
1.4563,0.68015,1.5485,0.96017
1.4487,0.67505,1.5562,0.96527
1.4563,0.6674,1.5511,0.96527
1.4614,0.6725,1.5485,0.96782
1.4563,0.68015,1.5511,0.96017
1.4563,0.6725,1.5536,0.96527
1.4563,0.6674,1.5485,0.96782
1.4589,0.6725,1.5409,0.96017
1.4563,0.6725,1.5536,0.96527
1.4563,0.6674,1.546,0.97037
1.464,0.67505,1.5409,0.96527
1.4563,0.6776,1.5434,0.95762
1.4538,0.66995,1.5511,0.96272
1.4563,0.66485,1.546,0.96527
1.4589,0.66995,1.5383,0.96272
1.4589,0.66995,1.5409,0.96272
1.4538,0.66995,1.5434,0.96272
1.4563,0.6623,1.5434,0.96272
1.4614,0.6725,1.546,0.96272
1.4538,0.66995,1.5434,0.96272
1.4538,0.66995,1.546,0.96782
1.4563,0.66995,1.546,0.96272
1.4563,0.67505,1.5434,0.96017
1.4487,0.6725,1.5511,0.96272
1.4538,0.6674,1.5434,0.97037
1.4614,0.66995,1.5358,0.95762
1.4563,0.6776,1.546,0.96017
1.4512,0.66995,1.5536,0.97037
1.4563,0.66995,1.546,0.97037
1.4614,0.6776,1.5409,0.95762
1.4487,0.68015,1.5536,0.96272
1.4487,0.6674,1.546,0.97037
1.4589,0.6725,1.546,0.96527
1.4589,0.68015,1.5511,0.96017
1.4512,0.67505,1.5536,0.96527
1.4589,0.6674,1.5511,0.97037
1.464,0.67505,1.5434,0.96527
1.4563,0.68015,1.5511,0.96017
1.4487,0.67505,1.5562,0.96782
1.4563,0.66995,1.5536,0.97292
1.464,0.6776,1.546,0.96782
1.4589,0.68015,1.5511,0.96782
1.4512,0.6776,1.5511,0.97037
1.4589,0.6674,1.5536,0.96782
1.464,0.6776,1.5485,0.96782
1.4589,0.6776,1.5536,0.96782
1.4589,0.68015,1.5536,0.96782
1.4589,0.6776,1.5562,0.96782
1.4563,0.68015,1.5511,0.96272
1.4538,0.6827,1.5587,0.96782
1.4512,0.66995,1.5638,0.97547
1.464,0.6725,1.5562,0.97547
1.4614,0.68015,1.5511,0.97037
1.464,0.68779,1.5511,0.96272
1.4589,0.68015,1.5562,0.96782
1.4512,0.68015,1.5562,0.97292
1.4589,0.6725,1.5562,0.97547
1.464,0.6725,1.5511,0.96782
1.4665,0.68015,1.5511,0.96272
1.4589,0.68524,1.5587,0.96527
1.4563,0.6776,1.5638,0.97802
1.4589,0.6725,1.5562,0.97547
1.4665,0.68015,1.5511,0.97037
1.4589,0.68015,1.5562,0.96527
1.4512,0.68015,1.5613,0.97037
1.4589,0.67505,1.5562,0.97547
1.464,0.68015,1.5562,0.96782
1.4563,0.68524,1.5562,0.96272
1.4538,0.68015,1.5638,0.96782
1.4589,0.68015,1.5562,0.97547
1.4589,0.68015,1.5562,0.97037
1.4589,0.68015,1.5562,0.96527
1.4538,0.68779,1.5638,0.97037
1.4512,0.6725,1.5613,0.97547
1.464,0.6725,1.5511,0.97037
1.4614,0.68524,1.5511,0.96272
1.4538,0.68524,1.5638,0.96527
1.4512,0.67505,1.5613,0.97802
1.464,0.6725,1.5562,0.97547
1.464,0.68015,1.5511,0.96527
1.4563,0.6827,1.5536,0.96272
1.4512,0.68015,1.5587,0.97547
1.4563,0.6725,1.5562,0.97292
1.4665,0.6725,1.5511,0.97037
1.4589,0.6827,1.5536,0.96782
1.4538,0.6776,1.5562,0.97292
1.4589,0.66995,1.5511,0.97547
1.464,0.6776,1.5434,0.96017
1.4487,0.6827,1.5587,0.96272
1.4487,0.6725,1.5562,0.97292
1.464,0.66995,1.546,0.97292
1.4665,0.68015,1.546,0.96017
1.4563,0.6827,1.5562,0.96527
1.4512,0.6674,1.5562,0.97547
1.464,0.6674,1.546,0.96527
1.4563,0.6827,1.5511,0.96017
1.4512,0.67505,1.5562,0.97037
1.4614,0.66995,1.5434,0.97547
1.464,0.67505,1.5434,0.96782
1.4589,0.68015,1.5511,0.96272
1.4487,0.6827,1.5562,0.96527
1.4487,0.6674,1.5562,0.97292
1.4563,0.6674,1.5511,0.97292
1.464,0.67505,1.5434,0.96782
1.4563,0.6725,1.5511,0.96272
1.4589,0.67505,1.5511,0.96527
1.4512,0.67505,1.5562,0.96782
1.4563,0.6674,1.5511,0.96527
1.464,0.67505,1.5511,0.96527
1.4589,0.6827,1.5511,0.96017
1.4487,0.67505,1.5562,0.96527
1.4538,0.66995,1.5562,0.97037
1.464,0.66995,1.5536,0.97547
1.464,0.6827,1.546,0.96017
1.4589,0.6827,1.5511,0.96272
1.4512,0.67505,1.5587,0.96782
1.4589,0.66995,1.5536,0.97292
1.464,0.6776,1.546,0.96782
1.464,0.6827,1.5536,0.96272
1.4538,0.68015,1.5587,0.96782
1.4538,0.6725,1.5587,0.96782
1.4563,0.66995,1.5511,0.96782
1.4589,0.6776,1.5511,0.97037
1.4538,0.6827,1.5511,0.96527
1.4512,0.6776,1.5587,0.96527
1.4589,0.66995,1.5536,0.96527
1.464,0.6776,1.546,0.96782
1.4512,0.6827,1.5562,0.96017
1.4487,0.67505,1.5562,0.96782
1.464,0.66995,1.546,0.97547
1.464,0.6827,1.546,0.96017
1.4512,0.6827,1.5587,0.96272
1.4487,0.66995,1.5587,0.97292
1.4614,0.6725,1.546,0.97547
1.464,0.6827,1.546,0.96272
1.4538,0.6827,1.5587,0.97037
1.4512,0.66995,1.5587,0.97547
1.4614,0.6776,1.5485,0.96782
1.4614,0.6776,1.5536,0.96782
1.4563,0.68015,1.5536,0.96017
1.4538,0.68015,1.5613,0.96782
1.4589,0.6725,1.5536,0.97547
1.464,0.6725,1.546,0.96782
1.464,0.6827,1.5485,0.96527
1.4563,0.6827,1.5613,0.96272
1.4538,0.6725,1.5613,0.97547
1.464,0.6725,1.5562,0.97547
1.4614,0.6776,1.546,0.96272
1.4589,0.68524,1.5536,0.96527
1.4589,0.6776,1.5536,0.96782
1.4512,0.68015,1.5562,0.96782
1.4589,0.6725,1.5536,0.97292
1.464,0.67505,1.5485,0.96782
1.464,0.6827,1.5485,0.96272
1.4538,0.68524,1.5613,0.96272
1.4512,0.68015,1.5587,0.97547
1.4589,0.67505,1.5536,0.97547
1.4614,0.6776,1.5485,0.96782
1.4665,0.68524,1.5511,0.96527
1.4589,0.6776,1.5536,0.97037
1.4512,0.6776,1.5613,0.96782
1.4563,0.66995,1.5562,0.97547
1.4614,0.6776,1.5511,0.96782
1.464,0.6827,1.546,0.96017
1.4589,0.6827,1.5536,0.96272
1.4538,0.68015,1.5613,0.96782
1.4589,0.68015,1.5536,0.97037
1.4589,0.6725,1.5536,0.97292
1.4614,0.6776,1.5485,0.96782
1.464,0.6827,1.5536,0.96272
1.4512,0.6827,1.5587,0.96272
1.4487,0.6725,1.5587,0.97547
1.4589,0.66995,1.5536,0.97037
1.4563,0.6776,1.5485,0.96782
1.4563,0.6776,1.5511,0.96782
1.4589,0.6827,1.5511,0.96272
1.4538,0.6776,1.5562,0.96782
1.4563,0.66995,1.5511,0.97292
1.464,0.6776,1.546,0.96527
1.4589,0.6827,1.5511,0.96782
1.4512,0.67505,1.5562,0.96527
1.4487,0.66995,1.5562,0.97547
1.4614,0.6674,1.546,0.96527
1.4614,0.68015,1.5434,0.96017
1.4589,0.68015,1.5511,0.96017
1.4512,0.67505,1.5536,0.96527
1.4589,0.6674,1.5511,0.97037
1.4614,0.6674,1.5434,0.97292
1.4614,0.68015,1.5434,0.96017
1.4512,0.68015,1.5536,0.96272
1.4487,0.67505,1.5536,0.97292
1.4563,0.6674,1.5511,0.97037
1.4614,0.6725,1.5409,0.96782
1.4563,0.68015,1.5511,0.96017
1.4487,0.68015,1.5536,0.96527
1.4538,0.6674,1.5562,0.97037
1.464,0.6674,1.5485,0.97037
1.4614,0.6725,1.5409,0.96017
1.4563,0.6776,1.5587,0.96017
1.4487,0.6725,1.5536,0.96272
1.4563,0.6725,1.546,0.96527
1.4589,0.6725,1.546,0.95762
1.4563,0.6725,1.5485,0.96272
1.4563,0.67505,1.546,0.97037
1.4589,0.6725,1.546,0.96527
1.4563,0.6725,1.546,0.96527
1.4563,0.6725,1.546,0.96272
1.4563,0.67505,1.5485,0.97037
1.4614,0.6674,1.5409,0.97292
1.464,0.68015,1.5434,0.96017
1.4512,0.68015,1.5536,0.96017
1.4487,0.6674,1.5536,0.97292
1.464,0.6674,1.5434,0.97292
1.4614,0.6725,1.5485,0.96782
