3.7403,1.4679,2.8714,2.2862
3.7327,1.4602,2.8791,2.2913
3.7327,1.4577,2.8689,2.2989
3.7429,1.4526,2.8638,2.2913
3.748,1.4679,2.8638,2.2862
3.7378,1.4679,2.8765,2.2862
3.7327,1.4577,2.874,2.2989
3.7403,1.4551,2.8689,2.3015
3.7429,1.4551,2.8638,2.2938
3.7429,1.4653,2.8612,2.2887
3.7378,1.4602,2.8663,2.2913
3.7403,1.4628,2.8638,2.2938
3.7378,1.4577,2.8663,2.2964
3.7378,1.4577,2.8663,2.2887
3.7403,1.4602,2.8663,2.2964
3.7378,1.4551,2.8663,2.3015
3.7429,1.4577,2.8612,2.2964
3.7378,1.4679,2.8663,2.2913
3.7327,1.4577,2.874,2.2964
3.7378,1.4551,2.8663,2.3015
3.7429,1.4679,2.8587,2.2887
3.7378,1.4679,2.8638,2.2887
3.7327,1.4602,2.8714,2.2938
3.7378,1.4551,2.8638,2.2989
3.7429,1.4577,2.8587,2.2938
3.7378,1.4653,2.8638,2.2887
3.7352,1.4577,2.8663,2.2938
3.7378,1.4577,2.8638,2.2938
3.7378,1.4526,2.8689,2.2938
3.7429,1.4577,2.8612,2.2938
3.7327,1.4628,2.8663,2.2862
3.7327,1.4577,2.874,2.2913
3.7352,1.4577,2.8663,2.2913
3.7429,1.4577,2.8612,2.2913
3.7352,1.4602,2.8638,2.2862
3.7301,1.4577,2.874,2.2887
3.7378,1.45,2.8663,2.2964
3.7429,1.4526,2.8638,2.2887
3.7378,1.4577,2.8689,2.2811
3.7301,1.4551,2.874,2.2887
3.7378,1.4526,2.8689,2.2938
3.7429,1.4551,2.8638,2.2862
3.7327,1.4577,2.8689,2.2811
3.7276,1.4551,2.8791,2.2862
3.7352,1.45,2.8689,2.2913
3.7429,1.4551,2.8612,2.276
3.7378,1.4577,2.8689,2.276
3.7301,1.4526,2.8765,2.2836
3.7352,1.4475,2.8689,2.2887
3.7429,1.4577,2.8638,2.2734
3.7327,1.4602,2.8689,2.2734
3.7276,1.4526,2.8765,2.2862
3.7429,1.4449,2.8612,2.2836
3.7429,1.4577,2.8638,2.2709
3.7301,1.4551,2.8765,2.2709
3.7276,1.4424,2.8765,2.2836
3.7403,1.4424,2.8638,2.2785
3.7327,1.4551,2.8714,2.2709
3.7276,1.4475,2.8689,2.276
3.7352,1.4475,2.8689,2.2709
3.7403,1.45,2.8689,2.276
3.7327,1.4475,2.8714,2.2709
3.7327,1.4424,2.8663,2.2785
3.7429,1.4475,2.8638,2.2658
3.7327,1.4526,2.8714,2.2658
3.7276,1.4475,2.8765,2.2683
3.7327,1.4398,2.8714,2.2785
3.7378,1.4475,2.8638,2.2709
3.7301,1.4526,2.8689,2.2632
3.7225,1.4475,2.8765,2.2683
3.7301,1.4398,2.8689,2.2785
3.7352,1.4449,2.8612,2.2683
3.7403,1.4526,2.8689,2.2607
3.725,1.4526,2.8791,2.2683
3.7225,1.4373,2.8765,2.2734
3.7378,1.4398,2.8612,2.2709
3.7352,1.4449,2.8689,2.2607
3.7301,1.4424,2.8714,2.2658
3.7327,1.4449,2.8765,2.2683
3.7301,1.4424,2.8689,2.2658
3.7301,1.4424,2.8689,2.2683
3.7327,1.4449,2.8689,2.2658
3.7301,1.4424,2.8689,2.2734
3.7301,1.4449,2.8689,2.2658
3.7301,1.4449,2.8663,2.2658
3.7301,1.4449,2.8689,2.2632
3.725,1.4424,2.874,2.2658
3.7301,1.4373,2.8663,2.2709
3.7378,1.4449,2.8612,2.2632
3.7301,1.45,2.8689,2.2632
3.725,1.4424,2.874,2.2632
3.7301,1.4373,2.8689,2.2709
3.7378,1.4398,2.8612,2.2632
3.7301,1.4475,2.8689,2.2556
3.7225,1.4398,2.8765,2.2607
3.7301,1.4347,2.8714,2.2683
3.7352,1.4373,2.8612,2.253
3.7225,1.4475,2.8689,2.2556
3.7225,1.4347,2.8765,2.2658
3.7352,1.4398,2.8638,2.2607
3.7301,1.4475,2.8689,2.2556
3.725,1.4398,2.8765,2.2607
3.7352,1.4347,2.8663,2.2683
3.7352,1.4475,2.8638,2.2581
3.725,1.4449,2.8791,2.2556
3.7225,1.4347,2.8765,2.2683
3.7276,1.4347,2.8612,2.2709
3.7352,1.4475,2.8663,2.2607
3.7225,1.4475,2.874,2.2607
3.725,1.4373,2.8765,2.2709
3.7327,1.4424,2.8638,2.2683
3.7301,1.4475,2.8689,2.2607
3.7225,1.4424,2.874,2.2683
3.7327,1.4347,2.8663,2.2734
3.7352,1.4424,2.8612,2.2709
3.7301,1.4475,2.8663,2.2632
3.725,1.45,2.8714,2.2709
3.725,1.4373,2.8714,2.276
3.7378,1.4373,2.8587,2.2734
3.7378,1.45,2.8587,2.2658
3.7327,1.4449,2.8714,2.2709
3.7327,1.4424,2.8638,2.2785
3.7301,1.4449,2.8612,2.2734
3.7301,1.4449,2.8612,2.2658
3.7225,1.4475,2.8714,2.2811
3.7327,1.4373,2.8612,2.2709
3.7301,1.4424,2.8561,2.2734
3.7327,1.4475,2.8612,2.2734
3.725,1.4449,2.8689,2.2734
3.7276,1.4449,2.8612,2.2734
3.7301,1.4449,2.8587,2.276
3.7276,1.4424,2.8612,2.276
3.725,1.4449,2.8638,2.2734
3.7301,1.4424,2.8612,2.2734
3.7378,1.4449,2.8561,2.2734
3.7301,1.4449,2.8638,2.2709
3.7276,1.4398,2.8638,2.2811
3.7378,1.4424,2.8561,2.276
3.7327,1.45,2.8638,2.2709
3.7276,1.4398,2.8714,2.276
3.7301,1.4347,2.8638,2.2811
3.7403,1.4424,2.8587,2.2734
3.7327,1.45,2.8663,2.2683
3.725,1.4424,2.8714,2.276
3.7301,1.4373,2.8689,2.2811
3.7378,1.4475,2.8612,2.2709
3.7276,1.4475,2.8765,2.2683
3.7301,1.4424,2.8689,2.2811
3.7327,1.4424,2.8663,2.2734
3.7301,1.4475,2.8714,2.2683
3.725,1.4424,2.8791,2.276
3.7378,1.4347,2.874,2.2734
3.7403,1.4398,2.8689,2.2734
3.7225,1.4449,2.8765,2.2683
3.7276,1.4424,2.8842,2.2734
3.7378,1.4347,2.8714,2.2709
3.7327,1.4398,2.8791,2.2658
3.7301,1.4398,2.8791,2.2709
3.7327,1.4424,2.8791,2.2785
3.7327,1.4398,2.8791,2.2709
3.7327,1.4475,2.8791,2.2632
3.725,1.4449,2.8867,2.2683
3.7327,1.4347,2.8816,2.2734
3.7378,1.4424,2.8791,2.2632
3.7327,1.45,2.8816,2.2632
3.7276,1.4373,2.8893,2.2734
3.7327,1.4373,2.8842,2.2734
3.7403,1.4424,2.8791,2.2607
3.7327,1.4424,2.8842,2.2632
3.7301,1.4424,2.8893,2.2658
3.7276,1.4449,2.8918,2.2658
3.7327,1.4424,2.8893,2.2683
3.7352,1.4398,2.8867,2.2683
3.7327,1.4398,2.8867,2.2683
3.7276,1.4449,2.8842,2.2683
3.7327,1.4373,2.8816,2.2734
3.7403,1.4398,2.8791,2.2607
3.7352,1.4475,2.8867,2.2632
3.7276,1.4424,2.8918,2.2734
3.7352,1.4373,2.8867,2.276
3.7403,1.4398,2.8816,2.2709
3.7352,1.4526,2.8893,2.2658
3.7301,1.4424,2.8969,2.2709
3.7378,1.4424,2.8893,2.2709
3.7429,1.4424,2.8842,2.2709
3.7352,1.4424,2.8918,2.2709
3.7352,1.4449,2.8918,2.2785
3.7378,1.4449,2.8918,2.2734
3.7378,1.4526,2.8918,2.2658
3.7301,1.4449,2.8995,2.2709
3.7352,1.4398,2.8918,2.2734
3.7429,1.4475,2.8867,2.2734
3.7352,1.4526,2.8969,2.2709
3.7327,1.4475,2.8969,2.276
3.7429,1.4424,2.8918,2.2811
3.7429,1.4475,2.8842,2.2683
3.7352,1.4551,2.8918,2.2683
3.7276,1.45,2.8969,2.2811
3.7378,1.4424,2.8842,2.2811
3.7429,1.4475,2.8867,2.2683
3.7301,1.4551,2.8918,2.2683
3.7301,1.4475,2.8969,2.2811
3.7429,1.4424,2.8816,2.2811
3.7403,1.4577,2.8816,2.2683
3.7301,1.4551,2.8969,2.2734
3.7301,1.4398,2.8944,2.2811
3.7429,1.4449,2.8842,2.276
3.7378,1.4526,2.8867,2.2709
3.7301,1.45,2.8944,2.276
3.7378,1.4424,2.8867,2.2734
3.7378,1.4475,2.8867,2.2734
3.7378,1.4475,2.8893,2.276
3.7301,1.4449,2.8944,2.2811
3.7429,1.4424,2.8791,2.2734
3.7378,1.4551,2.8893,2.2683
3.7301,1.4475,2.8944,2.2734
3.7378,1.4398,2.8867,2.2811
3.7429,1.4475,2.8816,2.2734
3.7352,1.4526,2.8918,2.2683
3.7301,1.4475,2.8918,2.2785
3.7429,1.4424,2.8842,2.2785
3.7429,1.4526,2.8816,2.2658
3.7301,1.4449,2.8918,2.2734
3.7352,1.4398,2.8867,2.2785
3.7429,1.4475,2.8791,2.2709
3.7352,1.4526,2.8867,2.2709
3.7276,1.4449,2.8918,2.2709
3.7352,1.4398,2.8867,2.2734
3.7403,1.4475,2.8791,2.2709
3.7327,1.45,2.8842,2.2607
3.7352,1.4449,2.8842,2.2709
3.7327,1.4449,2.8893,2.2734
3.7352,1.4424,2.8893,2.2658
3.7403,1.4526,2.8791,2.2607
3.7301,1.45,2.8918,2.2607
3.7301,1.4398,2.8918,2.2709
3.7429,1.4373,2.8867,2.2683
3.7327,1.4424,2.8842,2.2658
3.7327,1.4424,2.8867,2.2658
3.7352,1.4424,2.8842,2.2709
3.7327,1.4424,2.8867,2.2632
3.7327,1.4424,2.8867,2.2556
3.7327,1.4449,2.8918,2.2607
3.7327,1.4347,2.8867,2.2658
3.7403,1.4424,2.8816,2.2607
3.7352,1.4449,2.8867,2.2556
3.7276,1.4373,2.8918,2.2658
3.7327,1.4322,2.8867,2.2683
3.7403,1.4373,2.8816,2.2581
3.7276,1.4475,2.8969,2.253
3.725,1.4296,2.8969,2.2632
3.7378,1.4347,2.8816,2.2632
3.7378,1.4424,2.8816,2.2505
3.7327,1.4373,2.8867,2.2607
3.7327,1.4373,2.8842,2.2581
3.7327,1.4373,2.8867,2.2658
3.7403,1.4449,2.8816,2.253
3.7276,1.4449,2.8918,2.253
3.7276,1.4322,2.8918,2.2658
3.7378,1.4347,2.8816,2.2683
3.7378,1.4424,2.8791,2.2581
3.7276,1.4449,2.8918,2.2658
3.7327,1.4322,2.8842,2.2683
3.7403,1.4398,2.8791,2.2658
3.7327,1.4449,2.8842,2.2581
3.7276,1.4347,2.8893,2.2709
3.7429,1.4322,2.8867,2.2658
3.7327,1.4373,2.8842,2.2607
3.7327,1.4373,2.8816,2.2683
3.7327,1.4322,2.8816,2.2734
3.7403,1.4373,2.8791,2.2683
3.7327,1.4449,2.8816,2.2607
3.725,1.4398,2.8893,2.2683
3.7327,1.4322,2.8816,2.2734
3.7403,1.4373,2.8765,2.2683
3.7352,1.4475,2.8816,2.2632
3.725,1.4398,2.8867,2.2709
3.7327,1.4347,2.8765,2.276
3.7327,1.4373,2.8791,2.2709
3.7301,1.4475,2.8765,2.2632
3.725,1.4398,2.8816,2.2683
3.7327,1.4373,2.874,2.2734
3.7378,1.4373,2.8714,2.2607
3.7327,1.4424,2.8791,2.2607
3.725,1.4373,2.8816,2.276
3.7327,1.4322,2.874,2.276
3.7403,1.4373,2.8689,2.2709
3.7352,1.4449,2.874,2.2607
3.7225,1.4449,2.8816,2.2709
3.725,1.4322,2.8791,2.2734
3.7301,1.4322,2.874,2.2683
3.7327,1.4373,2.8638,2.2683
3.7301,1.4373,2.874,2.2683
3.725,1.4373,2.8791,2.2683
3.7327,1.4322,2.8714,2.2734
3.7378,1.4373,2.8663,2.2658
3.7301,1.4398,2.8714,2.2658
3.7225,1.4322,2.8791,2.2658
3.7276,1.4296,2.8689,2.2709
3.7403,1.4373,2.8638,2.2581
3.7301,1.4398,2.8689,2.2632
3.7225,1.4347,2.8714,2.2658
3.7276,1.4296,2.8714,2.2658
3.7276,1.4347,2.8638,2.2632
3.7276,1.4398,2.8689,2.2556
3.7225,1.4373,2.8765,2.2683
3.7276,1.4271,2.8612,2.2709
3.7327,1.4373,2.8612,2.2581
3.7225,1.4373,2.8689,2.2581
3.7225,1.4271,2.8765,2.2683
3.7327,1.4271,2.8638,2.2607
3.7352,1.4373,2.8638,2.2556
3.7225,1.4322,2.8765,2.2658
3.7301,1.4271,2.8689,2.2709
3.7352,1.4322,2.8612,2.2607
3.7301,1.4398,2.8689,2.2581
3.7276,1.4322,2.8663,2.2607
3.725,1.4296,2.8689,2.2607
3.7301,1.4347,2.8638,2.2607
3.725,1.4322,2.8714,2.2607
3.7301,1.4347,2.8689,2.2607
3.7301,1.4347,2.8714,2.2632
3.7378,1.4347,2.8689,2.2607
3.7301,1.4373,2.8689,2.2632
3.725,1.4373,2.8765,2.2658
3.7301,1.4373,2.8689,2.2658
3.7276,1.4373,2.8714,2.2607
3.7301,1.4373,2.8689,2.2709
3.7301,1.4373,2.8714,2.2734
3.7301,1.4373,2.8714,2.2658
3.7301,1.4424,2.8689,2.2632
3.725,1.4398,2.8765,2.2709
3.7301,1.4373,2.8689,2.2734
3.7301,1.4373,2.874,2.2709
3.7378,1.4449,2.8638,2.2632
3.7301,1.4449,2.8714,2.2632
3.725,1.4347,2.8791,2.276
3.7301,1.4347,2.8638,2.276
3.7378,1.4398,2.8638,2.2632
3.7327,1.4475,2.8765,2.2632
3.7225,1.4398,2.8765,2.2709
3.7276,1.4322,2.8714,2.2734
3.7378,1.4398,2.8612,2.2683
3.7327,1.4449,2.8689,2.2632
3.7301,1.4398,2.8714,2.2683
3.7327,1.4398,2.8689,2.276
3.7276,1.4373,2.8714,2.2683
3.7378,1.4449,2.8663,2.2607
3.725,1.4449,2.8765,2.2607
3.7301,1.4398,2.8765,2.2734
3.7352,1.4322,2.8612,2.2734
3.7403,1.4398,2.8638,2.2581
3.7225,1.4475,2.8765,2.2632
3.725,1.4398,2.8765,2.2658
3.7327,1.4347,2.8689,2.2734
3.7378,1.4398,2.8638,2.2658
3.7301,1.4475,2.8791,2.2581
3.725,1.4424,2.8765,2.2658
3.7327,1.4347,2.8689,2.2734
3.7352,1.4424,2.8638,2.2658
3.7301,1.4398,2.8714,2.2581
3.7327,1.4424,2.8714,2.2658
3.7301,1.4398,2.8714,2.2734
3.7301,1.4424,2.8714,2.2683
3.7327,1.4449,2.874,2.2607
3.725,1.4398,2.8791,2.2683
3.7327,1.4347,2.8714,2.2709
3.7403,1.4373,2.8689,2.2658
3.7327,1.4475,2.8765,2.2607
3.725,1.4424,2.8816,2.2658
3.7301,1.4373,2.8765,2.2709
3.7378,1.4398,2.8663,2.2607
3.7327,1.4475,2.8765,2.2607
3.7225,1.4398,2.8816,2.2658
3.7327,1.4373,2.8765,2.2709
3.7403,1.4424,2.8714,2.2658
3.7301,1.4475,2.8791,2.2632
3.7276,1.4449,2.8791,2.2683
3.7327,1.4373,2.8791,2.2709
3.7403,1.4449,2.8791,2.2709
3.7327,1.4526,2.8765,2.2709
3.7327,1.4449,2.8765,2.2785
3.7327,1.4475,2.8791,2.2734
3.7327,1.4526,2.8765,2.2683
3.7276,1.4475,2.8842,2.2709
3.7327,1.4398,2.8816,2.276
3.7403,1.4449,2.8765,2.2709
3.7327,1.4526,2.8816,2.2658
3.7301,1.4475,2.8893,2.2785
3.7403,1.4449,2.8765,2.2709
3.7327,1.4526,2.8816,2.2658
3.7301,1.4449,2.8893,2.2709
3.7327,1.4398,2.8816,2.2683
3.7327,1.4475,2.8842,2.2709
3.7352,1.4526,2.8816,2.2709
3.7327,1.4475,2.8918,2.2709
3.7327,1.4475,2.8842,2.2683
3.7378,1.4449,2.8816,2.2658
3.7301,1.4475,2.8944,2.2709
3.7352,1.4424,2.8842,2.2811
3.7429,1.4475,2.8791,2.2709
3.7352,1.4577,2.8867,2.2658
3.7276,1.45,2.8918,2.2709
3.7327,1.4424,2.8893,2.276
3.7403,1.45,2.8816,2.2709
3.7352,1.45,2.8816,2.2658
3.7301,1.4577,2.8944,2.2709
3.7301,1.4424,2.8944,2.2785
3.7429,1.4449,2.8816,2.2785
3.7403,1.4475,2.8842,2.2632
3.7352,1.4577,2.8893,2.2632
3.7301,1.4475,2.8969,2.2709
3.7327,1.4475,2.8893,2.276
3.7378,1.4398,2.8918,2.2709
3.7429,1.4475,2.8918,2.2683
3.7378,1.4475,2.8918,2.2683
3.7301,1.45,2.8995,2.2683
3.7378,1.4449,2.8918,2.276
3.7429,1.4475,2.8867,2.2709
3.7378,1.4551,2.8995,2.2632
3.7301,1.45,2.8995,2.2709
3.7378,1.4424,2.8918,2.2683
3.7429,1.4475,2.8867,2.2683
3.7352,1.4475,2.8944,2.2607
3.7352,1.4475,2.8969,2.2683
3.7352,1.4475,2.8918,2.2683
3.7378,1.4475,2.8969,2.2683
3.7352,1.4475,2.8893,2.2683
3.7352,1.4577,2.902,2.2632
3.7301,1.45,2.902,2.2683
3.7352,1.4424,2.8944,2.2683
3.7429,1.45,2.8893,2.2683
3.7378,1.4551,2.8944,2.2632
3.7301,1.4475,2.8995,2.2683
3.7378,1.45,2.8944,2.276
3.7327,1.4475,2.8944,2.2709
3.7378,1.4475,2.8969,2.2632
3.7276,1.45,2.902,2.2683
3.7352,1.4449,2.8944,2.2734
3.7403,1.4526,2.8893,2.2709
3.7352,1.4577,2.8944,2.2632
3.7276,1.4475,2.8995,2.2709
3.7378,1.4449,2.8944,2.2785
3.7429,1.4526,2.8893,2.2709
3.7378,1.4577,2.8944,2.2658
3.7301,1.45,2.8995,2.2709
3.7378,1.4475,2.8918,2.2785
3.7429,1.4526,2.8969,2.2709
3.7352,1.45,2.8944,2.2709
3.7378,1.4526,2.8944,2.2785
3.7352,1.4526,2.8969,2.2734
3.7378,1.4577,2.8918,2.2658
3.7301,1.45,2.8995,2.2683
3.7378,1.4526,2.8918,2.2709
3.7378,1.45,2.8918,2.2658
3.7378,1.4526,2.8918,2.2709
3.7352,1.4449,2.8918,2.2785
3.7429,1.45,2.8842,2.2734
3.7378,1.4577,2.8893,2.2683
3.7301,1.45,2.8944,2.2709
3.7378,1.4449,2.8918,2.2709
3.7352,1.45,2.8816,2.2734
3.7378,1.45,2.8893,2.2709
3.7301,1.45,2.8969,2.2734
3.7352,1.4475,2.8918,2.2811
3.7429,1.4526,2.8816,2.2734
3.7378,1.4602,2.8893,2.2683
3.7327,1.4526,2.8944,2.2785
3.7352,1.4475,2.8867,2.276
3.7429,1.4526,2.8791,2.276
3.7378,1.4602,2.8842,2.2709
3.7301,1.45,2.8918,2.2811
3.7378,1.4475,2.8867,2.2862
3.7429,1.4526,2.8791,2.2811
3.7378,1.4577,2.8867,2.2734
3.7327,1.4526,2.8918,2.2913
3.7378,1.45,2.8816,2.2913
3.7429,1.4551,2.8867,2.2836
3.7378,1.4526,2.8867,2.2836
3.7352,1.4551,2.8816,2.2913
3.7429,1.4551,2.8791,2.2785
3.7378,1.4602,2.8842,2.2785
3.7327,1.4526,2.8918,2.2836
3.7378,1.4475,2.8893,2.2913
3.7429,1.4577,2.8816,2.2836
3.7378,1.4602,2.8867,2.2785
3.7327,1.4526,2.8918,2.2862
3.7301,1.45,2.8944,2.2913
3.7429,1.4526,2.8816,2.2836
3.7429,1.4602,2.8816,2.2785
3.7378,1.4628,2.8944,2.276
3.7327,1.4551,2.8944,2.2913
3.7378,1.4475,2.8791,2.2913
3.7429,1.4577,2.8816,2.2836
3.7378,1.4653,2.8893,2.2785
3.7378,1.4628,2.8918,2.2836
3.7378,1.4551,2.8969,2.2887
3.7429,1.45,2.8816,2.2938
3.7454,1.4628,2.8791,2.2785
3.7327,1.4628,2.8867,2.2785
