3.5695,1.5367,2.8459,2.2505
3.5746,1.5443,2.8383,2.2505
3.5695,1.5494,2.8434,2.2403
3.5619,1.5494,2.851,2.2505
3.5644,1.5392,2.851,2.2556
3.5772,1.5392,2.8358,2.2581
3.5772,1.552,2.8358,2.2454
3.5695,1.552,2.851,2.2479
3.5619,1.5392,2.851,2.2607
3.5746,1.5392,2.8358,2.2581
3.5746,1.5494,2.8383,2.2479
3.5619,1.552,2.8485,2.253
3.5695,1.5392,2.8409,2.2607
3.5746,1.5392,2.8332,2.2556
3.5746,1.5545,2.8358,2.2479
3.5619,1.552,2.8459,2.2556
3.5619,1.5392,2.8434,2.2607
3.5746,1.5392,2.8358,2.2581
3.567,1.552,2.8409,2.2505
3.5619,1.5545,2.8485,2.2581
3.5644,1.5392,2.8383,2.2658
3.5772,1.5494,2.8307,2.2581
3.5695,1.5545,2.8383,2.2556
3.5619,1.5469,2.8434,2.2607
3.5695,1.5418,2.8409,2.2607
3.5746,1.5469,2.8332,2.2607
3.5695,1.5469,2.8383,2.2632
3.5695,1.5469,2.8383,2.2709
3.5695,1.5494,2.8307,2.2632
3.5695,1.5545,2.8358,2.2581
3.5619,1.5469,2.8409,2.2658
3.567,1.5392,2.8307,2.2734
3.5746,1.5494,2.8307,2.2632
3.5695,1.5494,2.8383,2.2658
3.5695,1.5494,2.8383,2.2632
3.567,1.5469,2.8383,2.2658
3.5695,1.5469,2.8383,2.2581
3.567,1.5469,2.8383,2.2658
3.567,1.5418,2.8358,2.2709
3.5721,1.5494,2.8307,2.2658
3.567,1.552,2.8358,2.2581
3.5619,1.5469,2.8409,2.2632
3.567,1.5392,2.8358,2.2683
3.5721,1.5469,2.8358,2.2632
3.567,1.5443,2.8358,2.2607
3.5644,1.5443,2.8383,2.2683
3.5746,1.5443,2.8307,2.2607
3.567,1.552,2.8358,2.2607
3.5619,1.5443,2.8409,2.2632
3.5644,1.5418,2.8358,2.2683
3.5746,1.5443,2.8281,2.2607
3.567,1.5494,2.8358,2.2607
3.5593,1.5469,2.8409,2.2607
3.5644,1.5392,2.8358,2.2607
3.5721,1.5469,2.8281,2.2607
3.567,1.5494,2.8307,2.2581
3.5593,1.5469,2.8383,2.2658
3.5644,1.5367,2.8307,2.2709
3.5721,1.5443,2.823,2.2581
3.567,1.5494,2.8307,2.2607
3.5593,1.5469,2.8358,2.2658
3.5644,1.5392,2.8307,2.2734
3.5746,1.5443,2.823,2.2709
3.567,1.5545,2.8281,2.2632
3.5644,1.5494,2.8281,2.2709
3.5644,1.5494,2.8281,2.276
3.5644,1.5494,2.8281,2.2709
3.5644,1.5469,2.8281,2.2734
3.567,1.5494,2.8281,2.2709
3.5593,1.5469,2.8358,2.2709
3.567,1.5418,2.8281,2.2811
3.5746,1.5469,2.8205,2.2709
3.5644,1.552,2.8281,2.2683
3.5593,1.5469,2.8307,2.2709
3.5644,1.5443,2.8256,2.2811
3.5721,1.5469,2.8205,2.2734
3.567,1.5545,2.8256,2.2683
3.5593,1.5494,2.8307,2.2734
3.5644,1.5418,2.823,2.2811
3.5746,1.5494,2.8179,2.2734
3.567,1.5469,2.823,2.2683
3.567,1.5469,2.8256,2.2734
3.567,1.5494,2.823,2.2734
3.567,1.5469,2.823,2.2734
3.5644,1.552,2.8256,2.2658
3.5593,1.5469,2.8307,2.2709
3.5593,1.5392,2.8332,2.2811
3.5695,1.5418,2.8205,2.2709
3.5721,1.5545,2.8179,2.2658
3.567,1.5545,2.8256,2.2658
3.5593,1.5469,2.8281,2.2734
3.567,1.5469,2.823,2.2785
3.5695,1.5392,2.8179,2.2709
3.567,1.552,2.8281,2.2632
3.5568,1.552,2.8332,2.2683
3.5593,1.5392,2.8358,2.2734
3.5695,1.5392,2.8205,2.2734
3.5695,1.5443,2.8281,2.2632
3.567,1.5443,2.8281,2.2683
3.5619,1.5469,2.8307,2.2709
3.5644,1.5392,2.8281,2.2709
3.5695,1.5443,2.8307,2.2632
3.5644,1.552,2.8307,2.2632
3.567,1.5418,2.8332,2.2658
3.5644,1.5418,2.8307,2.2632
3.567,1.5418,2.8256,2.2632
3.5644,1.5494,2.8332,2.2632
3.5593,1.5418,2.8383,2.2607
3.5644,1.5392,2.8332,2.2658
3.5695,1.5392,2.8256,2.2607
3.5746,1.5494,2.823,2.253
3.5593,1.5494,2.8409,2.253
3.5593,1.5367,2.8409,2.2658
3.5695,1.5392,2.8281,2.2607
3.5721,1.5418,2.8332,2.2607
3.5644,1.5418,2.8332,2.2607
3.5593,1.5443,2.8307,2.2581
3.5619,1.5418,2.8307,2.2607
3.5721,1.5443,2.823,2.2556
3.5644,1.5494,2.8307,2.2505
3.5593,1.5418,2.8358,2.2581
3.5644,1.5367,2.8281,2.2658
3.5695,1.5418,2.823,2.2607
3.5619,1.5418,2.8281,2.253
3.5644,1.5418,2.8307,2.2607
3.5568,1.5443,2.8281,2.2607
3.5644,1.5392,2.8281,2.2607
3.5619,1.5469,2.8307,2.253
3.5568,1.5418,2.8358,2.2581
3.5619,1.5367,2.823,2.2658
3.5721,1.5494,2.823,2.253
3.5619,1.5469,2.8358,2.2505
3.5568,1.5392,2.8358,2.2658
3.5721,1.5341,2.823,2.2683
3.5695,1.5469,2.8205,2.2505
3.5568,1.5469,2.8358,2.2581
3.5568,1.5341,2.8358,2.2658
3.5695,1.5367,2.823,2.2658
3.5721,1.5392,2.823,2.2505
3.5619,1.5469,2.8281,2.253
3.5593,1.5443,2.8358,2.2607
3.5619,1.5367,2.8256,2.2581
3.5695,1.5418,2.8205,2.2581
3.5619,1.5494,2.8281,2.2505
3.5593,1.5418,2.8358,2.2581
3.5644,1.5341,2.8281,2.2658
3.5695,1.5392,2.8205,2.2581
3.5644,1.5469,2.8307,2.253
3.5568,1.5392,2.8358,2.2607
3.5619,1.5341,2.8332,2.2581
3.5721,1.5367,2.8256,2.2581
3.5644,1.5469,2.8358,2.2505
3.5593,1.5418,2.8358,2.2632
3.5644,1.5367,2.8256,2.2658
3.5721,1.5418,2.8256,2.2505
3.5644,1.5494,2.8307,2.253
3.5593,1.5418,2.8383,2.2581
3.5644,1.5367,2.8281,2.2658
3.5695,1.5392,2.8281,2.253
3.5644,1.5418,2.8307,2.2607
3.5568,1.5443,2.8383,2.2607
3.5644,1.5443,2.8332,2.2607
3.567,1.5443,2.8307,2.2632
3.567,1.5443,2.8307,2.2632
3.5619,1.5418,2.8332,2.2607
3.5695,1.5392,2.8307,2.2632
3.5746,1.5443,2.8256,2.2632
3.567,1.5494,2.8307,2.2607
3.5619,1.5469,2.8409,2.2632
3.567,1.5392,2.8332,2.2709
3.5644,1.5469,2.8332,2.2632
3.567,1.5494,2.8332,2.2658
3.567,1.5469,2.8332,2.2658
3.5593,1.5469,2.8332,2.2658
3.567,1.5418,2.8332,2.2632
3.5746,1.5469,2.8281,2.2632
3.567,1.5545,2.8332,2.2581
3.5593,1.5545,2.8409,2.2632
3.5619,1.5418,2.8409,2.2683
3.567,1.5392,2.8358,2.2709
3.5721,1.5494,2.8281,2.2632
3.567,1.5571,2.8358,2.2581
3.5593,1.5469,2.8409,2.2632
3.5593,1.5392,2.8358,2.2709
3.5746,1.5494,2.8281,2.2632
3.567,1.5545,2.8358,2.2581
3.5619,1.5494,2.8459,2.2709
3.567,1.5418,2.8383,2.2709
3.5746,1.5494,2.8307,2.2581
3.5644,1.5571,2.8434,2.2581
3.5644,1.5494,2.8409,2.2709
3.5721,1.5418,2.8307,2.2632
3.5746,1.5571,2.8332,2.2581
3.5619,1.5494,2.8434,2.2632
3.5695,1.5392,2.8358,2.2683
3.5772,1.5494,2.8332,2.2632
3.5695,1.5545,2.8383,2.2581
3.5619,1.5494,2.8434,2.2607
3.567,1.5443,2.8383,2.2683
3.5721,1.5494,2.8332,2.2632
3.567,1.5545,2.8434,2.253
3.5619,1.5494,2.8459,2.2607
3.5695,1.5418,2.8409,2.2683
3.5772,1.5469,2.8332,2.2632
3.567,1.5545,2.8459,2.253
3.5619,1.5418,2.8434,2.2658
3.5772,1.5494,2.8332,2.2607
3.5695,1.5545,2.8383,2.2556
3.567,1.5494,2.8409,2.2607
3.5721,1.5494,2.8307,2.253
3.5695,1.5545,2.8358,2.253
3.5619,1.5469,2.8434,2.2658
3.567,1.5392,2.8409,2.2658
3.5746,1.5494,2.8332,2.2581
3.567,1.5545,2.8409,2.2581
3.567,1.5469,2.8459,2.2581
3.567,1.5392,2.8383,2.2658
3.5772,1.5443,2.8358,2.253
3.567,1.5443,2.8409,2.2505
3.5644,1.5418,2.8409,2.2556
3.567,1.5443,2.8409,2.253
3.567,1.5392,2.8409,2.253
3.567,1.5443,2.8459,2.253
3.5695,1.5418,2.8459,2.253
3.567,1.5418,2.8434,2.2581
3.567,1.5443,2.8383,2.2505
3.567,1.5494,2.8434,2.2454
3.5619,1.5443,2.8536,2.2581
3.567,1.5392,2.8459,2.2607
3.5772,1.5443,2.8383,2.2454
3.5593,1.5494,2.851,2.2479
3.5644,1.5392,2.851,2.2581
3.567,1.5443,2.8459,2.253
3.567,1.5443,2.8434,2.253
3.567,1.5469,2.8434,2.2556
3.5695,1.5392,2.8434,2.2632
3.5746,1.5469,2.8383,2.253
3.567,1.5545,2.8434,2.2556
3.5619,1.5469,2.8434,2.253
3.5695,1.5494,2.8459,2.2556
3.567,1.5545,2.8459,2.2505
3.5619,1.5494,2.851,2.2581
3.5746,1.5392,2.8459,2.2607
3.5772,1.5469,2.8409,2.253
3.5695,1.5469,2.8459,2.253
3.5644,1.5469,2.8459,2.2556
3.5695,1.5443,2.8434,2.2556
3.5695,1.5494,2.8459,2.2556
3.567,1.5469,2.8485,2.253
3.5695,1.5469,2.8536,2.2607
3.5746,1.5418,2.8409,2.2556
3.5746,1.552,2.8409,2.2505
3.5644,1.552,2.8561,2.2556
3.5593,1.5392,2.8536,2.2581
3.5772,1.5392,2.8409,2.2607
3.5772,1.5469,2.8409,2.2454
3.5619,1.5545,2.8561,2.2479
3.5619,1.5392,2.8561,2.2581
3.5695,1.5392,2.8485,2.2581
3.5746,1.5494,2.8434,2.2454
3.567,1.5494,2.8536,2.2428
3.5644,1.5443,2.8536,2.2505
3.5695,1.5443,2.851,2.2556
3.5695,1.5418,2.8485,2.2505
3.567,1.5443,2.8485,2.2505
3.567,1.5494,2.851,2.2505
3.5695,1.5418,2.8485,2.2454
3.5695,1.5367,2.851,2.2454
3.5746,1.5392,2.8485,2.2454
3.5695,1.5494,2.8485,2.2403
3.5619,1.5418,2.8561,2.2454
3.567,1.5341,2.851,2.2505
3.5746,1.5392,2.8434,2.2428
3.5695,1.5469,2.8485,2.2377
3.5695,1.5392,2.851,2.2403
3.567,1.5392,2.8485,2.2454
3.567,1.5392,2.851,2.2505
3.5695,1.5392,2.8485,2.2403
3.567,1.5469,2.8561,2.2326
3.5593,1.5418,2.8561,2.2454
3.5695,1.5341,2.851,2.2479
3.5746,1.5392,2.8434,2.2352
3.567,1.5443,2.8485,2.2326
3.5619,1.5392,2.8536,2.2403
3.5695,1.5316,2.8485,2.2454
3.5746,1.5392,2.8434,2.2377
3.567,1.5443,2.8485,2.2352
3.567,1.5367,2.851,2.2352
3.567,1.5367,2.851,2.2352
3.567,1.5367,2.851,2.2275
3.5593,1.5418,2.8561,2.2352
3.5644,1.5392,2.851,2.2403
3.5746,1.5392,2.8434,2.2275
3.567,1.5418,2.8536,2.225
3.5593,1.5392,2.8587,2.2403
3.5746,1.5316,2.851,2.2403
3.5746,1.5418,2.8459,2.225
3.5695,1.5418,2.8587,2.225
3.5619,1.5316,2.8587,2.2377
3.5695,1.5316,2.8485,2.2352
3.5746,1.5367,2.8485,2.2224
3.5593,1.5469,2.851,2.225
3.5593,1.5316,2.8587,2.2377
3.5644,1.529,2.8561,2.2352
3.5721,1.5367,2.8485,2.225
3.567,1.5418,2.8612,2.225
3.5593,1.5392,2.8612,2.2403
3.567,1.5316,2.8561,2.2352
3.5746,1.5392,2.8485,2.2275
3.567,1.5418,2.851,2.225
3.567,1.5367,2.8536,2.2301
3.5695,1.5392,2.851,2.2352
3.567,1.5367,2.8536,2.2301
3.567,1.5367,2.851,2.225
3.5644,1.5367,2.8536,2.2301
3.567,1.5392,2.8536,2.2377
3.567,1.5367,2.851,2.2301
3.5695,1.5392,2.851,2.2326
3.567,1.5367,2.851,2.2326
3.5619,1.5392,2.8587,2.2326
3.5644,1.5316,2.851,2.2403
3.5746,1.5392,2.8409,2.2275
3.567,1.5418,2.851,2.2275
3.5593,1.5392,2.8561,2.2352
3.567,1.5392,2.8485,2.2403
3.5695,1.5392,2.8485,2.2352
3.567,1.5392,2.8409,2.2377
3.567,1.5443,2.8434,2.2352
3.5619,1.5392,2.851,2.2352
3.567,1.5367,2.8459,2.2403
3.567,1.5367,2.8459,2.2326
3.5593,1.5392,2.851,2.2377
3.567,1.5341,2.8459,2.2377
3.5721,1.5392,2.8434,2.2377
3.5644,1.5392,2.8459,2.2403
3.5644,1.5392,2.8459,2.2479
3.567,1.5367,2.8459,2.2403
3.567,1.5443,2.8459,2.2352
3.5593,1.5392,2.8536,2.2403
3.5644,1.5341,2.8485,2.2403
3.5746,1.5418,2.8409,2.2403
3.567,1.5469,2.8459,2.2301
3.5619,1.5392,2.8561,2.2377
3.567,1.5316,2.8485,2.2377
3.567,1.5392,2.8409,2.2326
3.5593,1.5443,2.8536,2.2403
3.567,1.5341,2.8485,2.2454
3.5721,1.5367,2.8485,2.2403
3.5644,1.5418,2.8459,2.2403
3.5593,1.5392,2.8485,2.2403
3.567,1.5392,2.8485,2.2403
3.567,1.5392,2.851,2.2352
3.5593,1.5392,2.8561,2.2454
3.567,1.5316,2.8485,2.2479
3.5746,1.5443,2.8434,2.2326
3.5593,1.5469,2.8561,2.2403
3.567,1.5316,2.851,2.2479
3.5721,1.5392,2.8459,2.2403
3.567,1.5443,2.851,2.2326
3.5593,1.5392,2.8561,2.2403
3.5644,1.5341,2.851,2.2403
3.567,1.5392,2.8434,2.2403
3.567,1.5443,2.851,2.2403
3.5593,1.5392,2.8561,2.2403
3.5644,1.5341,2.851,2.2505
3.5644,1.5392,2.8434,2.2428
3.5695,1.5469,2.8409,2.2377
3.5593,1.5469,2.8561,2.2352
3.5568,1.5341,2.8536,2.2505
3.5746,1.5367,2.8409,2.2505
3.5746,1.5469,2.8409,2.2352
3.5593,1.5469,2.8536,2.2428
3.5593,1.5367,2.8536,2.2505
3.567,1.5367,2.8409,2.2454
3.5644,1.5469,2.8459,2.2403
3.5593,1.5392,2.8536,2.2454
3.567,1.5341,2.8485,2.2505
3.5695,1.5392,2.8409,2.2428
3.5644,1.5392,2.8459,2.2454
3.5644,1.5418,2.8459,2.2428
3.5644,1.5392,2.8434,2.2428
3.567,1.5392,2.8459,2.2428
3.5644,1.5367,2.8459,2.2403
3.5644,1.5392,2.8459,2.2403
3.5644,1.5392,2.8459,2.2403
3.5644,1.5392,2.8434,2.2428
3.5619,1.5418,2.8459,2.2428
3.5619,1.5367,2.8459,2.2428
3.5619,1.529,2.8459,2.2403
3.5695,1.5367,2.8409,2.2428
3.5644,1.5392,2.8485,2.2403
3.5593,1.5367,2.8536,2.2428
3.5644,1.529,2.8459,2.2403
3.5695,1.5341,2.8409,2.2403
3.5619,1.5418,2.8434,2.2377
3.5568,1.5265,2.851,2.2505
3.5695,1.5265,2.8383,2.2454
3.5644,1.5341,2.8409,2.2403
3.5619,1.5367,2.8434,2.2454
3.5619,1.5341,2.8459,2.2505
3.5619,1.5341,2.8459,2.2428
3.5619,1.5418,2.8459,2.2377
3.5542,1.5341,2.8536,2.2454
3.5619,1.5341,2.8459,2.2428
3.5593,1.5367,2.8485,2.2454
3.5644,1.5367,2.8459,2.2454
3.5593,1.5367,2.8434,2.2505
3.5593,1.5341,2.8459,2.2454
3.567,1.5418,2.8409,2.2403
3.5568,1.5367,2.8536,2.2479
3.5619,1.529,2.8434,2.253
3.567,1.5367,2.8409,2.2479
3.5619,1.5418,2.8459,2.2505
3.5542,1.5367,2.8536,2.2479
3.5644,1.529,2.8459,2.2556
3.5695,1.5367,2.8434,2.2505
3.5619,1.5418,2.8459,2.2454
3.5568,1.5316,2.851,2.2556
3.5619,1.5316,2.8409,2.2607
3.5695,1.5392,2.8383,2.253
3.5593,1.5469,2.8434,2.253
3.5593,1.5392,2.8485,2.2505
3.567,1.5341,2.8409,2.2607
3.5695,1.5418,2.8383,2.2505
3.567,1.5443,2.8409,2.2556
3.5593,1.5418,2.8485,2.2556
3.5644,1.5367,2.8409,2.2632
3.5695,1.5418,2.8383,2.2581
3.5644,1.5494,2.8409,2.2505
3.5568,1.5443,2.851,2.2607
3.5568,1.5392,2.8409,2.2683
3.5695,1.5443,2.8383,2.2632
3.5695,1.5494,2.8358,2.2581
3.5593,1.552,2.851,2.2632
3.5593,1.5392,2.8459,2.2709
3.5695,1.5392,2.8409,2.2658
3.5619,1.5469,2.8409,2.2658
3.5644,1.552,2.8434,2.2607
3.5593,1.5469,2.8485,2.2658
3.5593,1.5392,2.8409,2.276
3.5644,1.5494,2.8409,2.2658
3.5695,1.5469,2.8409,2.2683
3.5644,1.5494,2.8409,2.2658
3.5593,1.5443,2.8459,2.2734
3.5619,1.5392,2.8409,2.2785
3.5695,1.5418,2.8332,2.2683
3.567,1.5545,2.8307,2.2709
3.5619,1.5469,2.8383,2.2709
3.5644,1.5494,2.8459,2.2734
3.5619,1.5443,2.8383,2.2709
3.5644,1.5494,2.8307,2.2709
3.5619,1.552,2.8358,2.2683
3.5568,1.5469,2.8409,2.2709
3.5619,1.5392,2.8358,2.2785
3.567,1.5469,2.8281,2.2734
3.5619,1.5443,2.8332,2.2632
3.5619,1.552,2.8358,2.2658
3.5593,1.5469,2.8383,2.2734
3.5644,1.5392,2.8332,2.2785
3.5721,1.5443,2.8281,2.2658
3.5644,1.5545,2.8332,2.2658
3.5593,1.5469,2.8409,2.2709
3.5644,1.5392,2.8332,2.276
3.5695,1.5443,2.8281,2.2709
3.5619,1.552,2.8307,2.2658
3.5542,1.5443,2.8409,2.2785
3.5593,1.5367,2.8332,2.2785
3.5695,1.5443,2.8256,2.2683
3.5644,1.552,2.8383,2.2683
3.5593,1.5469,2.8409,2.276
3.5695,1.5392,2.8256,2.2785
3.5695,1.5494,2.8256,2.2658
3.5593,1.552,2.8409,2.2734
3.5542,1.5367,2.8332,2.2811
3.5721,1.5469,2.8281,2.2709
3.5644,1.552,2.8358,2.2658
3.5568,1.5443,2.8409,2.2734
3.5619,1.5418,2.8383,2.2811
3.5695,1.5469,2.8307,2.2683
3.5593,1.552,2.8409,2.2734
3.5593,1.5392,2.8383,2.2811
3.5695,1.5494,2.8307,2.276
3.5644,1.5545,2.8409,2.2683
3.5593,1.5494,2.8459,2.2734
3.5644,1.5418,2.8409,2.2811
3.5695,1.5469,2.8281,2.2709
3.5568,1.5545,2.8459,2.276
3.5644,1.5418,2.8409,2.2811
3.5695,1.5494,2.8307,2.2785
3.567,1.5494,2.8383,2.2734
3.5593,1.5494,2.8434,2.2836
3.5721,1.5418,2.8307,2.2836
3.5721,1.5571,2.8332,2.2734
3.5593,1.5494,2.8434,2.2785
3.5644,1.5418,2.8409,2.2836
3.5721,1.5494,2.8332,2.2785
3.5721,1.5545,2.8332,2.2785
3.5593,1.5545,2.8383,2.276
3.5644,1.5494,2.8409,2.2836
3.5644,1.5494,2.8383,2.2785
