2.1497,1.9369,2.4534,2.151
2.1395,1.9369,2.4636,2.1561
2.1395,1.9242,2.4636,2.1638
2.1497,1.9267,2.4534,2.1587
2.1497,1.9369,2.4534,2.151
2.1395,1.9369,2.4636,2.1587
2.1369,1.9242,2.4636,2.1638
2.1497,1.9216,2.4509,2.1561
2.1446,1.9369,2.456,2.1485
2.1344,1.9267,2.4636,2.1561
2.1497,1.9216,2.456,2.1612
2.1497,1.9344,2.4509,2.151
2.142,1.9344,2.4636,2.151
2.1369,1.9216,2.4611,2.1612
2.1471,1.9242,2.4509,2.1638
2.1446,1.9344,2.456,2.151
2.1344,1.9267,2.4611,2.1561
2.142,1.9267,2.4534,2.1561
2.1522,1.9267,2.4483,2.1561
2.142,1.9267,2.4534,2.1561
2.142,1.9267,2.456,2.1536
2.142,1.9267,2.4534,2.1587
2.142,1.9267,2.456,2.1485
2.1446,1.9293,2.4585,2.1561
2.142,1.9216,2.456,2.1612
2.1497,1.9267,2.4483,2.1587
2.1446,1.9344,2.4534,2.151
2.1395,1.9267,2.4611,2.1638
2.1497,1.9216,2.4483,2.1638
2.1497,1.9369,2.4483,2.151
2.1344,1.9344,2.4534,2.1485
2.1369,1.9293,2.4585,2.1612
2.142,1.9242,2.4534,2.1612
2.1497,1.9267,2.4483,2.1561
2.142,1.9344,2.4534,2.151
2.142,1.9267,2.4534,2.1561
2.142,1.9267,2.456,2.1612
2.1497,1.9242,2.4483,2.1638
2.1497,1.9344,2.4483,2.1485
2.1369,1.9344,2.4611,2.1536
2.1344,1.9191,2.4534,2.1638
2.1497,1.9242,2.4534,2.1561
2.142,1.9344,2.4534,2.1536
2.1369,1.9293,2.4611,2.1536
2.142,1.9242,2.456,2.1587
2.1497,1.9267,2.4483,2.1459
2.142,1.9369,2.4534,2.1485
2.1369,1.9318,2.4611,2.1612
2.1446,1.9267,2.4534,2.1587
2.1446,1.9293,2.456,2.1536
2.142,1.9293,2.4534,2.1485
2.1369,1.9293,2.4611,2.1536
2.142,1.9216,2.456,2.1638
2.1497,1.9267,2.4509,2.1485
2.1446,1.9344,2.4534,2.1485
2.1446,1.9318,2.456,2.1587
2.1446,1.9293,2.4534,2.1536
2.1446,1.9293,2.4534,2.1485
2.1369,1.9293,2.4611,2.1561
2.142,1.9242,2.4534,2.1638
2.1497,1.9293,2.4483,2.1561
2.1446,1.9369,2.4534,2.151
2.1369,1.9293,2.4611,2.1663
2.1446,1.9267,2.456,2.1638
2.1522,1.9293,2.4483,2.1561
2.1446,1.9369,2.4534,2.1587
2.1395,1.9318,2.4611,2.1587
2.1446,1.9318,2.4534,2.1561
2.1446,1.9318,2.4534,2.1561
2.1446,1.9318,2.4534,2.1587
2.1446,1.9267,2.4534,2.1638
2.1522,1.9318,2.4458,2.1587
2.1471,1.9369,2.4509,2.151
2.1369,1.9318,2.4585,2.1638
2.1522,1.9267,2.4509,2.1587
2.1497,1.9344,2.4432,2.1536
2.142,1.942,2.4509,2.1459
2.1395,1.9344,2.4585,2.151
2.1446,1.9267,2.4509,2.1612
2.1522,1.9318,2.4458,2.151
2.1471,1.9395,2.4509,2.1459
2.1395,1.9344,2.456,2.151
2.1522,1.9267,2.4483,2.1561
2.1522,1.9344,2.4458,2.1485
2.1471,1.942,2.4483,2.1434
2.1395,1.9267,2.456,2.1561
2.1522,1.9267,2.4432,2.1561
2.1548,1.9318,2.4458,2.1434
2.142,1.942,2.456,2.1408
2.142,1.9267,2.456,2.1536
2.1522,1.9344,2.4458,2.1459
2.1471,1.9395,2.4534,2.1357
2.142,1.9318,2.4585,2.1434
2.1497,1.9293,2.4534,2.1459
2.1548,1.9318,2.4483,2.1408
2.1497,1.9395,2.4534,2.1306
2.1446,1.9344,2.4611,2.1357
2.1497,1.9267,2.4534,2.1383
2.1573,1.9344,2.4509,2.1306
2.1522,1.9344,2.4585,2.1255
2.1522,1.9344,2.456,2.1281
2.1522,1.9344,2.456,2.1332
2.1624,1.9318,2.4534,2.1255
2.1522,1.9395,2.456,2.123
2.1471,1.9344,2.4636,2.123
2.1522,1.9293,2.456,2.1281
2.1599,1.942,2.4509,2.1179
2.1522,1.9446,2.456,2.1153
2.1497,1.9446,2.4611,2.1204
2.1548,1.9369,2.456,2.1204
2.1548,1.9369,2.456,2.1204
2.1624,1.9369,2.4534,2.1179
2.1573,1.9471,2.4585,2.1179
2.1548,1.9395,2.4636,2.1179
2.1548,1.9318,2.456,2.123
2.1624,1.9446,2.4509,2.1102
2.1522,1.9446,2.4636,2.1128
2.1522,1.9318,2.4611,2.123
2.1573,1.9344,2.4483,2.123
2.1624,1.9395,2.4509,2.1153
2.1573,1.9471,2.4534,2.1077
2.1573,1.9369,2.4534,2.1102
2.1548,1.9395,2.456,2.1102
2.1624,1.9318,2.4509,2.1077
2.1573,1.9369,2.4534,2.1026
2.1522,1.9344,2.4585,2.1077
2.1599,1.9293,2.4458,2.1077
2.1624,1.9369,2.4483,2.1
2.1573,1.9395,2.4534,2.0924
2.1522,1.9267,2.4611,2.0975
2.1599,1.9242,2.4534,2.1
2.1675,1.9369,2.4458,2.0873
2.1548,1.9369,2.4585,2.0847
2.1548,1.9318,2.4585,2.0975
2.1599,1.9267,2.4458,2.0949
2.1675,1.9369,2.4458,2.0822
2.1548,1.9369,2.4611,2.0873
2.1624,1.9267,2.4509,2.0949
2.1675,1.9318,2.4432,2.0873
2.1624,1.9369,2.4509,2.0796
2.1548,1.9293,2.4585,2.0924
2.1624,1.9242,2.4534,2.0898
2.1675,1.9318,2.4432,2.0771
2.1548,1.9369,2.4585,2.0822
2.1599,1.9242,2.4534,2.0873
2.1675,1.9293,2.4458,2.0822
2.1599,1.9344,2.4509,2.0745
2.1522,1.9344,2.4585,2.0796
2.1573,1.9293,2.456,2.0847
2.165,1.9242,2.4509,2.0822
2.1599,1.9293,2.4509,2.0745
2.1675,1.9293,2.4509,2.0745
2.1624,1.9344,2.4483,2.0669
2.1573,1.9293,2.4534,2.072
2.1624,1.9242,2.4483,2.0771
2.1701,1.9242,2.4432,2.0694
2.1701,1.9344,2.4432,2.0643
2.1573,1.9369,2.4534,2.0669
2.1573,1.9242,2.4534,2.0771
2.1675,1.9267,2.4432,2.0771
2.1701,1.9369,2.4407,2.0643
2.1573,1.9369,2.456,2.0669
2.1573,1.9267,2.4534,2.0771
2.1701,1.9242,2.4432,2.0822
2.1701,1.9318,2.4432,2.0694
2.1548,1.9395,2.456,2.072
2.1548,1.9267,2.456,2.0847
2.1701,1.9267,2.4407,2.0847
2.1701,1.9395,2.4432,2.0771
2.1548,1.942,2.4534,2.0822
2.1573,1.9267,2.4534,2.0898
2.1675,1.9293,2.4458,2.0847
2.1675,1.942,2.4432,2.0796
2.1522,1.942,2.456,2.0847
2.1548,1.9293,2.456,2.0924
2.165,1.9293,2.4483,2.0975
2.1701,1.9369,2.4432,2.0822
2.1599,1.9446,2.4509,2.0873
2.1548,1.9369,2.456,2.0975
2.1599,1.9318,2.4509,2.1
2.165,1.9395,2.4432,2.0924
2.1599,1.9446,2.4509,2.0898
2.1522,1.9471,2.4585,2.1
2.1599,1.9369,2.4483,2.1077
2.1573,1.9395,2.4509,2.1
2.1675,1.942,2.4509,2.1051
2.1599,1.942,2.4483,2.1051
2.1573,1.942,2.4509,2.1102
2.1573,1.942,2.4483,2.1077
2.1573,1.942,2.4509,2.1102
2.1599,1.9471,2.4483,2.1077
2.1522,1.942,2.4534,2.1102
2.1573,1.9344,2.4483,2.1102
2.1624,1.942,2.4432,2.1153
2.1548,1.9471,2.4483,2.1128
2.1497,1.9395,2.4483,2.1128
2.1548,1.942,2.4483,2.1153
2.1599,1.9395,2.4432,2.1179
2.1548,1.9471,2.4458,2.1128
2.1471,1.942,2.4534,2.1179
2.1497,1.9344,2.4483,2.1281
2.1624,1.9369,2.4407,2.123
2.1599,1.9471,2.4407,2.1153
2.1471,1.9471,2.4534,2.1179
2.1548,1.9446,2.4483,2.1255
2.1548,1.9369,2.4432,2.1281
2.1624,1.9344,2.4407,2.1306
2.1573,1.9497,2.4432,2.1255
2.1497,1.9471,2.4534,2.123
2.1446,1.9344,2.456,2.1383
2.1522,1.9344,2.4483,2.1357
2.1573,1.942,2.4432,2.1332
2.1522,1.9471,2.4509,2.1255
2.1471,1.9395,2.456,2.1383
2.1497,1.9344,2.4483,2.1383
2.1548,1.942,2.4432,2.1306
2.1522,1.9471,2.4483,2.1281
2.1471,1.942,2.4534,2.1357
2.1522,1.9344,2.4483,2.1408
2.1599,1.9395,2.4432,2.1357
2.1497,1.9471,2.4483,2.1281
2.1471,1.9395,2.456,2.1332
2.1497,1.9344,2.4509,2.1332
2.1599,1.9395,2.4432,2.1332
2.1522,1.9471,2.4483,2.1281
2.1471,1.9369,2.4509,2.1383
2.1548,1.9318,2.4458,2.1383
2.1599,1.9369,2.4381,2.1255
2.1471,1.942,2.4458,2.1255
2.1471,1.9369,2.4458,2.1306
2.1497,1.9369,2.4432,2.1332
2.1497,1.9369,2.4432,2.1306
2.1497,1.9369,2.4458,2.1332
2.1497,1.9369,2.4432,2.1332
2.1497,1.9293,2.4432,2.1357
2.1522,1.9369,2.4381,2.1357
2.1548,1.942,2.4432,2.1281
2.142,1.942,2.4483,2.1357
2.142,1.9267,2.4458,2.1434
2.1522,1.9267,2.4356,2.1459
2.1522,1.9344,2.433,2.1383
2.1471,1.9395,2.4381,2.1357
2.1395,1.9318,2.4432,2.1408
2.1471,1.9267,2.4381,2.1485
2.142,1.9318,2.4407,2.1434
2.1471,1.9318,2.4356,2.1408
2.1446,1.9395,2.4407,2.1357
2.1395,1.9318,2.4458,2.1434
2.1395,1.9293,2.4381,2.151
2.1497,1.9242,2.433,2.1459
2.1497,1.9344,2.4305,2.1434
2.1446,1.9293,2.4381,2.1459
2.1369,1.9293,2.4432,2.1434
2.1446,1.9216,2.4356,2.1434
2.1497,1.9267,2.4305,2.1459
2.1446,1.9344,2.4356,2.1408
2.1395,1.9267,2.4432,2.1459
2.1446,1.9191,2.4381,2.1459
2.1497,1.9267,2.4305,2.1485
2.142,1.9318,2.4356,2.1383
2.1344,1.9318,2.4432,2.1459
2.142,1.9165,2.4356,2.151
2.1471,1.9242,2.4279,2.1459
2.1395,1.9293,2.4381,2.1383
2.1369,1.9242,2.4432,2.1434
2.1369,1.9191,2.4432,2.1485
2.1471,1.914,2.4305,2.1485
2.1497,1.9216,2.4305,2.1357
2.142,1.9267,2.433,2.1357
2.1369,1.9191,2.4407,2.151
2.1395,1.9165,2.4356,2.1485
2.142,1.9216,2.4356,2.1434
2.1446,1.9216,2.433,2.1357
2.142,1.9267,2.4356,2.1434
2.1344,1.9242,2.4356,2.1434
2.1395,1.914,2.4356,2.1459
2.1497,1.9216,2.4305,2.1383
2.1395,1.9191,2.4356,2.1332
2.1395,1.9191,2.433,2.1383
2.1344,1.9216,2.4381,2.1383
2.142,1.9191,2.4305,2.1408
2.1471,1.9165,2.433,2.1408
2.1395,1.9242,2.4305,2.1357
2.1344,1.9191,2.4381,2.1408
2.142,1.914,2.433,2.1485
2.1471,1.9165,2.4254,2.1434
2.1471,1.9242,2.4305,2.1357
2.1344,1.9242,2.4356,2.1408
2.1318,1.9114,2.4381,2.1459
2.1471,1.9114,2.4279,2.1459
2.1471,1.9165,2.4254,2.1306
2.1395,1.9242,2.4305,2.1332
2.1344,1.9165,2.4356,2.1383
2.1395,1.9089,2.4305,2.1357
2.1471,1.914,2.4228,2.1357
2.1471,1.9216,2.4254,2.1281
2.1344,1.9216,2.4305,2.1357
2.1395,1.914,2.4305,2.1408
2.1395,1.9165,2.433,2.1357
2.1395,1.914,2.4305,2.1357
2.1395,1.914,2.4305,2.1357
2.1344,1.914,2.4305,2.1332
2.1395,1.9089,2.433,2.1434
2.1395,1.9165,2.4228,2.1357
2.1369,1.9216,2.4305,2.1306
2.1318,1.9165,2.4407,2.1383
2.1369,1.9089,2.4305,2.1459
2.1446,1.9165,2.4279,2.1408
2.1395,1.9165,2.4305,2.1332
2.1395,1.9242,2.433,2.1383
2.1318,1.9191,2.4381,2.1408
2.1395,1.9114,2.433,2.1485
2.1446,1.9165,2.4279,2.1408
2.1446,1.9242,2.4254,2.1332
2.1344,1.9242,2.4381,2.1332
2.1318,1.9114,2.4381,2.1485
2.1395,1.9114,2.4305,2.1485
2.1446,1.914,2.4228,2.1332
2.1318,1.9242,2.4305,2.1357
2.1344,1.9165,2.4381,2.1434
2.1395,1.9114,2.433,2.1383
2.1471,1.9216,2.4305,2.1383
2.142,1.9242,2.433,2.1306
2.1369,1.9242,2.4381,2.1383
2.142,1.9114,2.433,2.1459
2.1497,1.914,2.4279,2.1357
2.1471,1.9267,2.4279,2.1306
2.1344,1.9267,2.4407,2.1332
2.1344,1.9165,2.4432,2.1408
2.1471,1.914,2.4305,2.1357
2.1471,1.9267,2.4305,2.1281
2.1318,1.9267,2.4407,2.1357
2.1369,1.914,2.4407,2.1408
2.1497,1.914,2.4305,2.1357
2.1471,1.9216,2.4305,2.1332
2.1344,1.9293,2.4356,2.1281
2.1344,1.9216,2.4407,2.1357
2.1395,1.914,2.4356,2.1408
2.1471,1.9216,2.4305,2.1332
2.142,1.9293,2.433,2.1357
2.1344,1.9216,2.4432,2.1357
2.1344,1.9165,2.4432,2.1383
2.1471,1.914,2.4305,2.1357
2.1497,1.9267,2.4279,2.1281
2.1344,1.9267,2.4432,2.1332
2.1344,1.914,2.4432,2.1357
2.1497,1.9216,2.4305,2.1332
2.142,1.9293,2.433,2.1306
2.1344,1.9216,2.4432,2.1332
2.142,1.9216,2.433,2.1332
2.142,1.9242,2.433,2.1281
2.1369,1.9242,2.4407,2.1306
2.142,1.9191,2.4356,2.1332
2.1522,1.9242,2.4305,2.1306
2.142,1.9242,2.4381,2.1332
2.142,1.9242,2.4356,2.1306
2.142,1.9242,2.4305,2.1306
2.142,1.9267,2.4381,2.123
2.1395,1.9216,2.4432,2.1357
2.142,1.9216,2.433,2.1383
2.1497,1.9242,2.433,2.123
2.1446,1.9293,2.4432,2.123
2.1395,1.9165,2.4432,2.1332
2.1497,1.9165,2.433,2.1281
2.1446,1.9318,2.4356,2.1179
2.1395,1.9165,2.4458,2.1332
2.142,1.9165,2.4305,2.1332
2.1522,1.9267,2.433,2.1204
2.1471,1.9242,2.4407,2.1255
2.1446,1.9216,2.4381,2.1281
2.1471,1.9242,2.4381,2.1255
2.1446,1.9216,2.4381,2.1179
2.1446,1.9216,2.4381,2.123
2.1446,1.9242,2.4407,2.1281
2.1471,1.9216,2.4381,2.1255
2.1471,1.9242,2.4407,2.1179
2.1395,1.9267,2.4483,2.1255
2.1446,1.9216,2.4432,2.1332
2.1522,1.9267,2.4356,2.1255
2.1471,1.9318,2.4483,2.1204
2.1395,1.9216,2.4483,2.1306
2.1471,1.9216,2.4356,2.1306
2.1522,1.9267,2.4381,2.1204
2.1471,1.9293,2.4432,2.1255
2.1471,1.9293,2.4432,2.1281
2.1446,1.9216,2.4407,2.1255
2.1471,1.9293,2.4432,2.1179
2.1471,1.9267,2.4432,2.1281
2.1471,1.9293,2.4432,2.1306
2.1471,1.9267,2.4432,2.1255
2.1471,1.9267,2.4432,2.1179
2.1395,1.9293,2.4483,2.1255
2.1522,1.9242,2.4432,2.1306
2.1548,1.9369,2.4381,2.1204
2.1395,1.9369,2.4458,2.1153
2.142,1.9267,2.4509,2.1306
2.1548,1.9242,2.4381,2.123
2.1522,1.9293,2.4381,2.123
2.1497,1.9369,2.4432,2.123
2.142,1.9344,2.4534,2.123
2.1497,1.9267,2.4458,2.1204
2.1573,1.9318,2.4432,2.1204
2.1497,1.9395,2.4483,2.1179
2.142,1.9344,2.456,2.123
2.1522,1.9293,2.4509,2.1255
2.1599,1.9344,2.4432,2.1179
2.1522,1.9395,2.4509,2.1128
2.1471,1.9344,2.4611,2.1179
2.1497,1.9293,2.4534,2.123
2.1573,1.9369,2.4483,2.1179
2.1599,1.9446,2.4458,2.1102
2.1548,1.9344,2.4585,2.1179
2.1522,1.9293,2.4534,2.1255
2.1599,1.9395,2.4483,2.1179
2.1548,1.942,2.4534,2.1179
2.1471,1.9369,2.4611,2.1179
2.1522,1.9344,2.456,2.1204
2.1624,1.9369,2.4509,2.1179
2.1522,1.9471,2.456,2.123
2.1471,1.942,2.4636,2.1255
2.1522,1.9344,2.4585,2.1281
2.1599,1.9497,2.4534,2.1204
2.1471,1.9471,2.4611,2.123
2.1446,1.9471,2.4662,2.1357
2.1522,1.9369,2.4611,2.1357
2.1599,1.942,2.4534,2.1306
2.1522,1.9497,2.4611,2.1306
2.1471,1.9446,2.4687,2.1332
2.1522,1.942,2.4611,2.1383
2.1573,1.9471,2.4611,2.1357
2.1522,1.9522,2.4585,2.1357
2.1471,1.9497,2.4611,2.1357
2.1522,1.942,2.4611,2.1434
2.1548,1.9471,2.456,2.1383
2.1522,1.9548,2.4662,2.1306
2.1471,1.942,2.4687,2.1434
2.1573,1.9446,2.4534,2.1459
2.1599,1.9573,2.456,2.1281
2.1548,1.9573,2.4662,2.1383
2.1446,1.9446,2.4662,2.1459
2.1599,1.9471,2.456,2.1408
2.1522,1.9573,2.4611,2.1332
2.1471,1.9497,2.4687,2.1383
2.1522,1.9471,2.4611,2.1459
2.1599,1.9522,2.4534,2.1332
2.1548,1.9573,2.4611,2.1332
2.1471,1.9522,2.4636,2.1383
2.1522,1.9471,2.4636,2.1434
2.1624,1.9548,2.4585,2.1383
2.1624,1.9599,2.4662,2.1306
2.1471,1.9624,2.4738,2.1383
2.1497,1.9497,2.4713,2.1459
2.1548,1.9522,2.4662,2.1485
2.1624,1.9624,2.4611,2.1434
2.1522,1.9624,2.4687,2.1357
2.1497,1.9573,2.4738,2.1434
2.1471,1.9522,2.4738,2.1485
2.1522,1.9548,2.4611,2.151
2.1624,1.9573,2.4636,2.1357
2.1573,1.9599,2.4687,2.1383
2.1522,1.9675,2.4687,2.1434
2.1471,1.9599,2.4764,2.1459
2.1548,1.9548,2.4713,2.151
2.1548,1.9624,2.4713,2.1459
2.1548,1.965,2.4687,2.1485
2.1548,1.9675,2.4687,2.1434
2.1471,1.9701,2.4764,2.151
2.1471,1.9573,2.4738,2.1612
2.1522,1.9599,2.4662,2.1612
2.1599,1.9675,2.4636,2.1561
2.1548,1.9752,2.4687,2.151
2.1497,1.9624,2.4764,2.1561
2.1522,1.965,2.4713,2.1638
2.1548,1.965,2.4738,2.1561
2.1548,1.9624,2.4713,2.1485
2.1522,1.9624,2.4738,2.1536
2.1548,1.9624,2.4713,2.1561
2.1522,1.9573,2.4713,2.1485
2.1548,1.9573,2.4713,2.1434
2.1548,1.9599,2.4789,2.1459
2.1522,1.9522,2.4687,2.1485
2.1624,1.9548,2.4611,2.1408
2.1522,1.9599,2.4687,2.1332
2.1471,1.9548,2.4738,2.1383
2.1522,1.9522,2.4662,2.1434
2.1522,1.9522,2.4713,2.1306
2.1548,1.9497,2.4662,2.123
2.1548,1.9497,2.4687,2.1281
2.1548,1.9522,2.4687,2.1357
2.1573,1.9497,2.4687,2.1281
2.1548,1.9497,2.4611,2.1281
2.1548,1.9573,2.4662,2.123
2.1497,1.9497,2.4738,2.1255
2.1548,1.9446,2.4687,2.1306
2.1599,1.942,2.4611,2.1281
2.1624,1.9497,2.4611,2.1179
2.1573,1.9522,2.4636,2.1153
2.1497,1.9497,2.4738,2.1179
2.1573,1.9471,2.4636,2.1255
2.1548,1.9471,2.4662,2.123
