1.6806,0.035184,0.69718,0.20028
1.673,0.042832,0.70227,0.19518
1.6653,0.027537,0.70992,0.20793
1.6704,0.030086,0.70227,0.20793
1.6781,0.035184,0.69718,0.19263
1.6679,0.040283,0.69973,0.19518
1.6628,0.030086,0.71502,0.20793
1.6653,0.030086,0.70482,0.20028
1.6679,0.032635,0.70482,0.20283
1.6628,0.042832,0.71247,0.20028
1.6602,0.030086,0.70992,0.20793
1.673,0.030086,0.69973,0.20028
1.6755,0.042832,0.69973,0.19518
1.6602,0.042832,0.70737,0.20028
1.6679,0.037734,0.70482,0.20793
1.6679,0.037734,0.70482,0.20283
1.6679,0.040283,0.70737,0.19263
1.6602,0.035184,0.71502,0.19773
1.6653,0.027537,0.70737,0.20793
1.6755,0.035184,0.70227,0.20028
1.6679,0.040283,0.70737,0.20028
1.6628,0.037734,0.71502,0.20028
1.673,0.030086,0.70992,0.20283
1.6781,0.035184,0.70992,0.20283
1.6755,0.040283,0.70737,0.20028
1.673,0.035184,0.70992,0.20793
1.6755,0.035184,0.70992,0.20283
1.6781,0.035184,0.70992,0.20028
1.6704,0.037734,0.71757,0.20028
1.6781,0.035184,0.71247,0.20538
1.6806,0.035184,0.70737,0.19773
1.673,0.037734,0.71757,0.20028
1.6857,0.030086,0.70992,0.21048
1.6857,0.040283,0.70227,0.19518
1.6704,0.040283,0.71502,0.20028
1.6781,0.027537,0.70992,0.20283
1.6806,0.035184,0.70737,0.19773
1.6755,0.037734,0.71502,0.20283
1.6806,0.030086,0.70737,0.21048
1.6883,0.040283,0.70227,0.19518
1.673,0.045381,0.71247,0.19773
1.6832,0.030086,0.70737,0.20793
1.6934,0.035184,0.70227,0.20283
1.6857,0.040283,0.70737,0.19518
1.6806,0.027537,0.71502,0.20283
1.6857,0.027537,0.70737,0.21048
1.6934,0.035184,0.70227,0.20028
1.6883,0.040283,0.70482,0.19773
1.6806,0.030086,0.70992,0.21048
1.6883,0.030086,0.70227,0.21048
1.6934,0.040283,0.69718,0.20028
1.6806,0.040283,0.70992,0.20283
1.6857,0.030086,0.69973,0.20793
1.6934,0.035184,0.69463,0.20538
1.6832,0.035184,0.70227,0.20028
1.6857,0.032635,0.69718,0.21048
1.6908,0.035184,0.69463,0.19518
1.6755,0.037734,0.70227,0.19518
1.6755,0.027537,0.70227,0.20793
1.6806,0.035184,0.69208,0.20028
1.6755,0.040283,0.69463,0.19263
1.6679,0.032635,0.69208,0.20028
1.673,0.035184,0.69463,0.20028
1.6704,0.035184,0.69208,0.19518
1.6704,0.035184,0.69208,0.20028
1.6679,0.027537,0.68953,0.21048
1.6755,0.035184,0.68188,0.20028
1.6704,0.040283,0.68953,0.19263
1.6602,0.032635,0.69718,0.20028
1.6679,0.030086,0.68953,0.20283
1.6704,0.032635,0.68188,0.19518
1.6628,0.040283,0.69718,0.20028
1.6653,0.030086,0.68698,0.20793
1.6755,0.035184,0.68188,0.20028
1.6679,0.040283,0.68953,0.20028
1.6653,0.032635,0.68953,0.20793
1.6653,0.032635,0.68443,0.20028
1.6679,0.042832,0.68953,0.19518
1.6577,0.027537,0.69463,0.20793
1.673,0.030086,0.68698,0.20028
1.6704,0.040283,0.68698,0.19263
1.6577,0.037734,0.69718,0.20283
1.6704,0.030086,0.68953,0.20283
1.6704,0.040283,0.68188,0.19263
1.6526,0.035184,0.69973,0.20028
1.6602,0.035184,0.69208,0.20028
1.6602,0.035184,0.68953,0.19263
1.6577,0.035184,0.68953,0.20028
1.6577,0.027537,0.69208,0.20793
1.6628,0.040283,0.68443,0.19518
1.65,0.042832,0.69718,0.19518
1.6551,0.027537,0.69718,0.20793
1.6679,0.030086,0.68953,0.20028
1.6628,0.040283,0.69463,0.19518
1.6602,0.037734,0.69973,0.20028
1.6679,0.027537,0.69718,0.20028
1.6755,0.032635,0.69463,0.20028
1.673,0.042832,0.69973,0.19518
1.6704,0.035184,0.69973,0.20028
1.6806,0.035184,0.70482,0.21048
1.6857,0.035184,0.69718,0.20538
1.6832,0.042832,0.70737,0.19773
1.6781,0.032635,0.71502,0.20283
1.6857,0.035184,0.70737,0.20283
1.6832,0.035184,0.70737,0.20283
1.6832,0.037734,0.71247,0.20283
1.6857,0.030086,0.70737,0.20793
1.6908,0.040283,0.70227,0.20028
1.6857,0.035184,0.70992,0.20538
1.6857,0.030086,0.70992,0.20793
1.6908,0.035184,0.70227,0.20283
1.6806,0.042832,0.70992,0.19773
1.6832,0.035184,0.71502,0.21048
1.6883,0.035184,0.70992,0.20538
1.6857,0.040283,0.70992,0.19773
1.6806,0.035184,0.71502,0.20793
1.6857,0.030086,0.70992,0.20028
1.6832,0.035184,0.70992,0.20028
1.6832,0.032635,0.70992,0.20283
1.6857,0.032635,0.71247,0.21048
1.6908,0.035184,0.70737,0.20283
1.6883,0.040283,0.70992,0.20283
1.6806,0.032635,0.72012,0.20028
1.6883,0.032635,0.71757,0.20283
1.6883,0.035184,0.71757,0.20283
1.6883,0.037734,0.71757,0.20283
1.6908,0.027537,0.71757,0.20793
1.6959,0.035184,0.72012,0.20283
1.6908,0.040283,0.72012,0.20283
1.6934,0.035184,0.72521,0.20793
1.701,0.030086,0.72267,0.20283
1.7036,0.040283,0.71757,0.19773
1.6934,0.032635,0.73031,0.20538
1.701,0.030086,0.72776,0.20283
1.7061,0.035184,0.72267,0.20283
1.701,0.042832,0.72776,0.20538
1.701,0.035184,0.72521,0.20538
1.6985,0.032635,0.72776,0.20283
1.7036,0.042832,0.72267,0.19773
1.6883,0.040283,0.73541,0.20283
1.6883,0.030086,0.73031,0.20793
1.6985,0.037734,0.72521,0.20283
1.6908,0.040283,0.73031,0.19518
1.6883,0.037734,0.73796,0.20283
1.6883,0.035184,0.73031,0.20028
1.6883,0.042832,0.73031,0.19518
1.6832,0.035184,0.73796,0.20028
1.6959,0.030086,0.72521,0.20793
1.6959,0.040283,0.72776,0.19518
1.6832,0.035184,0.73796,0.20028
1.6883,0.030086,0.73286,0.20283
1.6908,0.032635,0.73286,0.20028
1.6883,0.035184,0.73286,0.20028
1.6883,0.035184,0.73286,0.20793
1.6883,0.035184,0.73286,0.20028
1.6908,0.035184,0.72776,0.20283
1.6857,0.042832,0.74051,0.20028
1.6857,0.027537,0.73286,0.20793
1.6857,0.035184,0.72521,0.20283
1.6883,0.042832,0.73031,0.20283
1.6832,0.037734,0.73796,0.20028
1.6908,0.035184,0.73286,0.21048
1.6985,0.035184,0.72521,0.20283
1.6908,0.042832,0.73031,0.19773
1.6832,0.037734,0.74051,0.20028
1.6908,0.027537,0.73286,0.20793
1.6985,0.032635,0.72521,0.20028
1.6908,0.042832,0.73031,0.19773
1.6883,0.035184,0.74051,0.20283
1.6934,0.030086,0.73031,0.20793
1.7036,0.035184,0.72267,0.20538
1.6883,0.042832,0.73541,0.19773
1.6883,0.030086,0.73796,0.20793
1.7036,0.035184,0.72012,0.20538
1.6959,0.040283,0.73031,0.20028
1.6934,0.037734,0.72776,0.20283
1.6908,0.035184,0.73031,0.20283
1.6934,0.035184,0.72776,0.19518
1.6908,0.032635,0.72776,0.20028
1.6883,0.035184,0.73031,0.21048
1.6883,0.032635,0.72521,0.20283
1.6832,0.035184,0.72521,0.19773
1.6832,0.037734,0.72267,0.20028
1.6806,0.035184,0.72267,0.20538
1.6781,0.035184,0.72267,0.20028
1.6755,0.035184,0.72267,0.20028
1.673,0.032635,0.72267,0.19773
1.6628,0.030086,0.72776,0.20538
1.6755,0.030086,0.71757,0.19773
1.6653,0.040283,0.72012,0.19263
1.6577,0.040283,0.72012,0.19518
1.6628,0.030086,0.71757,0.19773
1.6628,0.035184,0.71757,0.19773
1.6602,0.032635,0.71502,0.19008
1.6526,0.030086,0.72012,0.20283
1.6602,0.030086,0.71247,0.20028
1.6628,0.040283,0.70992,0.19008
1.6475,0.040283,0.72012,0.19518
1.6449,0.027537,0.72012,0.20028
1.6577,0.027537,0.70992,0.19518
1.6551,0.042832,0.70482,0.19008
1.6424,0.040283,0.72012,0.19518
1.6398,0.030086,0.72012,0.20028
1.6424,0.035184,0.70992,0.19518
1.6449,0.035184,0.70227,0.19008
1.6373,0.040283,0.71247,0.19773
1.6322,0.027537,0.70992,0.20283
1.6449,0.032635,0.70227,0.19263
1.6373,0.040283,0.70737,0.19518
1.6322,0.035184,0.70992,0.19518
1.6347,0.030086,0.69718,0.20028
1.6424,0.035184,0.70227,0.19263
1.6347,0.040283,0.69973,0.19263
1.622,0.037734,0.70737,0.19518
1.6271,0.030086,0.70227,0.19263
1.6322,0.037734,0.69718,0.19263
1.6271,0.040283,0.69973,0.18753
1.6194,0.035184,0.70482,0.19773
1.6194,0.032635,0.69718,0.19773
1.6245,0.030086,0.68953,0.19263
1.6245,0.040283,0.68953,0.18498
1.6093,0.042832,0.69973,0.18498
1.6093,0.030086,0.70227,0.20028
1.622,0.027537,0.68953,0.19008
1.6169,0.040283,0.68443,0.18498
1.6067,0.040283,0.69973,0.19008
1.6042,0.027537,0.69718,0.19773
1.6169,0.030086,0.68698,0.19008
1.6169,0.042832,0.68953,0.18498
1.6067,0.040283,0.69973,0.18498
1.6042,0.035184,0.69973,0.19518
1.6194,0.030086,0.69463,0.19773
1.6194,0.042832,0.68698,0.18243
1.6144,0.040283,0.69463,0.18498
1.6093,0.027537,0.69973,0.19773
1.622,0.030086,0.69208,0.20028
1.622,0.040283,0.68953,0.18498
1.6118,0.045381,0.70227,0.19263
1.6194,0.032635,0.69463,0.19263
1.6271,0.035184,0.68698,0.19263
1.622,0.035184,0.69463,0.19008
1.622,0.037734,0.69463,0.20028
1.6296,0.035184,0.68698,0.19518
1.6245,0.042832,0.69463,0.18753
1.6194,0.032635,0.69973,0.20028
1.6271,0.030086,0.68698,0.20028
1.6322,0.042832,0.68443,0.18753
1.622,0.035184,0.69718,0.19263
1.6245,0.027537,0.68953,0.19773
1.6347,0.032635,0.68443,0.18498
1.6194,0.045381,0.69463,0.18753
1.6194,0.035184,0.69463,0.20028
1.6245,0.030086,0.68443,0.20028
1.6296,0.040283,0.67933,0.18753
1.6245,0.040283,0.68698,0.18753
1.6194,0.024987,0.69208,0.19518
1.622,0.030086,0.68698,0.19263
1.622,0.035184,0.67933,0.18753
1.6245,0.042832,0.69208,0.18753
1.6169,0.027537,0.68953,0.20028
1.6322,0.030086,0.67933,0.20028
1.6322,0.040283,0.67678,0.18753
1.6194,0.042832,0.68953,0.19008
1.6194,0.030086,0.68953,0.20028
1.6322,0.035184,0.67678,0.19263
1.6296,0.040283,0.68443,0.18753
1.6271,0.037734,0.68443,0.19518
1.6296,0.027537,0.68443,0.19518
1.6347,0.035184,0.68443,0.18753
1.6271,0.035184,0.69208,0.19263
1.6424,0.027537,0.68443,0.20028
1.6449,0.040283,0.67933,0.19008
1.6322,0.040283,0.68953,0.19518
1.6449,0.027537,0.68953,0.20283
1.65,0.035184,0.67933,0.19773
1.6449,0.035184,0.68698,0.19518
1.6475,0.037734,0.68953,0.19773
1.65,0.035184,0.68698,0.19773
1.6526,0.040283,0.68698,0.19263
1.6475,0.035184,0.69463,0.19773
1.6526,0.030086,0.68953,0.20538
1.6628,0.035184,0.68188,0.20028
1.6577,0.042832,0.68698,0.19263
1.6551,0.035184,0.69208,0.20793
1.6653,0.027537,0.68953,0.20538
1.6679,0.035184,0.68188,0.20028
1.6628,0.040283,0.68698,0.19263
1.6602,0.032635,0.69463,0.20793
1.6679,0.027537,0.67933,0.20793
1.6755,0.042832,0.68188,0.19773
1.6602,0.040283,0.69208,0.20283
1.6704,0.027537,0.68443,0.20028
1.6679,0.035184,0.68443,0.20283
1.6653,0.035184,0.69208,0.20793
1.6679,0.030086,0.68188,0.20793
1.6755,0.040283,0.67678,0.19773
1.6602,0.037734,0.68953,0.20028
1.6679,0.030086,0.68188,0.20793
1.6704,0.032635,0.67933,0.20028
1.6704,0.037734,0.67933,0.20028
1.673,0.027537,0.68188,0.20028
1.6704,0.035184,0.67678,0.20283
1.6628,0.032635,0.68953,0.20283
1.6704,0.027537,0.67424,0.20793
1.6781,0.040283,0.67169,0.19518
1.6679,0.042832,0.68953,0.20283
1.6628,0.027537,0.68188,0.21048
1.6755,0.030086,0.67678,0.20283
1.673,0.032635,0.66914,0.19773
1.6653,0.035184,0.67933,0.20283
1.673,0.030086,0.67424,0.21048
1.6832,0.040283,0.66659,0.20538
1.673,0.042832,0.67424,0.20028
1.6755,0.030086,0.67933,0.21048
1.6908,0.027537,0.66404,0.21048
1.6934,0.040283,0.66149,0.20028
1.6832,0.040283,0.67424,0.20028
1.6857,0.030086,0.67424,0.20793
1.6985,0.035184,0.66914,0.20793
1.6985,0.035184,0.66659,0.20538
1.6908,0.035184,0.67169,0.21048
1.7036,0.030086,0.66659,0.21303
1.701,0.035184,0.65894,0.20538
1.701,0.035184,0.67169,0.21303
1.7036,0.030086,0.66404,0.21048
1.7087,0.035184,0.66149,0.21303
1.7112,0.032635,0.66149,0.21048
1.7087,0.035184,0.66149,0.21813
1.7163,0.032635,0.65639,0.20538
1.7061,0.042832,0.66404,0.20793
1.7061,0.027537,0.66659,0.21048
1.7087,0.032635,0.65639,0.21303
1.7112,0.045381,0.66149,0.20538
1.7061,0.037734,0.66914,0.21558
1.7189,0.027537,0.65894,0.21813
1.7189,0.040283,0.66149,0.20793
1.7087,0.035184,0.67424,0.21048
1.7214,0.035184,0.67169,0.21303
1.7214,0.040283,0.67169,0.21048
1.7163,0.037734,0.67933,0.21048
1.7291,0.030086,0.66914,0.22068
1.7316,0.040283,0.67678,0.20793
1.7214,0.037734,0.68443,0.21303
1.7291,0.030086,0.67933,0.21303
1.7265,0.035184,0.67933,0.20793
1.7265,0.032635,0.68698,0.21303
1.7265,0.027537,0.67678,0.21813
1.7291,0.037734,0.67933,0.20793
1.724,0.037734,0.69208,0.21303
1.7291,0.027537,0.68443,0.21813
1.7316,0.035184,0.67933,0.20793
1.724,0.040283,0.68698,0.20538
1.7214,0.035184,0.69463,0.21813
1.724,0.030086,0.68188,0.22068
1.7316,0.040283,0.68188,0.20538
1.7138,0.040283,0.69463,0.20538
1.7163,0.030086,0.69718,0.21558
1.724,0.037734,0.68443,0.21048
1.7189,0.040283,0.68953,0.20283
1.7112,0.035184,0.69973,0.21048
1.7189,0.027537,0.69463,0.21558
1.724,0.035184,0.68953,0.20538
1.7163,0.040283,0.69718,0.20538
1.7087,0.030086,0.70482,0.21558
1.7138,0.024987,0.68953,0.21303
1.7189,0.040283,0.69208,0.20283
1.7036,0.040283,0.70227,0.20283
1.7036,0.030086,0.70227,0.21558
1.7163,0.032635,0.69463,0.20793
1.7036,0.042832,0.69463,0.20538
1.7036,0.032635,0.69718,0.21303
1.7112,0.035184,0.69208,0.20793
1.6934,0.040283,0.70482,0.20028
1.6959,0.030086,0.70227,0.21048
1.7061,0.035184,0.68953,0.20028
1.6985,0.040283,0.69718,0.20028
1.6908,0.030086,0.70227,0.21303
1.7036,0.035184,0.69208,0.20538
1.6934,0.035184,0.69718,0.20793
1.6832,0.032635,0.69718,0.20538
1.6908,0.035184,0.69718,0.20538
1.6857,0.032635,0.69463,0.19773
1.6781,0.040283,0.69973,0.20538
1.6832,0.027537,0.69718,0.21048
1.6883,0.035184,0.68698,0.20538
1.6781,0.040283,0.69463,0.19773
1.6781,0.030086,0.69463,0.20793
1.6806,0.035184,0.68698,0.20283
1.6755,0.035184,0.69718,0.19518
1.6653,0.030086,0.69973,0.20793
1.6781,0.035184,0.68953,0.20028
1.6653,0.030086,0.69208,0.19773
1.6628,0.035184,0.69208,0.20538
1.6679,0.032635,0.68443,0.19263
1.6602,0.040283,0.68953,0.19263
1.6551,0.030086,0.69718,0.20538
1.6628,0.027537,0.68443,0.20028
1.6577,0.042832,0.68698,0.19263
1.65,0.035184,0.68953,0.19518
1.6526,0.032635,0.68698,0.20028
1.6551,0.040283,0.68698,0.19008
1.6475,0.035184,0.69208,0.19773
1.6577,0.027537,0.67933,0.20538
1.65,0.042832,0.68698,0.19263
1.6475,0.032635,0.69208,0.20028
1.6551,0.035184,0.67933,0.19773
1.6475,0.042832,0.68443,0.19008
1.6449,0.035184,0.68953,0.19773
1.6449,0.032635,0.68188,0.19518
1.6424,0.035184,0.68188,0.19008
1.6424,0.035184,0.68953,0.19773
1.6398,0.027537,0.68188,0.20538
1.6475,0.032635,0.67169,0.19773
1.6398,0.040283,0.68188,0.19008
1.6296,0.035184,0.68698,0.19518
1.6347,0.030086,0.67933,0.20538
1.6398,0.035184,0.67678,0.19008
1.6322,0.040283,0.67933,0.18753
1.6296,0.035184,0.68953,0.19773
1.6398,0.027537,0.67424,0.19773
1.6373,0.037734,0.68188,0.19518
1.6322,0.027537,0.68443,0.20028
1.6424,0.035184,0.67678,0.19008
1.6271,0.042832,0.68953,0.18753
1.6322,0.032635,0.68443,0.20028
1.6373,0.035184,0.67678,0.19263
1.6322,0.040283,0.68443,0.19008
1.6245,0.027537,0.69463,0.19773
1.6322,0.035184,0.68698,0.19518
1.6296,0.035184,0.68443,0.18753
1.622,0.035184,0.69463,0.19263
1.6271,0.027537,0.68698,0.20028
1.6347,0.042832,0.68188,0.18498
1.6194,0.035184,0.69463,0.19263
1.6373,0.030086,0.68953,0.19263
1.6271,0.035184,0.68953,0.19263
1.622,0.035184,0.69973,0.19518
1.6296,0.035184,0.68953,0.19518
1.6322,0.035184,0.68953,0.19008
1.6245,0.035184,0.69718,0.19518
1.6347,0.035184,0.69208,0.19773
1.6373,0.035184,0.69208,0.19008
1.6322,0.035184,0.69973,0.19518
1.6449,0.027537,0.68443,0.20283
1.6475,0.042832,0.68698,0.19008
1.6373,0.035184,0.69973,0.19518
1.6398,0.030086,0.69208,0.20283
1.6551,0.035184,0.68953,0.19263
1.6449,0.035184,0.70227,0.19518
1.6577,0.027537,0.69718,0.20538
1.6653,0.035184,0.69463,0.20028
1.6628,0.035184,0.69973,0.19518
1.6628,0.035184,0.70482,0.20028
1.6653,0.030086,0.69973,0.20028
1.6679,0.035184,0.69718,0.19773
1.6628,0.035184,0.70482,0.20538
1.6755,0.030086,0.69718,0.20793
1.673,0.040283,0.68953,0.19263
1.6602,0.037734,0.69973,0.20028
1.6653,0.035184,0.69463,0.20793
1.673,0.042832,0.68443,0.19263
1.6679,0.040283,0.68953,0.20028
1.6602,0.035184,0.69718,0.20028
1.6628,0.037734,0.68953,0.20028
1.6704,0.042832,0.68443,0.19518
1.6577,0.040283,0.69718,0.20028
1.6653,0.037734,0.68953,0.20793
1.6653,0.035184,0.67933,0.20283
1.6653,0.042832,0.68443,0.19518
1.6577,0.035184,0.69463,0.20028
1.6628,0.027537,0.68698,0.20028
1.6602,0.032635,0.67678,0.19518
1.6551,0.032635,0.69208,0.20028
1.6602,0.027537,0.67424,0.20793
1.6679,0.040283,0.67678,0.20028
1.6602,0.032635,0.68188,0.19773
1.6602,0.027537,0.68188,0.20538
1.6628,0.035184,0.67678,0.20028
1.6551,0.035184,0.67933,0.19773
1.6577,0.037734,0.68953,0.20538
1.6602,0.035184,0.67678,0.20028
1.6526,0.040283,0.68443,0.19773
1.6475,0.030086,0.69208,0.20538
1.6577,0.027537,0.67678,0.20028
1.65,0.040283,0.68443,0.18753
1.65,0.035184,0.68443,0.20028
1.6577,0.030086,0.67933,0.19773
1.65,0.040283,0.68443,0.19263
1.6475,0.035184,0.68953,0.20028
1.6526,0.035184,0.68698,0.19773
1.6551,0.042832,0.68443,0.19263
1.6475,0.030086,0.68188,0.20538
1.6628,0.035184,0.67678,0.20028
1.6602,0.040283,0.68698,0.20028
1.6628,0.035184,0.69463,0.20793
1.6704,0.035184,0.68188,0.20028
1.6679,0.040283,0.69463,0.20028
1.6704,0.030086,0.68698,0.20793
1.673,0.035184,0.68953,0.20028
1.6704,0.032635,0.69463,0.20028
