0.8904,0.01734,0.4015,0.12888
0.8904,0.012241,0.3913,0.13398
0.89805,0.022438,0.39385,0.12123
0.8853,0.01734,0.40405,0.12888
0.88785,0.019889,0.4015,0.12888
0.8853,0.024987,0.40659,0.12123
0.8904,0.01479,0.40405,0.13398
0.8904,0.01734,0.3964,0.12378
0.88785,0.024987,0.40914,0.12633
0.88785,0.012241,0.4015,0.13143
0.8955,0.01734,0.39385,0.12633
0.8904,0.01734,0.39895,0.12633
0.8904,0.012241,0.39895,0.13398
0.8955,0.01734,0.39385,0.11868
0.8904,0.024987,0.40659,0.12888
0.88276,0.0096918,0.40914,0.13143
0.89805,0.012241,0.3913,0.12888
0.89295,0.01734,0.39385,0.12123
0.8853,0.030086,0.40405,0.12633
0.8853,0.019889,0.39895,0.13398
0.88785,0.01734,0.3964,0.12633
0.88785,0.024987,0.39895,0.11868
0.88276,0.01734,0.40405,0.12888
0.88785,0.012241,0.39895,0.12633
0.89805,0.01479,0.3964,0.12633
0.8904,0.01734,0.39895,0.12633
0.8904,0.012241,0.3964,0.13398
0.89805,0.024987,0.3913,0.11868
0.88785,0.01734,0.40405,0.12633
0.89295,0.01734,0.3964,0.12888
0.89295,0.01734,0.3964,0.12123
0.88785,0.01734,0.40405,0.13398
0.9006,0.0096918,0.3913,0.13143
0.8955,0.024987,0.39385,0.12123
0.8955,0.01734,0.3964,0.12633
0.9006,0.0096918,0.3913,0.12888
0.89805,0.022438,0.3964,0.12378
0.8904,0.01734,0.4015,0.12888
0.89805,0.019889,0.39385,0.12888
0.89805,0.024987,0.3964,0.12123
0.89295,0.01734,0.4015,0.12888
0.9057,0.012241,0.39385,0.13398
0.9057,0.024987,0.38875,0.12378
0.8955,0.022438,0.4015,0.12888
0.89295,0.012241,0.40405,0.13653
0.90825,0.01734,0.38875,0.12888
0.90315,0.024987,0.39385,0.12633
0.8955,0.01734,0.4015,0.12888
0.89805,0.01479,0.39385,0.12888
0.90315,0.024987,0.39385,0.12378
0.89805,0.01734,0.4015,0.13653
0.9108,0.012241,0.3913,0.12888
0.9057,0.024987,0.3964,0.12633
0.9006,0.012241,0.4015,0.13653
0.9108,0.01734,0.38875,0.13143
0.9057,0.01734,0.39385,0.12888
0.89805,0.01734,0.4015,0.12888
0.90315,0.019889,0.3964,0.13143
0.9057,0.01734,0.39385,0.12633
0.90315,0.01734,0.39385,0.13143
0.9057,0.01734,0.39385,0.13653
0.91334,0.01734,0.38875,0.12633
0.9057,0.024987,0.3964,0.12633
0.89805,0.0096918,0.4015,0.13653
0.9108,0.01734,0.3913,0.12888
0.9057,0.01734,0.39385,0.13143
0.90315,0.012241,0.39385,0.13908
0.9108,0.024987,0.38875,0.12378
0.89805,0.024987,0.4015,0.12888
0.9057,0.0096918,0.39385,0.13653
0.9057,0.01734,0.3913,0.12888
0.9057,0.019889,0.39385,0.12888
0.9057,0.012241,0.3964,0.13653
0.91589,0.01734,0.3913,0.12633
0.90315,0.019889,0.4015,0.12888
0.90315,0.01734,0.3964,0.13908
0.9108,0.019889,0.3913,0.13398
0.90825,0.027537,0.3964,0.12633
0.90315,0.01479,0.4015,0.13143
0.9108,0.01479,0.39385,0.13908
0.91844,0.024987,0.3913,0.12633
0.90825,0.024987,0.40405,0.13398
0.9057,0.0096918,0.40405,0.13908
0.90825,0.01734,0.3913,0.13398
0.9108,0.024987,0.39385,0.13398
0.9108,0.01734,0.39385,0.13143
0.91844,0.01734,0.38875,0.13398
0.90825,0.022438,0.3964,0.12888
0.9057,0.0096918,0.4015,0.13908
0.91844,0.019889,0.3913,0.13398
0.91844,0.022438,0.39385,0.13398
0.91334,0.01479,0.39385,0.13908
0.92099,0.024987,0.38875,0.12888
0.9108,0.024987,0.40405,0.13653
0.91589,0.012241,0.39385,0.13653
0.92099,0.024987,0.3913,0.12633
0.90825,0.024987,0.4015,0.13398
0.91589,0.012241,0.3964,0.13908
0.91334,0.01734,0.38875,0.12633
0.91589,0.024987,0.39385,0.12888
0.9057,0.0096918,0.40405,0.13908
0.91589,0.012241,0.3964,0.13908
0.92099,0.01734,0.3964,0.13143
0.90825,0.01734,0.40405,0.13398
0.91334,0.012241,0.3964,0.13908
0.92099,0.024987,0.3913,0.12633
0.90825,0.024987,0.40405,0.13653
0.91334,0.0096918,0.39895,0.14163
0.91334,0.01734,0.3964,0.13653
0.90825,0.01479,0.40405,0.13398
0.91334,0.01479,0.39385,0.14163
0.92099,0.022438,0.39385,0.12888
0.90825,0.01734,0.40405,0.13398
0.91334,0.0096918,0.3964,0.13908
0.9108,0.01734,0.39895,0.13398
0.91334,0.019889,0.40659,0.13398
0.91334,0.012241,0.3964,0.13908
0.91334,0.01479,0.39385,0.12888
0.9057,0.01734,0.40405,0.13398
0.91844,0.012241,0.3964,0.13908
0.91844,0.024987,0.38875,0.12888
0.90825,0.024987,0.40405,0.13398
0.91334,0.012241,0.3964,0.13398
0.91844,0.019889,0.3913,0.13143
0.9108,0.01734,0.39385,0.13143
0.9108,0.012241,0.3964,0.13908
0.91844,0.019889,0.3913,0.12633
0.90315,0.024987,0.39895,0.12888
0.9057,0.0096918,0.4015,0.13908
0.91589,0.0096918,0.3913,0.13143
0.90825,0.022438,0.39385,0.12633
0.90315,0.01734,0.39895,0.13908
0.91334,0.012241,0.3913,0.13143
0.90825,0.024987,0.39385,0.12378
0.9006,0.01734,0.39895,0.13143
0.90825,0.012241,0.39385,0.12888
0.9057,0.019889,0.39385,0.13143
0.9057,0.01734,0.39385,0.12888
0.90825,0.0096918,0.3964,0.13653
0.91334,0.019889,0.3913,0.13143
0.9057,0.01734,0.39385,0.13143
0.9057,0.0096918,0.3964,0.13653
0.91589,0.024987,0.38875,0.12378
0.9006,0.024987,0.39895,0.13143
0.90825,0.0096918,0.39385,0.13143
0.9057,0.019889,0.3913,0.12378
0.9006,0.01734,0.39895,0.13143
0.90825,0.01479,0.3862,0.13653
0.9057,0.024987,0.3913,0.12378
0.89805,0.019889,0.3964,0.13143
0.90315,0.01479,0.3913,0.13143
0.9006,0.024987,0.38875,0.12378
0.8955,0.012241,0.3964,0.13398
0.90825,0.012241,0.38365,0.12888
0.90315,0.024987,0.38875,0.12378
0.8955,0.019889,0.39385,0.12888
0.9006,0.019889,0.38875,0.12888
0.90315,0.01734,0.38875,0.12378
0.8955,0.01734,0.39385,0.12888
0.9057,0.0096918,0.3862,0.13398
0.90825,0.019889,0.38111,0.12378
0.89805,0.022438,0.39385,0.12378
0.89295,0.019889,0.39385,0.13653
0.90825,0.012241,0.38111,0.12888
0.90825,0.027537,0.38365,0.12378
0.89295,0.01734,0.38875,0.12888
0.89805,0.019889,0.38875,0.12888
0.90315,0.01734,0.38365,0.12633
0.9006,0.019889,0.3913,0.12888
0.90315,0.012241,0.38365,0.13653
0.90825,0.01734,0.37856,0.12378
0.90315,0.024987,0.38365,0.12378
0.89805,0.0096918,0.38875,0.13398
0.9108,0.012241,0.38111,0.13143
0.9108,0.019889,0.37856,0.12633
0.9006,0.01734,0.3862,0.13143
0.90825,0.012241,0.38111,0.13908
0.91589,0.01734,0.37601,0.13143
0.90825,0.024987,0.38111,0.12633
0.90315,0.01734,0.38111,0.12888
0.90825,0.012241,0.37856,0.13143
0.90825,0.01734,0.37856,0.13143
0.9108,0.01734,0.38111,0.13398
0.90825,0.01734,0.37856,0.13908
0.9108,0.01734,0.37346,0.13143
0.9108,0.022438,0.37601,0.12633
0.9057,0.01734,0.38365,0.13398
0.9108,0.012241,0.37601,0.13908
0.91844,0.022438,0.36836,0.12888
0.90825,0.024987,0.38111,0.12888
0.90825,0.01479,0.38111,0.13908
0.92609,0.019889,0.36581,0.13398
0.91589,0.024987,0.37091,0.12633
0.90825,0.01734,0.38111,0.13398
0.91334,0.012241,0.37091,0.13398
0.92354,0.019889,0.36581,0.13398
0.91589,0.022438,0.37091,0.13398
0.91334,0.01734,0.37346,0.13398
0.91589,0.01734,0.36836,0.13653
0.91589,0.01734,0.36326,0.12888
0.90825,0.024987,0.37601,0.13653
0.91334,0.0096918,0.36836,0.13398
0.92099,0.019889,0.36326,0.13398
0.91589,0.027537,0.36326,0.13398
0.91334,0.01734,0.36836,0.13398
0.91589,0.01734,0.36581,0.13398
0.91334,0.024987,0.36581,0.12888
0.90825,0.01734,0.36836,0.14163
0.91844,0.012241,0.35816,0.13908
0.91334,0.027537,0.36836,0.12633
0.91334,0.01734,0.37346,0.13398
0.90825,0.01479,0.36581,0.13143
0.90825,0.024987,0.36326,0.12633
0.90315,0.01734,0.37091,0.12888
0.90825,0.019889,0.36326,0.13143
0.90825,0.024987,0.36326,0.12888
0.9006,0.01734,0.37091,0.13908
0.9057,0.01734,0.36581,0.13143
0.9057,0.024987,0.36326,0.12378
0.9006,0.0096918,0.36836,0.13653
0.9108,0.01734,0.35562,0.13143
0.9057,0.024987,0.36326,0.12633
0.90315,0.01479,0.36326,0.13653
0.9108,0.01479,0.35816,0.12888
0.9057,0.022438,0.36581,0.12378
0.89295,0.012241,0.37091,0.13653
0.9057,0.012241,0.35816,0.12888
0.90825,0.024987,0.35816,0.12633
0.9006,0.01734,0.36326,0.12888
0.90315,0.01734,0.36326,0.13653
0.90825,0.01734,0.35816,0.12378
0.90315,0.024987,0.36326,0.12633
0.8955,0.01734,0.37346,0.12888
0.90315,0.012241,0.36581,0.13398
0.90825,0.01734,0.36071,0.12888
0.90315,0.024987,0.36581,0.12123
0.8955,0.019889,0.37091,0.12888
0.9006,0.012241,0.36581,0.13143
0.90825,0.019889,0.35816,0.13143
0.90315,0.024987,0.36581,0.12378
0.89295,0.012241,0.37091,0.13653
0.90825,0.012241,0.36071,0.12888
0.90315,0.019889,0.36326,0.12888
0.9006,0.019889,0.37346,0.12888
0.90315,0.01734,0.36836,0.12888
0.9006,0.024987,0.36581,0.12123
0.89295,0.01734,0.37346,0.12888
0.9057,0.0096918,0.36071,0.13653
0.89805,0.01734,0.36836,0.12378
0.89805,0.019889,0.36836,0.12888
0.89805,0.0096918,0.37091,0.13398
0.9057,0.01734,0.36326,0.12888
0.8955,0.022438,0.36836,0.12378
0.88785,0.01734,0.37346,0.13143
0.8955,0.0096918,0.36326,0.13653
0.90315,0.01734,0.36071,0.12378
0.88785,0.022438,0.37091,0.12888
0.8955,0.0096918,0.37346,0.13398
0.90315,0.0096918,0.36326,0.12888
0.89805,0.019889,0.36836,0.11868
0.88785,0.01734,0.37346,0.12633
0.8955,0.0096918,0.36581,0.13398
0.9006,0.01734,0.36836,0.12888
0.8955,0.022438,0.36836,0.12378
0.88785,0.012241,0.37346,0.13143
0.89805,0.012241,0.36071,0.13143
0.89805,0.024987,0.36071,0.12123
0.8904,0.01734,0.37346,0.12888
0.8955,0.012241,0.36836,0.12888
0.9006,0.01734,0.36326,0.12633
0.8955,0.01734,0.36836,0.12888
0.89295,0.01734,0.36581,0.12888
0.89295,0.019889,0.36836,0.12888
0.8955,0.022438,0.36836,0.11868
0.8904,0.01734,0.37346,0.13653
0.8955,0.0096918,0.36071,0.13653
0.9006,0.024987,0.36326,0.12123
0.88785,0.01734,0.37346,0.12888
0.89295,0.019889,0.36836,0.12888
0.8955,0.024987,0.36581,0.12378
0.88785,0.012241,0.37346,0.13398
0.9006,0.01734,0.35816,0.12888
0.8904,0.019889,0.36326,0.12633
0.8955,0.01734,0.36581,0.13143
0.89295,0.019889,0.36836,0.12633
0.8904,0.024987,0.36326,0.12123
0.88785,0.0096918,0.37346,0.13143
0.89805,0.012241,0.36071,0.13143
0.89805,0.027537,0.36071,0.12123
0.88785,0.01734,0.37091,0.12633
0.89295,0.0096918,0.36326,0.13143
0.9006,0.01734,0.35816,0.12123
0.88785,0.024987,0.37091,0.11868
0.88785,0.0096918,0.36581,0.13398
0.89805,0.01734,0.36071,0.12633
0.89295,0.024987,0.36326,0.12633
0.8904,0.01734,0.37091,0.12633
0.89295,0.012241,0.36326,0.12633
0.8955,0.01734,0.36326,0.12123
0.88785,0.01734,0.36836,0.12633
0.9006,0.012241,0.36326,0.13143
0.9006,0.024987,0.35562,0.12378
0.88785,0.022438,0.37091,0.12888
0.8955,0.012241,0.36326,0.13653
0.9006,0.01734,0.35816,0.12888
0.8955,0.019889,0.36326,0.12888
0.8955,0.019889,0.36326,0.13398
0.89295,0.019889,0.36836,0.12888
0.8955,0.022438,0.37091,0.12378
0.88785,0.01734,0.37091,0.13398
0.90315,0.019889,0.35562,0.12633
0.89295,0.024987,0.36326,0.11868
0.8853,0.012241,0.37346,0.13398
0.9006,0.012241,0.35816,0.12633
0.9006,0.022438,0.35816,0.12123
0.88785,0.024987,0.37091,0.12888
0.8955,0.012241,0.36581,0.13398
0.89805,0.01734,0.36071,0.12888
0.8955,0.024987,0.36836,0.12123
0.88785,0.012241,0.37346,0.13653
0.8955,0.012241,0.36071,0.13143
0.89805,0.024987,0.36326,0.12378
0.88785,0.01734,0.37346,0.12633
0.89295,0.012241,0.37091,0.13143
0.89805,0.01734,0.37091,0.12888
0.89805,0.01734,0.37091,0.12888
0.89295,0.012241,0.37091,0.13398
0.89805,0.01734,0.36581,0.12888
0.89295,0.019889,0.37091,0.12633
0.89295,0.0096918,0.37091,0.13398
0.89805,0.019889,0.36581,0.12123
0.88785,0.027537,0.37601,0.12123
0.88785,0.0096918,0.37856,0.13398
0.89295,0.019889,0.36326,0.12888
0.8904,0.01734,0.37091,0.12633
0.8904,0.012241,0.36836,0.13143
0.8955,0.024987,0.36581,0.12123
0.8853,0.024987,0.37601,0.12633
0.8904,0.01479,0.37346,0.13398
0.89295,0.01734,0.36836,0.12123
0.88785,0.01734,0.37856,0.13398
0.89295,0.012241,0.37091,0.13398
0.9006,0.024987,0.36581,0.12123
0.88785,0.027537,0.37601,0.12633
0.8904,0.0096918,0.37091,0.13143
0.89805,0.01734,0.36581,0.12888
0.89805,0.024987,0.37091,0.12378
0.8904,0.01734,0.37601,0.12888
0.89295,0.0096918,0.37091,0.13398
0.90315,0.01734,0.36071,0.12633
0.8955,0.022438,0.36836,0.12123
0.88785,0.019889,0.37856,0.12633
0.89295,0.01734,0.37091,0.12888
0.8955,0.019889,0.36836,0.12888
0.89805,0.01734,0.36836,0.12123
0.8955,0.01734,0.36836,0.12633
0.89805,0.01479,0.36326,0.12888
0.8955,0.01734,0.36326,0.12378
0.88785,0.01734,0.37091,0.12888
0.8955,0.0096918,0.36326,0.13398
0.9057,0.01479,0.35816,0.11868
0.89805,0.024987,0.36326,0.12123
0.89295,0.019889,0.37091,0.13398
0.9057,0.012241,0.35816,0.13398
0.9057,0.024987,0.36071,0.12378
0.8904,0.019889,0.37091,0.12888
0.89805,0.012241,0.36581,0.12888
0.90315,0.019889,0.35816,0.12888
0.9006,0.01734,0.36326,0.12633
0.9006,0.01734,0.36326,0.12888
0.90315,0.01734,0.36326,0.12888
0.90315,0.024987,0.36326,0.12378
0.9057,0.01734,0.36836,0.12888
0.90825,0.01734,0.36581,0.12888
0.9057,0.01734,0.36071,0.12378
0.9006,0.024987,0.37091,0.13143
0.90825,0.0096918,0.36581,0.13653
0.91334,0.01734,0.36071,0.13143
0.9057,0.022438,0.36581,0.12378
0.90315,0.019889,0.37091,0.13398
0.90825,0.012241,0.36836,0.12888
0.9108,0.01734,0.36326,0.13143
0.9108,0.01734,0.36581,0.13143
0.9108,0.01734,0.36326,0.13143
0.91334,0.01734,0.36581,0.13143
0.91589,0.01734,0.36836,0.13143
0.91334,0.024987,0.36836,0.13398
0.91589,0.019889,0.36836,0.14163
0.91844,0.0096918,0.36326,0.13653
0.92099,0.024987,0.36071,0.13143
0.9108,0.022438,0.37346,0.13398
0.91844,0.0096918,0.36836,0.13908
0.92354,0.01734,0.36326,0.13398
0.91589,0.024987,0.37091,0.12888
0.91589,0.012241,0.36581,0.14163
0.92099,0.01734,0.36071,0.13398
0.91589,0.01734,0.36836,0.13398
0.90825,0.019889,0.36836,0.13398
0.9108,0.01479,0.36836,0.13398
0.92099,0.01734,0.36326,0.13398
0.90825,0.01479,0.36581,0.13398
0.9108,0.012241,0.36581,0.13908
0.91844,0.019889,0.36071,0.13143
0.9108,0.024987,0.36581,0.13143
0.90315,0.01734,0.37346,0.13143
0.90825,0.01734,0.36581,0.13908
0.91589,0.024987,0.36071,0.12633
0.90315,0.01734,0.36581,0.13143
0.90825,0.019889,0.36326,0.13143
0.90825,0.01734,0.36836,0.12633
0.9057,0.01734,0.37091,0.13908
0.90825,0.012241,0.36581,0.13653
0.90825,0.01734,0.35816,0.12633
0.9057,0.022438,0.37091,0.13143
0.90825,0.0096918,0.36326,0.13908
0.90825,0.01734,0.35816,0.12633
0.90315,0.024987,0.37091,0.12633
0.90825,0.0096918,0.36326,0.13908
0.91589,0.019889,0.35816,0.12888
0.90825,0.024987,0.36326,0.12378
0.90315,0.01734,0.37091,0.13908
0.90825,0.0096918,0.35562,0.13908
0.91844,0.024987,0.35562,0.12378
0.9057,0.027537,0.37091,0.12888
0.90825,0.012241,0.36326,0.13908
0.91844,0.019889,0.35816,0.12378
0.9057,0.024987,0.36836,0.12888
0.91334,0.0096918,0.36326,0.13908
0.91589,0.024987,0.35562,0.12633
0.90825,0.019889,0.37091,0.13143
0.9108,0.012241,0.36326,0.13143
0.91334,0.024987,0.36326,0.12633
0.90825,0.01734,0.36326,0.13653
0.91589,0.012241,0.35816,0.13143
0.91589,0.022438,0.36581,0.13143
0.91589,0.01734,0.36581,0.13143
0.91334,0.019889,0.36326,0.13398
0.91589,0.027537,0.36581,0.12888
0.9108,0.0096918,0.37091,0.13908
0.92354,0.0096918,0.36326,0.13398
0.91589,0.024987,0.37091,0.12888
0.91844,0.01734,0.37601,0.13398
0.91589,0.01734,0.37091,0.13398
0.91589,0.022438,0.36836,0.12888
0.9108,0.01734,0.37601,0.13398
0.91844,0.0096918,0.37091,0.13908
0.92609,0.024987,0.36326,0.12888
0.9108,0.01734,0.37601,0.13398
0.92099,0.012241,0.37091,0.13398
0.91844,0.01734,0.37091,0.13398
0.9108,0.01734,0.37856,0.13143
0.91844,0.012241,0.36581,0.14163
0.92099,0.022438,0.36581,0.12888
0.91334,0.01734,0.37856,0.13398
0.91589,0.012241,0.37091,0.13908
0.92354,0.01734,0.36326,0.13143
0.91334,0.024987,0.37091,0.12888
0.90825,0.01734,0.37856,0.13143
0.91334,0.012241,0.37346,0.13143
0.91844,0.01734,0.36581,0.13143
0.91589,0.019889,0.37346,0.13398
0.90825,0.01734,0.37091,0.13143
0.91589,0.01734,0.37091,0.13398
0.91334,0.01734,0.37091,0.12633
0.90825,0.019889,0.37856,0.13908
0.91589,0.01734,0.37091,0.13143
0.91844,0.024987,0.37091,0.12633
0.90825,0.01734,0.37856,0.13143
0.9108,0.01734,0.37346,0.13398
0.9108,0.01734,0.37091,0.12633
0.90315,0.01734,0.37856,0.13143
0.90825,0.012241,0.37346,0.13653
0.91334,0.01734,0.36581,0.13143
0.90825,0.01734,0.37091,0.13143
0.9057,0.01734,0.37346,0.13653
0.90825,0.01734,0.36836,0.13143
0.9057,0.022438,0.36836,0.12633
0.90315,0.01479,0.37856,0.13143
0.90825,0.01734,0.37346,0.13143
0.90825,0.01734,0.37346,0.12888
0.90315,0.019889,0.37856,0.12888
0.91589,0.012241,0.36836,0.13908
0.90825,0.024987,0.37346,0.12378
0.9006,0.01734,0.36836,0.13143
0.90315,0.01734,0.37346,0.12888
0.9057,0.022438,0.37346,0.12633
0.90315,0.01734,0.38111,0.13143
0.90825,0.01734,0.37346,0.13143
0.90825,0.022438,0.37346,0.13398
0.90315,0.01734,0.37856,0.13398
0.90825,0.01734,0.37346,0.13143
0.9108,0.024987,0.37601,0.12633
0.9057,0.01734,0.38365,0.13908
0.92099,0.012241,0.37091,0.13653
0.91334,0.024987,0.37346,0.12888
0.90825,0.01734,0.37856,0.13398
0.91589,0.012241,0.37601,0.13908
0.92354,0.01734,0.36836,0.12888
0.91589,0.024987,0.37346,0.12888
0.92099,0.01734,0.37346,0.13398
