2.0757,0.022438,0.94952,0.29973
2.0757,0.030086,0.95207,0.29463
2.0757,0.030086,0.95717,0.29208
2.0783,0.024987,0.95462,0.29973
2.0808,0.035184,0.94952,0.28698
2.0706,0.037734,0.96227,0.29463
2.0808,0.024987,0.95207,0.29973
2.0808,0.030086,0.95207,0.28698
2.0706,0.037734,0.95972,0.29463
2.0808,0.030086,0.95717,0.29718
2.0859,0.027537,0.95207,0.28953
2.0706,0.035184,0.96482,0.29208
2.0757,0.019889,0.95717,0.29718
2.0808,0.030086,0.94952,0.29208
2.0732,0.037734,0.95717,0.28953
2.0732,0.019889,0.96227,0.29973
2.0808,0.030086,0.95207,0.28443
2.0681,0.035184,0.96737,0.28953
2.0732,0.024987,0.96227,0.29463
2.0808,0.030086,0.95462,0.29208
2.0732,0.037734,0.96737,0.28443
2.0681,0.024987,0.96991,0.29718
2.0808,0.030086,0.95207,0.29208
2.0757,0.032635,0.96227,0.28698
2.0706,0.024987,0.96482,0.29463
2.0834,0.035184,0.95972,0.28188
2.0706,0.035184,0.97246,0.29208
2.0783,0.024987,0.96737,0.29718
2.0859,0.037734,0.96482,0.28443
2.0808,0.032635,0.97501,0.28698
2.0757,0.030086,0.97501,0.29718
2.0859,0.022438,0.97246,0.29973
2.0808,0.030086,0.96482,0.28953
2.0808,0.037734,0.97246,0.29208
2.0732,0.030086,0.97756,0.28953
2.0808,0.030086,0.97246,0.29208
2.0834,0.030086,0.96991,0.29208
2.0834,0.030086,0.97246,0.28953
2.0808,0.030086,0.97246,0.29718
2.0834,0.030086,0.97501,0.29208
2.0885,0.035184,0.96482,0.28698
2.0706,0.032635,0.97501,0.29208
2.0808,0.024987,0.96991,0.28953
2.0859,0.030086,0.96227,0.28953
2.0783,0.037734,0.96737,0.28953
2.0732,0.030086,0.96737,0.29718
2.0808,0.024987,0.96227,0.29718
2.0808,0.035184,0.95972,0.28443
2.0732,0.030086,0.96227,0.28953
2.0706,0.024987,0.96227,0.29463
2.0783,0.030086,0.95462,0.28953
2.0706,0.035184,0.95972,0.28953
2.0732,0.030086,0.96227,0.28953
2.0706,0.030086,0.96227,0.29208
2.0732,0.027537,0.95972,0.29208
2.0732,0.030086,0.95972,0.28953
2.0732,0.030086,0.96227,0.29718
2.0808,0.027537,0.95207,0.29208
2.0732,0.035184,0.95717,0.28443
2.0681,0.030086,0.96482,0.29463
2.0783,0.024987,0.95462,0.29463
2.0783,0.037734,0.95462,0.28188
2.0681,0.030086,0.96737,0.28953
2.0757,0.030086,0.96227,0.28953
2.0732,0.030086,0.96227,0.28443
2.063,0.030086,0.96737,0.28953
2.0732,0.022438,0.96227,0.29718
2.0808,0.030086,0.95462,0.28443
2.0681,0.037734,0.96482,0.29208
2.0783,0.024987,0.95972,0.29718
2.0859,0.027537,0.95207,0.28443
2.0681,0.035184,0.96482,0.28698
2.0706,0.022438,0.96482,0.29973
2.0885,0.030086,0.95207,0.29208
2.0783,0.027537,0.95462,0.29208
2.0732,0.030086,0.96482,0.29208
2.0783,0.030086,0.95972,0.29208
2.0783,0.032635,0.95462,0.28698
2.0706,0.030086,0.96227,0.29208
2.0757,0.022438,0.94697,0.29973
2.0834,0.032635,0.94952,0.28443
2.0655,0.037734,0.95972,0.29208
2.0655,0.024987,0.95207,0.29718
2.0783,0.030086,0.94697,0.28953
2.0706,0.035184,0.95207,0.29208
2.0655,0.032635,0.95462,0.29208
2.0681,0.030086,0.95207,0.29208
2.0706,0.030086,0.94952,0.28953
2.0681,0.030086,0.94952,0.29208
2.0655,0.030086,0.94697,0.29718
2.0732,0.030086,0.94443,0.28443
2.0579,0.027537,0.95462,0.28953
2.0604,0.024987,0.94697,0.28953
2.0681,0.037734,0.93933,0.28188
2.0579,0.027537,0.95462,0.28953
2.0681,0.030086,0.94697,0.28953
2.0655,0.035184,0.94952,0.28443
2.0553,0.024987,0.95462,0.29463
2.0706,0.024987,0.94188,0.28953
2.063,0.037734,0.94443,0.28953
2.0604,0.030086,0.94697,0.29463
2.0681,0.030086,0.93933,0.28698
2.0579,0.027537,0.94697,0.28698
2.0604,0.030086,0.94697,0.29463
2.063,0.027537,0.94188,0.28698
2.0579,0.035184,0.94443,0.28188
2.0553,0.022438,0.95207,0.29463
2.0681,0.024987,0.94443,0.28953
2.063,0.037734,0.94952,0.27933
2.0604,0.027537,0.95972,0.28953
2.0655,0.024987,0.95207,0.28953
2.0732,0.030086,0.94443,0.29208
2.0655,0.037734,0.95462,0.28953
2.0655,0.030086,0.95972,0.29463
2.0732,0.019889,0.94443,0.29718
2.0706,0.035184,0.94697,0.28188
2.0604,0.035184,0.95717,0.28953
2.0655,0.022438,0.95462,0.29463
2.0706,0.030086,0.94697,0.28953
2.0681,0.027537,0.95462,0.28953
2.0604,0.024987,0.95207,0.29718
2.0681,0.030086,0.94697,0.28953
2.0528,0.035184,0.95207,0.27933
2.0528,0.022438,0.95972,0.29463
2.0655,0.030086,0.94188,0.28698
2.0579,0.037734,0.94952,0.28698
2.0579,0.027537,0.94697,0.29463
2.0655,0.030086,0.94188,0.28698
2.0502,0.035184,0.95462,0.28188
2.0502,0.022438,0.95207,0.29208
2.0655,0.027537,0.94188,0.28698
2.0579,0.040283,0.94952,0.27933
2.0553,0.027537,0.95717,0.29208
2.0655,0.019889,0.94952,0.29463
2.0706,0.030086,0.94697,0.28188
2.0579,0.037734,0.95972,0.28953
2.0604,0.024987,0.95972,0.29208
2.0783,0.027537,0.94697,0.28953
2.0706,0.037734,0.95462,0.28188
2.0655,0.030086,0.95462,0.29208
2.0706,0.030086,0.95717,0.28953
2.0732,0.037734,0.95972,0.28443
2.0681,0.024987,0.96482,0.29718
2.0808,0.024987,0.95207,0.29208
2.0732,0.035184,0.95972,0.28698
2.0783,0.030086,0.96482,0.29208
2.0783,0.030086,0.95717,0.29208
2.0808,0.040283,0.95717,0.28443
2.0681,0.037734,0.96737,0.29208
2.0706,0.024987,0.96737,0.29718
2.0834,0.030086,0.95462,0.29208
2.0808,0.035184,0.96227,0.28443
2.0757,0.030086,0.96737,0.28953
2.0783,0.022438,0.95972,0.29718
2.0834,0.030086,0.95717,0.29208
2.0783,0.030086,0.95972,0.28443
2.0732,0.032635,0.96991,0.28953
2.0757,0.022438,0.96482,0.29718
2.0834,0.030086,0.95972,0.28698
2.0808,0.037734,0.96991,0.28698
2.0732,0.024987,0.97246,0.29718
2.0834,0.022438,0.96737,0.29208
2.0808,0.035184,0.96737,0.28188
2.0732,0.030086,0.97501,0.29463
2.0834,0.024987,0.96482,0.28953
2.0808,0.035184,0.96991,0.28953
2.0757,0.030086,0.97756,0.28953
2.0783,0.027537,0.97246,0.28953
2.0783,0.035184,0.97246,0.28443
2.0706,0.022438,0.98011,0.28953
2.0757,0.030086,0.97501,0.29463
2.0808,0.030086,0.96991,0.28953
2.0732,0.030086,0.96991,0.28698
2.0681,0.030086,0.96991,0.29208
2.0706,0.030086,0.96991,0.28698
2.0706,0.035184,0.96991,0.28188
2.0655,0.030086,0.97501,0.28698
2.0681,0.024987,0.96482,0.28698
2.0732,0.030086,0.96737,0.28698
2.0681,0.030086,0.96991,0.28698
2.0681,0.024987,0.96482,0.29208
2.0757,0.030086,0.96482,0.28443
2.0706,0.037734,0.97246,0.28698
2.063,0.030086,0.96991,0.28698
2.0706,0.030086,0.97246,0.28443
2.0732,0.030086,0.97501,0.28698
2.0783,0.030086,0.97501,0.28698
2.0757,0.022438,0.97501,0.29463
2.0859,0.030086,0.96991,0.28698
2.0783,0.035184,0.97501,0.28953
2.0706,0.030086,0.98521,0.28698
2.0783,0.024987,0.97756,0.28698
2.0783,0.027537,0.97501,0.28953
2.0808,0.032635,0.98266,0.29208
2.0783,0.024987,0.98011,0.29208
2.0859,0.030086,0.97246,0.28698
2.0834,0.035184,0.97501,0.28953
2.0783,0.024987,0.97756,0.29463
2.0859,0.035184,0.97246,0.28443
2.0706,0.037734,0.98521,0.28698
2.0808,0.022438,0.97756,0.29463
2.0859,0.030086,0.97246,0.27933
2.0808,0.037734,0.98521,0.28188
2.0732,0.027537,0.98266,0.29463
2.0859,0.024987,0.97501,0.28953
2.0808,0.035184,0.97756,0.28188
2.0783,0.027537,0.97501,0.28698
2.0757,0.030086,0.97501,0.28698
2.0808,0.035184,0.97756,0.28188
2.0706,0.030086,0.97246,0.29208
2.0808,0.030086,0.97501,0.28698
2.0783,0.037734,0.97501,0.28188
2.0757,0.030086,0.97501,0.28953
2.0834,0.030086,0.97501,0.28953
2.0808,0.032635,0.97501,0.28188
2.0732,0.030086,0.98266,0.29463
2.0859,0.024987,0.97501,0.29463
2.0885,0.035184,0.96991,0.28188
2.0757,0.037734,0.98266,0.28953
2.0834,0.024987,0.97756,0.29463
2.0834,0.037734,0.97501,0.28188
2.0808,0.027537,0.98266,0.28953
2.0859,0.024987,0.97246,0.29718
2.0961,0.037734,0.96991,0.28698
2.0834,0.030086,0.98521,0.29208
2.0961,0.024987,0.97246,0.29973
2.0987,0.035184,0.98011,0.28698
2.0834,0.030086,0.98521,0.29208
2.091,0.030086,0.98011,0.29208
2.0987,0.030086,0.97756,0.29463
2.0885,0.030086,0.97756,0.29208
2.0936,0.024987,0.97501,0.29718
2.0961,0.030086,0.98011,0.29463
2.0987,0.030086,0.97756,0.29463
2.0961,0.024987,0.98011,0.30228
2.1063,0.030086,0.97501,0.28953
2.0936,0.032635,0.98521,0.28953
2.0936,0.030086,0.98011,0.29973
2.1089,0.024987,0.98266,0.29718
2.1012,0.035184,0.97756,0.28953
2.0961,0.027537,0.98521,0.29718
2.0987,0.022438,0.98011,0.29973
2.1063,0.027537,0.96991,0.28953
2.091,0.037734,0.97501,0.28953
2.091,0.024987,0.98521,0.30228
2.1089,0.024987,0.96991,0.29463
2.1038,0.035184,0.96991,0.28953
2.0936,0.030086,0.98266,0.29463
2.0987,0.024987,0.97756,0.29973
2.1063,0.032635,0.96991,0.29208
2.0987,0.035184,0.97501,0.29463
2.1012,0.030086,0.97501,0.29463
2.1012,0.030086,0.97501,0.29718
2.1038,0.037734,0.97501,0.29208
2.0987,0.030086,0.98266,0.29718
2.1012,0.022438,0.97501,0.30228
2.1114,0.030086,0.96991,0.29718
2.0961,0.037734,0.97246,0.29208
2.0936,0.030086,0.98011,0.29463
2.1114,0.022438,0.96991,0.29718
2.1063,0.035184,0.97501,0.29208
2.0961,0.030086,0.97501,0.29463
2.1038,0.024987,0.97501,0.29718
2.1114,0.032635,0.96737,0.29973
2.1038,0.030086,0.97501,0.29718
2.1012,0.022438,0.97246,0.30228
2.1114,0.027537,0.96737,0.29718
2.1038,0.030086,0.97246,0.29463
2.1012,0.030086,0.97246,0.29718
2.1038,0.030086,0.97246,0.29973
2.1012,0.027537,0.96991,0.29208
2.0961,0.030086,0.97501,0.29718
2.1012,0.022438,0.96991,0.30483
2.1089,0.030086,0.96227,0.29718
2.0987,0.037734,0.96991,0.29718
2.1012,0.030086,0.96737,0.29718
2.1038,0.030086,0.96227,0.29463
2.1012,0.035184,0.96991,0.29718
2.0987,0.030086,0.96737,0.29718
2.0961,0.030086,0.96737,0.29718
2.1012,0.037734,0.96737,0.29973
2.0936,0.030086,0.96482,0.29718
2.1012,0.030086,0.95972,0.29973
2.1012,0.037734,0.96482,0.28953
2.0936,0.024987,0.97501,0.30483
2.1089,0.030086,0.96227,0.29718
2.1038,0.035184,0.96482,0.29463
2.0936,0.027537,0.97246,0.30483
2.1089,0.024987,0.95972,0.29973
2.1012,0.035184,0.96482,0.29208
2.0987,0.030086,0.96991,0.29973
2.1012,0.027537,0.96227,0.29718
2.1012,0.030086,0.96482,0.29463
2.0936,0.030086,0.96737,0.30228
2.1063,0.024987,0.96482,0.29973
2.1063,0.035184,0.95717,0.29463
2.0936,0.030086,0.96482,0.29973
2.0987,0.024987,0.95972,0.29973
2.1063,0.030086,0.95972,0.29973
2.1038,0.030086,0.95972,0.30228
2.1038,0.030086,0.96227,0.30738
2.1063,0.030086,0.96227,0.29973
2.1038,0.035184,0.95717,0.29463
2.0987,0.030086,0.96482,0.30228
2.1063,0.024987,0.95717,0.29973
2.1114,0.027537,0.95207,0.29463
2.1038,0.035184,0.96482,0.29718
2.0987,0.030086,0.96482,0.30738
2.1089,0.024987,0.95207,0.30738
2.1012,0.030086,0.95207,0.29718
2.0987,0.030086,0.95207,0.30228
2.0987,0.030086,0.95207,0.30993
2.0987,0.024987,0.94188,0.30228
2.1063,0.037734,0.94697,0.29463
2.0885,0.030086,0.95717,0.29973
2.0961,0.030086,0.94443,0.30228
2.0936,0.027537,0.94443,0.29463
2.091,0.030086,0.95462,0.30228
2.0936,0.024987,0.94188,0.30738
2.0961,0.035184,0.93678,0.29463
2.0834,0.030086,0.94952,0.29973
2.0885,0.030086,0.94188,0.29718
2.0885,0.030086,0.94443,0.29208
2.0783,0.030086,0.94697,0.29973
2.0808,0.024987,0.94188,0.29718
2.0808,0.027537,0.93933,0.29208
2.0732,0.030086,0.94443,0.29718
2.0808,0.024987,0.93933,0.29973
2.0859,0.030086,0.93168,0.28953
2.0757,0.035184,0.94188,0.29208
2.0706,0.024987,0.94697,0.30483
2.0859,0.030086,0.93168,0.29718
2.0783,0.037734,0.94443,0.28953
2.0783,0.022438,0.93933,0.29718
2.0783,0.030086,0.93423,0.28953
2.0706,0.030086,0.94188,0.29463
2.0757,0.027537,0.93423,0.29463
2.0732,0.030086,0.93423,0.29208
2.0681,0.022438,0.94188,0.29718
2.0834,0.022438,0.92403,0.29718
2.0706,0.037734,0.93423,0.29208
2.0681,0.030086,0.93933,0.29718
2.0732,0.030086,0.93168,0.29463
2.0706,0.035184,0.93168,0.29208
2.0655,0.030086,0.93678,0.30228
2.0783,0.024987,0.92403,0.29463
2.0706,0.035184,0.92913,0.29208
2.063,0.030086,0.93423,0.29463
2.0655,0.027537,0.92658,0.29463
2.0655,0.030086,0.92658,0.29208
2.0579,0.030086,0.92913,0.29973
2.0655,0.024987,0.92403,0.29973
2.0681,0.030086,0.91639,0.28953
2.0528,0.035184,0.92403,0.28698
2.0502,0.022438,0.92658,0.29973
2.0604,0.024987,0.91384,0.29208
2.0528,0.037734,0.91894,0.28698
2.0452,0.030086,0.92403,0.29208
2.0502,0.022438,0.91894,0.29208
2.0579,0.030086,0.91129,0.29208
2.0502,0.032635,0.91894,0.28953
2.0502,0.030086,0.92403,0.29208
2.0502,0.024987,0.91639,0.28953
2.0528,0.030086,0.91384,0.29208
2.0528,0.030086,0.91894,0.29463
2.0553,0.030086,0.91894,0.29973
2.063,0.030086,0.91129,0.29208
2.0553,0.035184,0.91894,0.28953
2.0502,0.030086,0.92403,0.29208
2.0528,0.024987,0.91894,0.29973
2.063,0.030086,0.91384,0.29463
2.0604,0.032635,0.92403,0.28953
2.0502,0.022438,0.93168,0.29973
2.0655,0.022438,0.91384,0.29973
2.0655,0.035184,0.91384,0.28698
2.0553,0.032635,0.92658,0.29718
2.0604,0.022438,0.92403,0.29973
2.0706,0.027537,0.91639,0.29463
2.0604,0.037734,0.92403,0.28698
2.0528,0.030086,0.92658,0.29463
2.0681,0.01734,0.91639,0.29208
2.0732,0.035184,0.91894,0.29463
2.0528,0.030086,0.92913,0.29463
2.0604,0.022438,0.92403,0.30228
2.0681,0.030086,0.91894,0.29463
2.0579,0.030086,0.92403,0.28698
2.0528,0.030086,0.92913,0.29463
2.0579,0.027537,0.92403,0.29463
2.063,0.027537,0.92658,0.29208
2.0604,0.027537,0.92913,0.29463
2.0604,0.022438,0.92658,0.29973
2.0681,0.030086,0.91894,0.28698
2.0604,0.037734,0.92403,0.28698
2.0553,0.022438,0.93423,0.29208
2.0604,0.024987,0.92658,0.29973
2.0681,0.030086,0.92148,0.28698
2.063,0.032635,0.92658,0.28953
2.0579,0.030086,0.93678,0.29973
2.0706,0.027537,0.92403,0.29973
2.0681,0.035184,0.92148,0.28953
2.0604,0.037734,0.92913,0.29208
2.0655,0.030086,0.93168,0.30228
2.0732,0.030086,0.92658,0.29463
2.0681,0.037734,0.93423,0.28953
2.0681,0.030086,0.93933,0.29463
2.0706,0.024987,0.93423,0.30228
2.0732,0.030086,0.92913,0.29718
2.0706,0.035184,0.93678,0.28953
2.0681,0.030086,0.94443,0.30228
2.0834,0.024987,0.93933,0.30228
2.0834,0.035184,0.93423,0.28953
2.0681,0.035184,0.94443,0.29463
2.0783,0.024987,0.94188,0.30228
2.091,0.030086,0.93933,0.28953
2.0859,0.035184,0.94443,0.29208
2.0808,0.022438,0.95207,0.30483
2.0936,0.030086,0.94188,0.29463
2.091,0.035184,0.94697,0.29208
2.0808,0.030086,0.95207,0.29973
2.091,0.024987,0.94952,0.30483
2.0987,0.035184,0.94443,0.29208
2.0859,0.037734,0.95462,0.29208
2.0859,0.024987,0.95207,0.30738
2.0987,0.030086,0.94697,0.29718
2.0936,0.030086,0.94697,0.29973
2.0936,0.024987,0.95207,0.30738
2.1038,0.030086,0.94443,0.29208
2.0885,0.037734,0.95972,0.29973
2.0961,0.024987,0.95207,0.30483
2.1012,0.030086,0.95207,0.29973
2.0936,0.030086,0.94952,0.29973
2.0961,0.024987,0.95462,0.30738
2.0936,0.027537,0.94697,0.29718
2.0936,0.027537,0.95717,0.29973
2.091,0.024987,0.96482,0.30483
2.1012,0.030086,0.94952,0.29718
2.0987,0.037734,0.95717,0.29718
2.091,0.030086,0.96482,0.29973
2.0987,0.030086,0.96227,0.29973
2.1012,0.035184,0.96227,0.29208
2.0961,0.024987,0.96991,0.30738
2.1063,0.024987,0.96227,0.30483
2.1089,0.035184,0.95717,0.29208
2.0961,0.035184,0.96991,0.29973
2.0936,0.024987,0.96482,0.30483
2.1089,0.030086,0.95972,0.30228
2.0987,0.035184,0.96482,0.29718
2.0936,0.030086,0.96737,0.29973
2.0961,0.030086,0.96737,0.29718
2.1012,0.030086,0.96737,0.29208
2.0936,0.030086,0.97501,0.29463
2.1012,0.022438,0.96991,0.30228
2.1089,0.037734,0.96482,0.29208
2.0936,0.035184,0.97756,0.28953
2.0961,0.022438,0.97501,0.30228
2.1012,0.030086,0.96482,0.29463
2.0987,0.037734,0.96737,0.29463
2.0961,0.032635,0.97246,0.29463
2.0936,0.030086,0.96991,0.29463
2.0936,0.030086,0.96737,0.28953
2.091,0.030086,0.96991,0.29463
2.091,0.024987,0.96737,0.29973
2.0961,0.030086,0.96227,0.28698
2.0808,0.035184,0.96737,0.28698
2.0808,0.024987,0.97501,0.29973
2.091,0.022438,0.96482,0.29208
2.0808,0.030086,0.96482,0.29208
2.0834,0.035184,0.97246,0.28443
2.0757,0.024987,0.96991,0.29718
2.0808,0.030086,0.96482,0.29208
2.0783,0.030086,0.96227,0.28443
2.0783,0.035184,0.96737,0.29208
2.0757,0.024987,0.96482,0.29463
2.0834,0.027537,0.95462,0.29208
2.0706,0.035184,0.96227,0.28698
2.0655,0.030086,0.96482,0.28953
2.0706,0.030086,0.95972,0.29718
2.0706,0.030086,0.95207,0.28953
2.0706,0.030086,0.95717,0.28953
2.0706,0.027537,0.95717,0.29463
2.0757,0.030086,0.94697,0.28953
2.0706,0.035184,0.95717,0.28443
2.063,0.022438,0.96482,0.29463
2.0757,0.027537,0.94952,0.28953
2.0681,0.037734,0.95717,0.28953
2.0681,0.030086,0.96482,0.28698
2.0681,0.027537,0.95717,0.28698
2.0681,0.035184,0.95462,0.28188
2.0604,0.030086,0.96482,0.28698
2.0655,0.024987,0.95462,0.28953
2.0681,0.030086,0.95462,0.28188
2.0604,0.030086,0.95972,0.28698
2.0655,0.027537,0.95717,0.28953
2.0655,0.027537,0.95717,0.27933
2.0579,0.030086,0.96482,0.28953
2.0706,0.024987,0.95972,0.29208
2.0681,0.035184,0.95717,0.28188
2.063,0.030086,0.95717,0.28698
2.063,0.030086,0.95207,0.28953
2.063,0.035184,0.95972,0.27933
