4.6886,0.90193,3.3455,1.8017
4.6809,0.90448,3.3455,1.7991
4.6809,0.89683,3.343,1.8068
4.6886,0.89683,3.3455,1.8093
4.6886,0.90448,3.3481,1.8017
4.6937,0.90448,3.3404,1.8017
4.6962,0.90958,3.3379,1.7966
4.6886,0.90703,3.3506,1.7966
4.6835,0.90448,3.3506,1.7991
4.6835,0.90448,3.3506,1.8068
4.6911,0.89683,3.343,1.8068
4.6911,0.89683,3.3455,1.8017
4.6962,0.90448,3.3404,1.8017
4.6962,0.90958,3.3379,1.7966
4.6911,0.90958,3.343,1.7966
4.6911,0.90703,3.3481,1.8017
4.6835,0.90193,3.3506,1.8017
4.6835,0.90193,3.3506,1.8093
4.686,0.89683,3.3455,1.8068
4.6911,0.90448,3.3455,1.8017
4.6962,0.90448,3.3379,1.8017
4.6911,0.90958,3.3455,1.7966
4.6809,0.90958,3.3532,1.8017
4.6835,0.89683,3.3506,1.8068
4.6911,0.89683,3.3455,1.8068
4.6962,0.90448,3.3404,1.8017
4.6886,0.90958,3.3455,1.7966
4.6835,0.90448,3.3506,1.7991
4.6911,0.90448,3.3455,1.8093
4.6911,0.89683,3.343,1.8017
4.6962,0.90448,3.3379,1.8042
4.6886,0.90958,3.3455,1.8017
4.6886,0.90448,3.3455,1.8017
4.6835,0.90448,3.3455,1.8017
4.6911,0.89683,3.3353,1.8068
4.6962,0.90448,3.3379,1.7966
4.6886,0.90958,3.3404,1.794
4.686,0.90193,3.3481,1.8017
4.6886,0.90448,3.343,1.8093
4.6911,0.89683,3.3353,1.8068
4.6988,0.90193,3.3379,1.8017
4.6886,0.90193,3.3353,1.7966
4.6835,0.91213,3.3404,1.794
4.6886,0.90448,3.343,1.8017
4.6835,0.90448,3.3506,1.8017
4.6835,0.89938,3.3404,1.8068
4.6911,0.89683,3.3379,1.8068
4.6911,0.89938,3.3353,1.8017
4.6988,0.91213,3.3379,1.794
4.6911,0.90958,3.3404,1.7915
4.6886,0.90703,3.3404,1.7991
4.686,0.90703,3.3481,1.8017
4.6886,0.89938,3.3404,1.8068
4.6962,0.89938,3.3353,1.8068
4.6962,0.90448,3.3353,1.794
4.6911,0.90958,3.3404,1.794
4.6809,0.91213,3.3481,1.794
4.6809,0.90448,3.3481,1.8068
4.6911,0.90193,3.3404,1.8068
4.6911,0.90448,3.343,1.8017
4.6937,0.90448,3.3404,1.8017
4.6911,0.91213,3.343,1.7966
4.6835,0.91213,3.3481,1.8017
4.6835,0.90448,3.3481,1.8017
4.6835,0.89683,3.3455,1.8093
4.6886,0.89938,3.3404,1.8017
4.6962,0.89938,3.3328,1.8068
4.6962,0.90448,3.3328,1.794
4.6886,0.90703,3.3404,1.8017
4.6886,0.91213,3.3404,1.7991
4.6835,0.91213,3.3455,1.794
4.6809,0.90703,3.3481,1.8042
4.6886,0.90703,3.3379,1.8042
4.6911,0.90193,3.3404,1.7991
4.6962,0.90193,3.3353,1.8017
4.6962,0.90703,3.3328,1.8017
4.6911,0.90703,3.3404,1.794
4.6911,0.91213,3.3404,1.7991
4.6809,0.91468,3.3455,1.7991
4.6809,0.90703,3.3455,1.8068
4.6886,0.90703,3.3404,1.7991
4.6911,0.90193,3.3404,1.8042
4.6886,0.90703,3.3404,1.8017
4.6962,0.90703,3.3303,1.7991
4.6962,0.91213,3.3328,1.794
4.6886,0.91213,3.3404,1.794
4.6886,0.90703,3.3404,1.7991
4.6835,0.90703,3.3455,1.8042
4.686,0.90703,3.3404,1.8017
4.6886,0.90193,3.3379,1.7991
4.6962,0.90703,3.3328,1.7991
4.6937,0.91468,3.3303,1.794
4.6835,0.91213,3.3404,1.8017
4.6886,0.90703,3.3379,1.7991
4.6911,0.90193,3.3379,1.8068
4.6962,0.90193,3.3404,1.8042
4.6962,0.90703,3.3303,1.7991
4.6886,0.90703,3.3379,1.7915
4.6886,0.90703,3.3379,1.7991
4.6809,0.90703,3.3455,1.7966
4.6911,0.90703,3.3379,1.8042
4.6886,0.90703,3.3353,1.7991
4.6962,0.90703,3.3303,1.7966
4.6962,0.90703,3.3303,1.7915
4.6886,0.91213,3.3353,1.7915
4.6886,0.90703,3.3353,1.7991
4.6911,0.90703,3.3404,1.7991
4.6911,0.90193,3.3353,1.8068
4.6886,0.90193,3.3353,1.8017
4.6962,0.90193,3.3303,1.7991
4.6988,0.90703,3.3303,1.794
4.6911,0.91213,3.3353,1.794
4.6911,0.90703,3.3353,1.7991
4.6835,0.90703,3.3404,1.7991
4.6835,0.90958,3.3353,1.8068
4.6911,0.90703,3.3353,1.7991
4.6962,0.90703,3.3303,1.8017
4.6988,0.91468,3.3303,1.794
4.6835,0.91468,3.343,1.7915
4.6835,0.90193,3.343,1.8042
4.6911,0.90703,3.3379,1.8042
4.6911,0.90193,3.3353,1.8068
4.6962,0.90703,3.3277,1.7915
4.6911,0.91723,3.3353,1.794
4.6911,0.90958,3.3328,1.8017
4.6835,0.90958,3.3404,1.7991
4.6911,0.90448,3.3353,1.7991
4.6962,0.90448,3.3277,1.7991
4.6988,0.91723,3.3252,1.8017
4.6886,0.91468,3.3353,1.794
4.6911,0.90958,3.3353,1.7991
4.6886,0.90958,3.3328,1.7991
4.6911,0.90448,3.3328,1.8042
4.6988,0.90448,3.3277,1.8017
4.6988,0.91723,3.3252,1.794
4.6911,0.91723,3.3404,1.794
4.686,0.90958,3.3404,1.8068
4.6911,0.91213,3.3303,1.8042
4.6911,0.90448,3.3328,1.8017
4.6988,0.90958,3.3252,1.8017
4.6988,0.91723,3.3303,1.794
4.6886,0.91468,3.3379,1.794
4.686,0.90448,3.3353,1.8068
4.6911,0.90448,3.3303,1.8068
4.6988,0.90958,3.3252,1.794
4.6937,0.90958,3.3303,1.7966
4.6937,0.91468,3.3328,1.8017
4.686,0.90958,3.3379,1.8017
4.686,0.90448,3.3379,1.8093
4.6937,0.90448,3.3303,1.8068
4.6937,0.90958,3.3303,1.8017
4.6988,0.90958,3.3252,1.7991
4.6988,0.91468,3.3252,1.7966
4.6911,0.91723,3.3328,1.794
4.6937,0.90958,3.3303,1.8017
4.686,0.90448,3.3353,1.8068
4.6937,0.90703,3.3303,1.8068
4.6988,0.90958,3.3226,1.8017
4.6911,0.90958,3.3303,1.794
4.6911,0.91213,3.3277,1.7991
4.6911,0.91468,3.3303,1.8017
4.6911,0.91213,3.3277,1.7991
4.6988,0.90958,3.3226,1.8017
4.6911,0.91723,3.3277,1.794
4.686,0.91723,3.3303,1.7966
4.686,0.91213,3.3303,1.8017
4.6911,0.91468,3.3252,1.7991
4.6911,0.90703,3.3252,1.8068
4.6988,0.90703,3.3201,1.8068
4.6988,0.91468,3.3201,1.7966
4.6911,0.91468,3.3252,1.7966
4.6911,0.91978,3.3252,1.794
4.6911,0.91213,3.3252,1.7991
4.6911,0.91213,3.3252,1.8017
4.686,0.90703,3.3303,1.8068
4.6911,0.90703,3.3252,1.8093
4.6937,0.91213,3.3226,1.8017
4.6937,0.91468,3.3175,1.8017
4.6988,0.91978,3.3175,1.794
4.6911,0.91723,3.3201,1.7966
4.6911,0.91468,3.3303,1.8017
4.686,0.91468,3.3252,1.8017
4.6911,0.90703,3.3252,1.8093
4.6911,0.91468,3.3226,1.8017
4.6911,0.91468,3.3226,1.8017
4.6911,0.91723,3.3252,1.8017
4.6911,0.91213,3.3252,1.8042
4.6911,0.91468,3.3226,1.8017
4.6911,0.90703,3.3252,1.8017
4.6962,0.91213,3.3175,1.8017
4.6886,0.91978,3.3252,1.7966
4.686,0.91978,3.3226,1.8017
4.6911,0.91468,3.3252,1.8017
4.6911,0.91468,3.3226,1.8017
4.6988,0.91213,3.3201,1.8017
4.6886,0.91978,3.3252,1.7966
4.6886,0.91978,3.3277,1.7966
4.686,0.91468,3.3303,1.8093
4.6911,0.91468,3.3226,1.8093
4.6911,0.90703,3.3226,1.8093
4.6962,0.91468,3.315,1.8017
4.6911,0.91213,3.3226,1.8017
4.6886,0.91978,3.3201,1.7991
4.686,0.92233,3.3303,1.7991
4.6835,0.91468,3.3303,1.8093
4.6911,0.91468,3.3201,1.8017
4.6911,0.90703,3.3201,1.8119
4.6911,0.90703,3.3175,1.8093
4.6988,0.91468,3.315,1.8017
4.6911,0.91468,3.3226,1.8042
4.6911,0.91978,3.3226,1.7991
4.6937,0.92233,3.3277,1.7966
4.686,0.91468,3.3277,1.8017
4.6911,0.91468,3.3201,1.8042
4.6911,0.90958,3.3201,1.8093
4.6911,0.90703,3.3226,1.8093
4.7013,0.91468,3.315,1.8017
4.6937,0.91468,3.3201,1.8042
4.6988,0.91468,3.3201,1.7966
4.6911,0.91723,3.3277,1.7966
4.6962,0.91468,3.3201,1.8042
4.6911,0.91468,3.3201,1.8017
4.6886,0.90958,3.3277,1.8093
4.6988,0.90703,3.315,1.8093
4.7013,0.91468,3.3124,1.8042
4.7013,0.91978,3.315,1.8042
4.6937,0.91978,3.3226,1.7966
4.686,0.92233,3.3277,1.7991
4.686,0.91468,3.3277,1.8017
4.6937,0.91468,3.3201,1.8017
4.6937,0.90958,3.3201,1.8119
4.6988,0.90703,3.3175,1.8042
4.7013,0.91213,3.3175,1.7991
4.6937,0.92233,3.3226,1.7991
4.6937,0.91468,3.3201,1.8042
4.686,0.91468,3.3277,1.8017
4.686,0.90703,3.3303,1.8093
4.6937,0.90958,3.3201,1.8093
4.6911,0.91468,3.3226,1.8017
4.6988,0.91468,3.315,1.8042
4.6937,0.92233,3.3201,1.7966
4.6937,0.91978,3.3201,1.7991
4.686,0.91468,3.3277,1.8017
4.6937,0.91468,3.3201,1.8068
4.6911,0.91468,3.3201,1.8017
4.6988,0.91468,3.3175,1.8042
4.6937,0.92233,3.3201,1.7991
4.686,0.91468,3.3277,1.8017
4.6962,0.91468,3.3201,1.8093
4.6911,0.91468,3.3201,1.8042
4.7013,0.91468,3.3124,1.8017
4.7013,0.92233,3.315,1.7966
4.6937,0.91723,3.3201,1.8017
4.686,0.91468,3.3252,1.8017
4.686,0.90958,3.3277,1.8093
4.6911,0.90958,3.3201,1.8093
4.6988,0.91723,3.315,1.8017
4.6988,0.92233,3.315,1.7966
4.6962,0.92233,3.3201,1.7991
4.686,0.91723,3.3252,1.8017
4.6911,0.91723,3.3252,1.8017
4.6911,0.90958,3.3201,1.8093
4.7013,0.90703,3.3124,1.8017
4.6988,0.91723,3.315,1.794
4.6911,0.92233,3.3277,1.7966
4.686,0.91723,3.3252,1.8017
4.6937,0.90958,3.3175,1.8093
4.6988,0.91723,3.315,1.794
4.6988,0.92488,3.3124,1.7966
4.686,0.92233,3.3201,1.8017
4.686,0.91468,3.3252,1.8017
4.6911,0.91213,3.3175,1.8093
4.6937,0.91723,3.3175,1.8017
4.7013,0.92233,3.3124,1.7966
4.6911,0.92233,3.3252,1.7966
4.686,0.91723,3.3252,1.8017
4.6937,0.91723,3.3175,1.8093
4.6911,0.91723,3.3175,1.8017
4.6937,0.91723,3.3175,1.8017
4.6937,0.91723,3.3201,1.8017
4.6937,0.91723,3.3201,1.8017
4.6937,0.91213,3.3201,1.8017
4.6937,0.91723,3.315,1.8042
4.6937,0.92233,3.3201,1.7966
4.6937,0.92233,3.3252,1.8017
4.6886,0.91468,3.3226,1.8017
4.6937,0.91468,3.3201,1.8017
4.6937,0.91723,3.3124,1.8042
4.6937,0.91978,3.3201,1.8017
4.686,0.91468,3.3252,1.8017
4.6962,0.91213,3.3201,1.8119
4.7013,0.90958,3.3124,1.8017
4.7013,0.92233,3.315,1.7966
4.6937,0.92233,3.3175,1.794
4.6911,0.91723,3.3175,1.8017
4.6937,0.91723,3.3226,1.8017
4.6937,0.90958,3.3175,1.8093
4.6988,0.90958,3.3124,1.8093
4.7013,0.91723,3.315,1.8042
4.6988,0.92233,3.3124,1.7966
4.686,0.92233,3.3252,1.7991
4.6937,0.91468,3.3201,1.8017
4.686,0.91468,3.3303,1.8017
4.6911,0.90703,3.3201,1.8093
4.6988,0.90958,3.3124,1.8017
4.6988,0.91978,3.3175,1.7991
4.6886,0.92233,3.3201,1.7966
4.686,0.91723,3.3252,1.8017
4.6911,0.91468,3.3201,1.8042
4.6937,0.91723,3.3252,1.8017
4.6962,0.91468,3.315,1.8017
4.6988,0.92233,3.315,1.7966
4.6886,0.92233,3.3303,1.8017
4.686,0.90958,3.3277,1.8068
4.6937,0.90703,3.3201,1.8093
4.6988,0.91468,3.315,1.8017
4.6911,0.91468,3.3226,1.7966
4.6937,0.92233,3.3226,1.8017
4.686,0.91468,3.3303,1.8017
4.6911,0.90958,3.3252,1.8068
4.6988,0.91723,3.3175,1.7966
4.6911,0.91978,3.3226,1.7966
4.686,0.91978,3.3303,1.7991
4.6835,0.91468,3.3303,1.8093
4.6911,0.90958,3.3252,1.8068
4.6911,0.90703,3.3175,1.8017
4.6988,0.91468,3.3175,1.7966
4.6911,0.92233,3.3252,1.7966
4.6911,0.91468,3.3252,1.8017
4.6911,0.91468,3.3252,1.8017
4.686,0.90703,3.3303,1.8068
4.6911,0.90958,3.3201,1.8068
4.6988,0.91468,3.3175,1.794
4.6911,0.91468,3.3226,1.8017
4.6911,0.91978,3.3252,1.8017
4.6835,0.91978,3.3303,1.794
4.686,0.91468,3.3303,1.8017
4.686,0.90703,3.3303,1.8068
4.6911,0.90703,3.3252,1.8093
4.6911,0.91468,3.3252,1.8017
4.6988,0.91468,3.3175,1.8017
4.6962,0.91978,3.3175,1.7966
4.6911,0.92233,3.3252,1.794
4.6911,0.91468,3.3252,1.8017
4.6911,0.91213,3.3303,1.7991
4.6911,0.91468,3.3252,1.8017
4.6962,0.91213,3.3201,1.7991
4.6886,0.91978,3.3252,1.794
4.6911,0.91468,3.3252,1.7991
4.686,0.91213,3.3328,1.8068
4.6911,0.90703,3.3252,1.8068
4.6911,0.91723,3.3277,1.8017
4.6962,0.91468,3.3175,1.7991
4.6988,0.92233,3.3201,1.7915
4.6911,0.92233,3.3252,1.7991
4.6835,0.91468,3.3303,1.8017
4.6911,0.91468,3.3252,1.8017
4.6911,0.90958,3.3226,1.7991
4.6988,0.90958,3.3252,1.8017
4.6911,0.91468,3.3226,1.8017
4.6886,0.92233,3.3252,1.794
4.6886,0.91468,3.3277,1.8017
4.6886,0.91468,3.3226,1.8017
4.6886,0.91468,3.3226,1.7991
4.6962,0.91468,3.315,1.8017
4.6988,0.92233,3.3175,1.7915
4.6911,0.92233,3.3277,1.7966
4.6835,0.91468,3.3277,1.8068
4.6911,0.90958,3.3226,1.8068
4.6962,0.91723,3.3175,1.8017
4.6911,0.91723,3.3226,1.794
4.6911,0.91723,3.3226,1.7991
4.686,0.91723,3.3303,1.7991
4.6911,0.91213,3.3226,1.8068
4.6911,0.91468,3.3226,1.8017
4.6911,0.91723,3.3175,1.8017
4.6911,0.92233,3.3226,1.8017
4.686,0.91468,3.3303,1.8017
4.6911,0.90958,3.3226,1.8068
4.7013,0.90958,3.3175,1.8068
4.6988,0.91468,3.3175,1.7966
4.6911,0.91978,3.3226,1.794
4.6911,0.91468,3.3252,1.8017
4.686,0.91723,3.3252,1.8017
4.6911,0.90958,3.3277,1.8017
4.6988,0.90703,3.3175,1.8017
4.6988,0.92233,3.3201,1.8017
4.6937,0.91978,3.3252,1.8017
4.686,0.91468,3.3303,1.8017
4.6911,0.91468,3.3252,1.8093
4.6911,0.90703,3.3277,1.8042
4.6988,0.91468,3.3201,1.8042
4.6988,0.91723,3.3201,1.7966
4.6911,0.91978,3.3277,1.7966
4.6937,0.91213,3.3277,1.8042
4.6911,0.91213,3.3277,1.8017
4.6911,0.90703,3.3277,1.8119
4.6988,0.90703,3.3277,1.8119
4.6988,0.91213,3.3226,1.8042
4.6886,0.91213,3.3277,1.7991
4.6911,0.91723,3.3277,1.8017
4.6835,0.91213,3.3353,1.8017
4.686,0.90448,3.3379,1.8093
4.6911,0.90448,3.3303,1.8093
4.6988,0.90703,3.3201,1.8042
4.6988,0.91978,3.3226,1.7966
4.6911,0.90958,3.3303,1.7991
4.6911,0.91213,3.3303,1.7991
4.686,0.91213,3.3353,1.8017
4.6911,0.91213,3.3303,1.8042
4.6911,0.90448,3.3303,1.8119
4.6988,0.90703,3.3277,1.8042
4.6988,0.91723,3.3277,1.8017
4.6962,0.91723,3.3252,1.7966
4.6937,0.91723,3.3328,1.7966
4.6937,0.91213,3.3328,1.8017
4.686,0.91213,3.3404,1.8042
4.686,0.90193,3.3404,1.8119
4.6988,0.90448,3.3277,1.8093
4.6911,0.90448,3.3277,1.8042
4.6988,0.91468,3.3277,1.7991
4.6911,0.91468,3.3353,1.7991
4.686,0.90958,3.3404,1.8017
4.6911,0.90448,3.3353,1.8093
4.6911,0.90958,3.3353,1.8017
4.6988,0.90703,3.3328,1.8017
4.6937,0.91723,3.3353,1.8017
4.686,0.90703,3.3404,1.8017
4.6835,0.90193,3.343,1.8093
4.6886,0.90448,3.3303,1.8093
4.6988,0.90703,3.3303,1.7991
4.6911,0.91468,3.3353,1.7966
4.6937,0.90703,3.3379,1.8017
4.686,0.90703,3.343,1.8017
4.6911,0.90193,3.3379,1.8093
4.6962,0.90193,3.3303,1.8017
4.6962,0.91468,3.3303,1.7966
4.6911,0.91723,3.3379,1.794
4.6911,0.90703,3.3379,1.8017
4.6809,0.90703,3.3379,1.8017
4.6886,0.89938,3.3379,1.8017
4.6937,0.90193,3.3328,1.8017
4.6937,0.90703,3.3404,1.8017
4.6886,0.91468,3.3404,1.794
4.6809,0.91468,3.3455,1.7991
4.6835,0.90958,3.3455,1.8068
4.686,0.90448,3.3379,1.8042
4.686,0.90448,3.3328,1.8042
4.6937,0.90703,3.3353,1.8017
4.6937,0.90703,3.3404,1.8017
4.6886,0.91213,3.3404,1.8017
4.6809,0.91468,3.3481,1.8017
4.6809,0.90703,3.3455,1.8042
4.6886,0.90703,3.343,1.8017
4.6886,0.90193,3.343,1.7991
4.6886,0.90703,3.3404,1.7991
4.6937,0.90703,3.3353,1.8017
4.6937,0.90703,3.3404,1.8017
4.6886,0.91213,3.3404,1.7915
4.6809,0.91213,3.3506,1.794
4.6809,0.90448,3.3506,1.7991
4.6886,0.90703,3.3506,1.8017
4.6886,0.90193,3.3455,1.7991
4.6962,0.89938,3.3379,1.8068
4.6937,0.90703,3.3353,1.7915
4.6886,0.90448,3.343,1.794
4.6886,0.90703,3.3455,1.7991
4.6809,0.90703,3.3506,1.7991
4.6809,0.89938,3.3506,1.8068
4.6886,0.89938,3.343,1.8042
4.6911,0.90703,3.3404,1.794
4.6886,0.91213,3.3481,1.794
4.6886,0.90703,3.3455,1.7991
4.6835,0.90703,3.3481,1.7991
4.6886,0.90448,3.3455,1.8017
4.6962,0.90448,3.3404,1.7991
4.6937,0.90448,3.3404,1.794
4.6886,0.90958,3.3557,1.794
4.6809,0.90448,3.3532,1.7991
4.6809,0.89683,3.3532,1.8068
4.6937,0.90703,3.3404,1.8017
4.6962,0.90958,3.3404,1.7966
4.6809,0.91213,3.3532,1.794
4.6809,0.90448,3.3557,1.8017
4.6809,0.89683,3.3557,1.8042
4.6962,0.89683,3.343,1.8068
4.6937,0.90193,3.343,1.794
4.6886,0.90193,3.3481,1.794
4.6886,0.90193,3.3481,1.8017
4.6809,0.90448,3.3557,1.7991
4.6835,0.89683,3.3557,1.8068
4.6886,0.89683,3.3506,1.8068
4.686,0.90193,3.3506,1.7991
4.6937,0.90193,3.3455,1.7991
4.6937,0.90958,3.3455,1.794
4.6886,0.90703,3.3506,1.794
4.6809,0.90193,3.3583,1.7991
4.686,0.90193,3.3506,1.7966
4.686,0.89683,3.3506,1.8068
4.6937,0.89683,3.343,1.8017
