3.2917,0.55268,2.8307,1.4982
3.2891,0.55268,2.8281,1.5059
3.2891,0.55013,2.8307,1.5008
3.2968,0.55268,2.8307,1.4982
3.2917,0.56033,2.8307,1.4957
3.2866,0.56033,2.8409,1.4982
3.284,0.54759,2.8409,1.5059
3.2968,0.54759,2.8332,1.5059
3.2968,0.54759,2.8256,1.4982
3.2917,0.55523,2.8332,1.4982
3.2917,0.55268,2.8332,1.4982
3.284,0.55268,2.8332,1.5008
3.2917,0.54759,2.8332,1.5059
3.2968,0.55268,2.8281,1.5008
3.2942,0.55268,2.8358,1.4931
3.2917,0.55268,2.8307,1.4982
3.2917,0.55268,2.8307,1.4982
3.2917,0.54759,2.8332,1.4982
3.2917,0.55523,2.8307,1.4982
3.2942,0.55778,2.8307,1.4957
3.284,0.55523,2.8383,1.5008
3.2891,0.54504,2.8307,1.5084
3.2968,0.55013,2.823,1.5033
3.2942,0.56033,2.8256,1.4957
3.284,0.55778,2.8383,1.5033
3.284,0.55013,2.8307,1.5033
3.2942,0.54759,2.8281,1.5059
3.2942,0.56033,2.823,1.5033
3.2891,0.55778,2.8307,1.4982
3.2815,0.55013,2.8332,1.5059
3.2891,0.55523,2.8281,1.511
3.2891,0.55013,2.8281,1.5059
3.2891,0.55523,2.8256,1.4957
3.2891,0.56033,2.8332,1.5059
3.284,0.54759,2.8307,1.5135
3.2968,0.54504,2.8205,1.5135
3.2942,0.55778,2.8205,1.4982
3.2815,0.55778,2.8256,1.5059
3.2891,0.55013,2.823,1.5084
3.2891,0.55268,2.8256,1.5084
3.2891,0.55268,2.823,1.511
3.2891,0.55778,2.8281,1.5059
3.2815,0.55013,2.8307,1.5161
3.2891,0.54504,2.8179,1.511
3.2942,0.55013,2.8154,1.5135
3.2942,0.55778,2.8103,1.5059
3.2815,0.55778,2.8154,1.5084
3.2815,0.54504,2.823,1.5186
3.2942,0.54504,2.8179,1.5161
3.2917,0.55013,2.8128,1.5135
3.2866,0.56033,2.8179,1.5161
3.2815,0.55013,2.823,1.5135
3.2866,0.54249,2.8179,1.5212
3.2942,0.54759,2.8103,1.5212
3.2942,0.55778,2.8103,1.5084
3.2866,0.55013,2.8154,1.511
3.284,0.55778,2.8154,1.5135
3.2815,0.55013,2.8205,1.5161
3.2866,0.55013,2.8154,1.5212
3.2866,0.54504,2.8154,1.5212
3.2891,0.54249,2.8077,1.5161
3.2917,0.55268,2.8077,1.5186
3.284,0.55778,2.8128,1.511
3.2789,0.56033,2.8205,1.5186
3.2789,0.54504,2.8179,1.5237
3.284,0.54504,2.8154,1.5263
3.284,0.54504,2.8128,1.5186
3.2891,0.55778,2.8052,1.5135
3.284,0.55778,2.8103,1.5135
3.2866,0.55013,2.8179,1.5186
3.284,0.55013,2.8103,1.5212
3.2815,0.54504,2.8103,1.5186
3.2891,0.55013,2.8052,1.5237
3.2917,0.55778,2.8026,1.5135
3.284,0.55778,2.8103,1.5161
3.2789,0.55013,2.8154,1.5212
3.284,0.55013,2.8103,1.5237
3.284,0.54249,2.8077,1.5212
3.2891,0.54504,2.8077,1.5237
3.2891,0.55013,2.8026,1.5237
3.284,0.55778,2.8077,1.5161
3.2764,0.55778,2.8128,1.5212
3.2764,0.55013,2.8154,1.5263
3.284,0.54504,2.8077,1.5314
3.2891,0.55013,2.8026,1.5212
3.2891,0.55523,2.8026,1.5186
3.2764,0.55778,2.8077,1.5161
3.2815,0.55013,2.8128,1.5237
3.2764,0.54759,2.8052,1.5263
3.284,0.54249,2.8052,1.5237
3.2917,0.54249,2.7975,1.5237
3.2891,0.55523,2.8001,1.5186
3.2764,0.55778,2.8077,1.5186
3.2764,0.55013,2.8128,1.5237
3.2815,0.54249,2.8052,1.5314
3.284,0.55013,2.8052,1.5237
3.284,0.55013,2.8052,1.5237
3.2815,0.55523,2.8026,1.5263
3.2815,0.55013,2.8103,1.5237
3.2815,0.54249,2.8026,1.5339
3.2891,0.55013,2.7975,1.5263
3.284,0.55523,2.8026,1.5186
3.2789,0.54759,2.8103,1.5288
3.2815,0.54504,2.8026,1.5365
3.2891,0.54759,2.7975,1.5263
3.2891,0.55523,2.7975,1.5212
3.2815,0.55523,2.8103,1.5212
3.2738,0.54249,2.8103,1.5263
3.2815,0.54504,2.8001,1.5339
3.2815,0.55013,2.8001,1.5288
3.2891,0.55013,2.8001,1.5288
3.2815,0.55523,2.8001,1.5263
3.2815,0.54759,2.7975,1.5314
3.2789,0.55013,2.7975,1.5314
3.2789,0.54249,2.7975,1.5314
3.2891,0.55013,2.7924,1.5314
3.2866,0.55778,2.7899,1.5263
3.2815,0.55523,2.7975,1.5237
3.2764,0.55013,2.8026,1.5314
3.2815,0.55013,2.7924,1.539
3.2789,0.55013,2.795,1.5339
3.2866,0.55268,2.7873,1.5314
3.2866,0.55523,2.7873,1.5288
3.2789,0.55523,2.7924,1.5263
3.2713,0.55778,2.7975,1.5339
3.2738,0.55013,2.7975,1.5416
3.2789,0.54504,2.7924,1.5441
3.284,0.55013,2.7822,1.5365
3.2764,0.55013,2.7899,1.5314
3.2815,0.55778,2.7899,1.5365
3.2738,0.55013,2.795,1.5365
3.2789,0.55013,2.7873,1.5467
3.2789,0.54759,2.7873,1.539
3.2866,0.55013,2.7771,1.539
3.2789,0.56033,2.7848,1.5339
3.2764,0.55013,2.7848,1.5416
3.2738,0.54504,2.7873,1.5467
3.284,0.54504,2.7771,1.5492
3.284,0.55268,2.7746,1.5416
3.2789,0.55778,2.7797,1.5339
3.2789,0.55013,2.7797,1.539
3.2764,0.55013,2.7873,1.5518
3.2789,0.54504,2.7771,1.5492
3.2764,0.55268,2.7771,1.5416
3.2764,0.55268,2.772,1.5441
3.2764,0.56033,2.7771,1.5365
3.2713,0.56033,2.7822,1.5365
3.2713,0.55268,2.7822,1.5492
3.2764,0.54504,2.7746,1.5492
3.2789,0.55013,2.7746,1.5467
3.2764,0.55268,2.772,1.539
3.2764,0.55013,2.772,1.5467
3.2764,0.55268,2.772,1.5441
3.2764,0.55268,2.772,1.5441
3.284,0.55268,2.7669,1.5467
3.284,0.55778,2.7669,1.539
3.2789,0.55778,2.7771,1.539
3.2713,0.55013,2.7822,1.5467
3.2764,0.54504,2.7746,1.5518
3.2764,0.55013,2.7746,1.5467
3.284,0.55268,2.7695,1.5467
3.2815,0.56033,2.7669,1.539
3.2764,0.56033,2.772,1.5365
3.2764,0.55268,2.772,1.5467
3.2764,0.55268,2.772,1.5467
3.2764,0.54504,2.7746,1.5467
3.2815,0.54504,2.7695,1.5518
3.284,0.55268,2.7669,1.5467
3.2764,0.55268,2.772,1.539
3.2738,0.55778,2.7746,1.5467
3.2713,0.55013,2.7797,1.5467
3.2713,0.54504,2.7822,1.5518
3.2764,0.54504,2.7746,1.5518
3.2815,0.54759,2.7669,1.5518
3.284,0.55268,2.7669,1.5467
3.2738,0.55268,2.7695,1.539
3.2764,0.55268,2.7695,1.5467
3.2713,0.55268,2.7771,1.5467
3.2713,0.54759,2.7771,1.5518
3.2738,0.54504,2.772,1.5518
3.2815,0.55523,2.7644,1.5467
3.2815,0.55013,2.7695,1.5467
3.2815,0.56033,2.7618,1.539
3.2764,0.56033,2.7669,1.5441
3.2713,0.55268,2.7746,1.5467
3.2738,0.55523,2.7695,1.5569
3.2764,0.55013,2.7669,1.5467
3.284,0.55523,2.7618,1.5492
3.2764,0.56033,2.7644,1.5416
3.2713,0.56033,2.7746,1.5467
3.2713,0.54759,2.772,1.5543
3.2764,0.54759,2.7593,1.5543
3.284,0.55523,2.7593,1.5467
3.2764,0.56033,2.7669,1.5441
3.2713,0.56288,2.7746,1.5416
3.2713,0.55523,2.772,1.5543
3.2738,0.55523,2.7669,1.5543
3.2764,0.55268,2.7669,1.5543
3.284,0.55268,2.7618,1.5467
3.2738,0.55523,2.7669,1.5441
3.2764,0.55268,2.7669,1.5467
3.2687,0.55523,2.7771,1.5467
3.2738,0.55268,2.7669,1.5467
3.2764,0.54759,2.7695,1.5518
3.2764,0.55523,2.7695,1.5467
3.284,0.55523,2.7644,1.5467
3.2789,0.56033,2.7695,1.539
3.2738,0.56033,2.7771,1.5467
3.2713,0.55523,2.7771,1.5518
3.2789,0.54759,2.772,1.5518
3.2789,0.55268,2.7695,1.5467
3.284,0.55268,2.7746,1.5441
3.2789,0.55778,2.772,1.5365
3.2738,0.56033,2.7797,1.539
3.2713,0.55268,2.7822,1.5492
3.2789,0.54759,2.7746,1.5492
3.2815,0.55523,2.7746,1.539
3.2764,0.55268,2.772,1.5365
3.2789,0.56033,2.7746,1.5416
3.2738,0.55523,2.7771,1.5416
3.2738,0.54759,2.7822,1.5467
3.2789,0.54759,2.7746,1.5492
3.2789,0.55523,2.7746,1.539
3.2866,0.55523,2.7695,1.5416
3.2789,0.56288,2.7746,1.5314
3.2738,0.56033,2.7873,1.5339
3.2738,0.55523,2.7848,1.5365
3.2815,0.55523,2.7771,1.5365
3.2815,0.54759,2.7771,1.5441
3.2891,0.55013,2.772,1.5365
3.2866,0.55523,2.772,1.5314
3.2866,0.56033,2.7746,1.5288
3.2815,0.56033,2.7848,1.5314
3.2738,0.55523,2.7873,1.5365
3.2738,0.55268,2.7771,1.5365
3.2815,0.54759,2.7797,1.5416
3.2891,0.54759,2.7746,1.5441
3.2891,0.55523,2.7746,1.5288
3.2815,0.55523,2.7771,1.5365
3.2815,0.56288,2.7822,1.5288
3.2764,0.55778,2.7873,1.5339
3.2764,0.55013,2.7848,1.5416
3.284,0.54759,2.7797,1.5416
3.2815,0.55013,2.772,1.5339
3.2891,0.56288,2.7746,1.5288
3.2815,0.56033,2.7771,1.5263
3.284,0.55523,2.7797,1.5339
3.284,0.55523,2.7822,1.5339
3.284,0.55523,2.7822,1.5365
3.2891,0.55778,2.7746,1.5339
3.2815,0.56288,2.7797,1.5288
3.2764,0.55523,2.7899,1.5339
3.2815,0.55013,2.7797,1.5365
3.2917,0.55013,2.7771,1.5314
3.2917,0.56288,2.7746,1.5263
3.2815,0.56288,2.7822,1.5263
3.2789,0.55778,2.7899,1.5314
3.2815,0.55268,2.7848,1.5365
3.284,0.55523,2.7848,1.5314
3.2815,0.55523,2.7746,1.5314
3.2815,0.56033,2.7848,1.5263
3.2789,0.55778,2.7899,1.5314
3.2764,0.55268,2.7899,1.5365
3.284,0.55013,2.7771,1.5365
3.2917,0.55778,2.7771,1.5314
3.284,0.55523,2.7873,1.5237
3.284,0.55778,2.7873,1.5314
3.284,0.56033,2.7924,1.5288
3.284,0.55013,2.7873,1.5339
3.2917,0.54759,2.7822,1.5263
3.2917,0.56288,2.7797,1.5212
3.2789,0.56288,2.7899,1.5212
3.2789,0.55778,2.795,1.5263
3.284,0.55778,2.7899,1.5339
3.284,0.55268,2.7822,1.5339
3.2917,0.56033,2.7848,1.5263
3.284,0.55523,2.7924,1.5212
3.284,0.55778,2.7899,1.5212
3.2764,0.55523,2.7975,1.5263
3.284,0.55778,2.795,1.5263
3.284,0.54759,2.7924,1.5314
3.2917,0.55013,2.7873,1.5263
3.2942,0.55778,2.7873,1.5212
3.284,0.56033,2.7924,1.5212
3.2789,0.56288,2.7975,1.5186
3.2789,0.55778,2.7975,1.5314
3.2866,0.55013,2.7899,1.5314
3.284,0.55523,2.7924,1.5263
3.2917,0.55523,2.795,1.5263
3.284,0.56033,2.7899,1.5237
3.2789,0.55523,2.7975,1.5263
3.2815,0.55013,2.8001,1.5314
3.2866,0.55013,2.7924,1.5314
3.2917,0.55523,2.7873,1.5263
3.2866,0.55778,2.7924,1.5186
3.2866,0.55778,2.7924,1.5186
3.2789,0.55778,2.7975,1.5263
3.284,0.55523,2.7924,1.5314
3.2917,0.55013,2.7873,1.5314
3.2917,0.55523,2.7873,1.5237
3.2917,0.55778,2.795,1.5263
3.284,0.56288,2.7924,1.5212
3.2789,0.56288,2.7924,1.5288
3.2764,0.55778,2.7975,1.5263
3.284,0.55013,2.7924,1.5339
3.2917,0.55013,2.7848,1.5339
3.2891,0.55778,2.7848,1.5212
3.284,0.55523,2.7899,1.5212
3.2866,0.56033,2.795,1.5237
3.2789,0.55778,2.795,1.5365
3.284,0.55013,2.7873,1.5365
3.284,0.55523,2.7873,1.5288
3.284,0.55778,2.7848,1.5288
3.284,0.56543,2.7873,1.5237
3.2789,0.56288,2.7924,1.5237
3.2764,0.55778,2.7924,1.5365
3.2815,0.55778,2.7822,1.5365
3.284,0.55013,2.7822,1.5314
3.2891,0.55013,2.7771,1.5314
3.2917,0.56288,2.7746,1.5237
3.2815,0.56543,2.7822,1.5237
3.284,0.56033,2.7873,1.5314
3.284,0.56033,2.7848,1.5314
3.284,0.55268,2.7771,1.539
3.2891,0.55013,2.7695,1.539
3.2815,0.55778,2.7695,1.5314
3.2815,0.56543,2.7746,1.5263
3.2764,0.56798,2.7822,1.5263
3.2764,0.56033,2.7848,1.5339
3.284,0.55778,2.772,1.5416
3.2815,0.55268,2.7669,1.5416
3.2891,0.56033,2.7669,1.5365
3.2815,0.55778,2.772,1.5339
3.2815,0.56543,2.772,1.5314
3.2815,0.55778,2.772,1.5365
3.2764,0.56033,2.7771,1.539
3.2815,0.55523,2.7695,1.5441
3.2866,0.55523,2.7695,1.5441
3.2866,0.55778,2.7618,1.539
3.2815,0.55778,2.7695,1.5339
3.2789,0.56288,2.7695,1.5365
3.2738,0.56033,2.7746,1.5365
3.2764,0.55013,2.7746,1.5441
3.2866,0.55268,2.7669,1.5467
3.2891,0.56033,2.7593,1.539
3.2789,0.56543,2.7669,1.5339
3.2815,0.56033,2.7644,1.5416
3.2738,0.56033,2.7746,1.539
3.2738,0.55013,2.7669,1.5467
3.2866,0.55523,2.7593,1.5467
3.284,0.56543,2.7593,1.5339
3.2789,0.56288,2.7644,1.5365
3.2738,0.56033,2.772,1.5416
3.2789,0.56033,2.7669,1.5492
3.2815,0.55778,2.7669,1.5441
3.2866,0.55778,2.7593,1.5416
3.2789,0.55778,2.7644,1.5365
3.2738,0.56033,2.772,1.5416
3.2738,0.55268,2.7669,1.5492
3.2866,0.55013,2.7593,1.5416
3.2866,0.55778,2.7593,1.5365
3.2738,0.56543,2.7669,1.5365
3.2738,0.55778,2.7746,1.5416
3.2789,0.55778,2.7644,1.5492
3.2789,0.55778,2.7644,1.5441
3.2866,0.55523,2.7593,1.5365
3.2789,0.56288,2.7695,1.539
3.2738,0.55268,2.7695,1.5441
3.2789,0.55268,2.7644,1.5518
3.2866,0.55778,2.7567,1.5441
3.2764,0.56033,2.7593,1.5365
3.2815,0.55778,2.7618,1.5441
3.2713,0.55778,2.7618,1.5467
3.2789,0.55523,2.7644,1.5467
3.2764,0.55778,2.7593,1.5441
3.2815,0.56288,2.7618,1.5416
3.2713,0.56033,2.7695,1.5467
3.2713,0.55268,2.7669,1.5518
3.2764,0.55013,2.7542,1.5543
3.2815,0.56288,2.7542,1.5416
3.2713,0.56288,2.7593,1.5416
3.2713,0.55778,2.7669,1.5518
3.2738,0.55778,2.7618,1.5543
3.2764,0.55523,2.7644,1.5467
3.284,0.54759,2.7567,1.5492
3.2815,0.56033,2.7567,1.5416
3.2764,0.56033,2.7644,1.539
3.2713,0.56033,2.7695,1.5467
3.2687,0.55523,2.7695,1.5543
3.2738,0.54759,2.7618,1.5543
3.2764,0.55523,2.7618,1.5441
3.2815,0.55523,2.7567,1.5467
3.2815,0.56033,2.7567,1.539
3.2764,0.55778,2.7644,1.539
3.2738,0.55523,2.7669,1.5467
3.2713,0.55523,2.7695,1.5467
3.2687,0.54759,2.772,1.5543
3.2738,0.54504,2.7644,1.5543
3.2815,0.55523,2.7593,1.5467
3.2815,0.56033,2.7567,1.539
3.2738,0.56033,2.7644,1.5416
3.2738,0.55268,2.7644,1.5467
3.2687,0.55523,2.7644,1.5467
3.2738,0.54759,2.7618,1.5543
3.284,0.54759,2.7593,1.5492
3.2815,0.55268,2.7593,1.5416
3.2738,0.55268,2.7644,1.5416
3.2713,0.55778,2.7695,1.5441
3.2687,0.55268,2.7695,1.5467
3.2738,0.55013,2.7644,1.5518
3.2738,0.54504,2.7618,1.5518
3.2815,0.54759,2.7567,1.5518
3.2815,0.55268,2.7593,1.5441
3.2738,0.56033,2.7644,1.5416
3.2687,0.56033,2.7695,1.5441
3.2687,0.55268,2.7695,1.5569
3.2738,0.54759,2.7567,1.5569
3.2789,0.55013,2.7567,1.5518
3.2738,0.55268,2.7618,1.5441
3.2713,0.55268,2.7618,1.5518
3.2687,0.55268,2.7669,1.5518
3.2738,0.54759,2.7593,1.5594
3.2789,0.54504,2.7542,1.5569
3.2815,0.55013,2.7542,1.5467
3.2738,0.56033,2.7593,1.5467
3.2738,0.55268,2.7669,1.5518
3.2687,0.55268,2.7618,1.5518
3.2713,0.54504,2.7618,1.5518
3.2789,0.55268,2.7567,1.5518
3.2815,0.55778,2.7567,1.5467
3.2738,0.55778,2.7644,1.5467
3.2662,0.55268,2.7695,1.5518
3.2738,0.55013,2.7644,1.5594
3.2713,0.55013,2.7644,1.5492
3.2738,0.55013,2.7644,1.5518
3.2713,0.55523,2.7644,1.5441
3.2662,0.55523,2.7695,1.5518
3.2636,0.55013,2.7695,1.5594
3.2738,0.55013,2.7644,1.5518
3.2738,0.54504,2.7644,1.5594
3.2789,0.54504,2.7593,1.5518
3.2789,0.54759,2.7593,1.5467
3.2713,0.54759,2.7644,1.5467
3.2738,0.55778,2.7644,1.5441
3.2662,0.55778,2.7695,1.5518
3.2636,0.54249,2.7695,1.5543
3.2738,0.54504,2.7644,1.5594
3.2764,0.55268,2.7542,1.5543
3.2789,0.55268,2.7567,1.5467
3.2713,0.55523,2.7644,1.5467
3.2687,0.55778,2.7644,1.5467
3.2662,0.55013,2.7695,1.5543
3.2662,0.54249,2.772,1.5594
3.2738,0.54249,2.7644,1.5569
3.2738,0.55013,2.7644,1.5518
3.2815,0.54759,2.7593,1.5518
3.2789,0.55523,2.7567,1.5467
3.2636,0.55778,2.7695,1.5467
3.2738,0.54759,2.7644,1.5543
3.2713,0.55268,2.7593,1.5518
3.2738,0.54504,2.7593,1.5594
3.2713,0.54504,2.7567,1.5594
3.2789,0.55013,2.7542,1.5543
3.2713,0.55013,2.7618,1.5467
3.2713,0.55778,2.7593,1.5543
3.2662,0.55523,2.7669,1.5518
3.2662,0.55268,2.7669,1.5543
3.2687,0.55013,2.7695,1.5569
3.2738,0.54504,2.7618,1.5594
3.2713,0.55013,2.7593,1.5518
3.2713,0.55013,2.7542,1.5543
3.2738,0.55523,2.7618,1.5467
3.2636,0.55778,2.7695,1.5467
3.2738,0.55013,2.7695,1.5543
3.2687,0.55268,2.7669,1.5518
3.2687,0.54504,2.7695,1.5594
3.2789,0.54249,2.7618,1.5594
3.2713,0.55013,2.7618,1.5492
3.2815,0.55013,2.7567,1.5518
3.2789,0.55778,2.7593,1.5467
3.2738,0.55268,2.7618,1.5441
3.2738,0.55778,2.7618,1.5467
3.2738,0.55013,2.7618,1.5518
3.2662,0.55013,2.7695,1.5518
3.2662,0.54759,2.7669,1.5569
3.2789,0.54759,2.7542,1.5569
3.2764,0.55268,2.7542,1.5518
3.2789,0.56033,2.7567,1.5467
3.2738,0.55778,2.7593,1.5467
3.2687,0.55013,2.7644,1.5518
3.2687,0.55013,2.7669,1.5543
3.2738,0.54504,2.7618,1.5569
3.2815,0.54759,2.7542,1.5569
3.2789,0.55013,2.7567,1.5518
3.2738,0.55013,2.7618,1.5518
3.2764,0.55778,2.7618,1.5467
3.2738,0.56033,2.7695,1.5492
3.2662,0.55268,2.7695,1.5543
3.2738,0.55268,2.7618,1.5569
3.2738,0.55013,2.7618,1.5492
