0.31685,2.3117,3.0397,1.4396
0.32195,2.3117,3.032,1.4447
0.3245,2.3091,3.0346,1.4396
0.3296,2.3117,3.0295,1.4421
0.3245,2.3168,3.0346,1.4396
0.31685,2.3117,3.032,1.4396
0.32195,2.304,3.0371,1.4396
0.33215,2.3091,3.0295,1.4421
0.3245,2.3091,3.0371,1.4345
0.3245,2.3091,3.0397,1.4396
0.3245,2.3091,3.0397,1.4396
0.3245,2.3015,3.0422,1.4498
0.3296,2.3091,3.0371,1.4396
0.3245,2.3142,3.0422,1.4345
0.31685,2.3142,3.0473,1.4396
0.3194,2.2989,3.0499,1.4447
0.32705,2.3015,3.0448,1.4447
0.33215,2.3091,3.0422,1.4396
0.3245,2.3142,3.0473,1.4345
0.31685,2.3142,3.055,1.437
0.31685,2.3066,3.0499,1.4421
0.32705,2.3015,3.0499,1.437
0.32705,2.3066,3.0499,1.4396
0.33215,2.304,3.0499,1.437
0.32705,2.3117,3.0524,1.437
0.3194,2.3117,3.0601,1.4396
0.32195,2.2964,3.0652,1.4447
0.32705,2.2989,3.055,1.4447
0.32705,2.3015,3.055,1.4345
0.32705,2.304,3.0575,1.437
0.3245,2.3091,3.0601,1.437
0.32195,2.3015,3.0652,1.4396
0.32195,2.2964,3.0677,1.4421
0.32705,2.2964,3.0626,1.4447
0.32705,2.3015,3.0601,1.437
0.32705,2.3015,3.0575,1.4396
0.3194,2.3091,3.0652,1.4319
0.32705,2.2989,3.0652,1.437
0.32705,2.3015,3.0652,1.4345
0.32705,2.2938,3.0677,1.4447
0.3347,2.2938,3.0626,1.437
0.33215,2.3066,3.0626,1.4319
0.32705,2.304,3.0728,1.4319
0.32705,2.2989,3.0703,1.437
0.32195,2.2989,3.0779,1.4345
0.3296,2.2938,3.0728,1.4447
0.32705,2.2989,3.0728,1.437
0.3347,2.2989,3.0677,1.437
0.3347,2.304,3.0703,1.4319
0.32705,2.304,3.083,1.4319
0.3245,2.2989,3.0856,1.4345
0.32705,2.2989,3.0779,1.4345
0.32705,2.2913,3.0728,1.4421
0.3347,2.2964,3.0728,1.4294
0.3296,2.304,3.083,1.4319
0.32705,2.2964,3.0805,1.4345
0.3296,2.2964,3.0805,1.4345
0.33215,2.2887,3.083,1.4396
0.3347,2.2913,3.083,1.4345
0.3347,2.2938,3.0754,1.4345
0.3347,2.2989,3.0805,1.4294
0.3245,2.3015,3.0856,1.4319
0.32705,2.2938,3.0856,1.4345
0.3245,2.2938,3.0932,1.4345
0.32195,2.2862,3.0881,1.4421
0.32705,2.2887,3.083,1.4421
0.3347,2.2938,3.0856,1.4345
0.3347,2.2989,3.0856,1.4268
0.3296,2.2964,3.0906,1.4268
0.32195,2.3015,3.0983,1.4294
0.32195,2.2913,3.0983,1.4345
0.32705,2.2938,3.0932,1.4345
0.3296,2.2862,3.0957,1.4345
0.33724,2.2887,3.0881,1.4345
0.33724,2.2938,3.0881,1.4294
0.33215,2.2989,3.0957,1.4268
0.3296,2.2913,3.0957,1.4345
0.3296,2.2938,3.0957,1.4319
0.3296,2.2836,3.0983,1.4319
0.33724,2.2938,3.0932,1.4319
0.33215,2.2938,3.0983,1.4268
0.33215,2.2913,3.1008,1.4294
0.3245,2.2913,3.1085,1.4319
0.3245,2.2836,3.1059,1.437
0.33215,2.2862,3.0957,1.4396
0.33979,2.2913,3.0957,1.4319
0.33215,2.2913,3.1008,1.4243
0.33215,2.2989,3.1085,1.4243
0.3245,2.2887,3.1085,1.437
0.33215,2.2836,3.1059,1.4345
0.33215,2.2887,3.1059,1.4345
0.33724,2.2913,3.1008,1.4243
0.3347,2.2913,3.1085,1.4243
0.3296,2.2887,3.1059,1.4319
0.3245,2.2913,3.1136,1.4319
0.32705,2.2836,3.1136,1.4345
0.33215,2.2836,3.1085,1.437
0.33724,2.2887,3.1034,1.4319
0.3347,2.2887,3.1085,1.4319
0.33215,2.2938,3.1085,1.4294
0.3245,2.2887,3.1161,1.4294
0.33215,2.2811,3.1136,1.437
0.33724,2.2811,3.1059,1.4345
0.33724,2.2862,3.1085,1.4243
0.33215,2.2938,3.1136,1.4243
0.32705,2.2862,3.1212,1.4319
0.3245,2.2862,3.1212,1.4294
0.3347,2.2811,3.1187,1.437
0.33724,2.2811,3.1161,1.4345
0.33724,2.2862,3.111,1.4319
0.33724,2.2836,3.111,1.4319
0.33215,2.2913,3.1212,1.4243
0.32705,2.2887,3.1263,1.4319
0.3245,2.2836,3.1263,1.4345
0.33979,2.2785,3.1136,1.437
0.33979,2.2862,3.1161,1.4294
0.33215,2.2862,3.1212,1.4217
0.33215,2.2913,3.1289,1.4243
0.3245,2.2836,3.1314,1.4345
0.33215,2.276,3.1238,1.4345
0.33979,2.2785,3.1187,1.4294
0.33979,2.2913,3.1212,1.4217
0.32705,2.2913,3.1263,1.4217
0.32705,2.2811,3.134,1.4268
0.32705,2.276,3.1365,1.4345
0.34234,2.276,3.1238,1.4345
0.33979,2.2836,3.1238,1.4294
0.3347,2.2811,3.1314,1.4192
0.3347,2.2836,3.134,1.4268
0.3296,2.2836,3.1314,1.4294
0.3347,2.2734,3.134,1.4294
0.33979,2.2836,3.1289,1.4268
0.3347,2.2887,3.134,1.4217
0.3347,2.2836,3.1365,1.4243
0.3296,2.2811,3.1416,1.4268
0.32705,2.2734,3.1365,1.4319
0.34234,2.276,3.1365,1.4345
0.34234,2.2785,3.134,1.4268
0.33979,2.2862,3.134,1.4217
0.3347,2.2887,3.1467,1.4217
0.3296,2.2811,3.1467,1.4319
0.33724,2.2811,3.1416,1.4319
0.33724,2.2811,3.1416,1.4243
0.34234,2.2785,3.1391,1.4268
0.3347,2.2836,3.1442,1.4166
0.32705,2.2862,3.1493,1.4243
0.3296,2.2709,3.1493,1.4319
0.3347,2.2709,3.1467,1.4319
0.34234,2.2785,3.1391,1.4192
0.3347,2.2862,3.1467,1.4217
0.3347,2.2785,3.1467,1.4243
0.33724,2.276,3.1544,1.4243
0.33724,2.2683,3.1493,1.4345
0.34489,2.2709,3.1442,1.4243
0.34234,2.2785,3.1442,1.4217
0.3296,2.2836,3.1493,1.4166
0.33724,2.276,3.1595,1.4268
0.33724,2.276,3.1518,1.4319
0.3347,2.2683,3.1467,1.4294
0.34234,2.276,3.1493,1.4243
0.33724,2.2836,3.1544,1.4192
0.3347,2.2734,3.1544,1.4243
0.33215,2.2734,3.162,1.4243
0.33215,2.2658,3.1646,1.4319
0.33724,2.2683,3.1518,1.4319
0.34234,2.2734,3.1518,1.4217
0.3347,2.2785,3.1595,1.4192
0.33215,2.2734,3.1671,1.4243
0.33215,2.2658,3.1671,1.4319
0.3347,2.2658,3.162,1.4345
0.33724,2.2709,3.1646,1.4243
0.33724,2.2709,3.1569,1.4268
0.33724,2.2709,3.1646,1.4243
0.33215,2.2709,3.1646,1.4243
0.33724,2.2658,3.1671,1.4319
0.34234,2.2683,3.1595,1.4268
0.34234,2.276,3.162,1.4166
0.3296,2.2734,3.1646,1.4243
0.33215,2.2709,3.1748,1.4243
0.33724,2.2632,3.1697,1.4319
0.34234,2.2658,3.162,1.4268
0.33724,2.2734,3.1671,1.4217
0.33215,2.2683,3.1748,1.4319
0.33724,2.2658,3.1697,1.4319
0.33724,2.2658,3.1697,1.4268
0.3347,2.2658,3.1646,1.4268
0.33724,2.2709,3.1697,1.4243
0.3296,2.2709,3.1799,1.4268
0.33215,2.2556,3.1773,1.4345
0.33979,2.2581,3.1722,1.4345
0.34234,2.2632,3.1671,1.4294
0.3347,2.2607,3.1722,1.4294
0.3347,2.2683,3.1748,1.4243
0.33215,2.2658,3.1824,1.4294
0.3296,2.2556,3.1824,1.4345
0.3347,2.253,3.1697,1.4345
0.3347,2.2581,3.1697,1.4294
0.3347,2.2581,3.1697,1.4319
0.3347,2.2632,3.1773,1.4268
0.32705,2.2607,3.185,1.4319
0.3347,2.2581,3.1799,1.4396
0.33979,2.2505,3.1773,1.4319
0.3347,2.2556,3.1748,1.4319
0.3347,2.2632,3.1799,1.4294
0.32705,2.2607,3.1875,1.4243
0.32705,2.2556,3.1875,1.4319
0.3347,2.2556,3.1824,1.4396
0.33215,2.2479,3.1824,1.4319
0.34234,2.253,3.185,1.4319
0.3347,2.2607,3.185,1.4345
0.3296,2.2607,3.1901,1.4319
0.32705,2.253,3.1926,1.4396
0.3347,2.2454,3.185,1.4421
0.33215,2.253,3.1875,1.4345
0.33215,2.2505,3.1875,1.4345
0.3347,2.253,3.1875,1.4319
0.3296,2.2505,3.1952,1.4345
0.32705,2.2454,3.2003,1.4396
0.33215,2.2505,3.1926,1.4345
0.33979,2.2505,3.1875,1.4345
0.3347,2.253,3.1926,1.4268
0.32705,2.2556,3.1977,1.4345
0.32705,2.2428,3.2028,1.4421
0.33979,2.2428,3.1901,1.4396
0.33979,2.253,3.1901,1.4294
0.3347,2.253,3.2054,1.4243
0.32705,2.2479,3.2054,1.437
0.3347,2.2403,3.2003,1.4396
0.34234,2.2454,3.1952,1.4345
0.33979,2.253,3.1952,1.4268
0.3347,2.2428,3.2003,1.4345
0.3347,2.2454,3.2028,1.4345
0.3347,2.2377,3.2054,1.4345
0.33979,2.2428,3.1977,1.4345
0.3347,2.2505,3.2054,1.4294
0.3296,2.2479,3.2105,1.4345
0.32705,2.2428,3.2155,1.4396
0.3347,2.2352,3.2079,1.4421
0.3347,2.2377,3.2105,1.4345
0.34234,2.2403,3.2054,1.4345
0.3347,2.2479,3.2105,1.4294
0.32705,2.2454,3.2181,1.4294
0.32705,2.2326,3.2206,1.4345
0.3347,2.2326,3.2155,1.4396
0.33979,2.2326,3.2105,1.4345
0.34234,2.2377,3.2105,1.4345
0.3347,2.2454,3.2181,1.4294
0.3347,2.2377,3.2181,1.4319
0.32705,2.2352,3.2283,1.4396
0.3347,2.2301,3.2206,1.4396
0.3347,2.2377,3.2232,1.437
0.3347,2.2403,3.2206,1.4345
0.33724,2.2428,3.2232,1.4345
0.3347,2.2352,3.2283,1.4345
0.3347,2.2301,3.2257,1.4421
0.33979,2.2326,3.2206,1.4345
0.3347,2.2377,3.2257,1.4294
0.3296,2.2326,3.2334,1.4319
0.33215,2.2275,3.2359,1.4421
0.33979,2.2301,3.2232,1.4421
0.34234,2.2326,3.2232,1.437
0.3347,2.2326,3.2308,1.4345
0.3347,2.2377,3.2308,1.4294
0.3296,2.2301,3.2385,1.4345
0.3296,2.225,3.2385,1.4421
0.34234,2.225,3.2283,1.4421
0.34234,2.225,3.2283,1.4345
0.34234,2.2352,3.2308,1.437
0.3347,2.2352,3.2359,1.4319
0.3296,2.2352,3.241,1.437
0.3296,2.2199,3.2436,1.4447
0.3347,2.2199,3.2385,1.4447
0.34234,2.2199,3.2308,1.4447
0.33979,2.2224,3.2334,1.437
0.3347,2.225,3.2385,1.4345
0.3347,2.2199,3.2385,1.4396
0.32705,2.225,3.2461,1.437
0.3347,2.2173,3.2385,1.4447
0.33979,2.2173,3.2436,1.4396
0.3347,2.2224,3.2359,1.4396
0.3347,2.2224,3.2436,1.4396
0.3296,2.2224,3.2512,1.4396
0.3296,2.2224,3.2461,1.4472
0.3347,2.2173,3.2461,1.4396
0.3347,2.2224,3.2436,1.437
0.33979,2.2275,3.2436,1.4294
0.33724,2.2275,3.2487,1.4345
0.3347,2.2199,3.2538,1.437
0.3296,2.2199,3.2512,1.4396
0.3347,2.2148,3.2512,1.4447
0.3347,2.2173,3.2563,1.4447
0.3347,2.2173,3.2487,1.437
0.34234,2.225,3.2563,1.4345
0.3347,2.225,3.264,1.4319
0.33724,2.2199,3.2589,1.437
0.33215,2.2173,3.2665,1.437
0.33215,2.2122,3.2665,1.4447
0.33724,2.2148,3.2691,1.4447
0.33724,2.2122,3.2614,1.4447
0.34234,2.2122,3.2563,1.4396
0.34489,2.2173,3.2563,1.437
0.33724,2.2173,3.264,1.437
0.33724,2.2224,3.264,1.4319
0.3347,2.2122,3.264,1.437
0.3296,2.2173,3.264,1.4396
0.33724,2.2122,3.2665,1.4447
0.3347,2.2097,3.2665,1.4447
0.34234,2.2072,3.2614,1.4396
0.34234,2.2122,3.264,1.4421
0.3347,2.2122,3.2691,1.4396
0.3347,2.2199,3.2665,1.4345
0.3296,2.2224,3.2767,1.4345
0.33215,2.2122,3.2767,1.4447
0.33724,2.2122,3.2716,1.4447
0.33724,2.2072,3.2716,1.437
0.34234,2.2122,3.2665,1.4396
0.34234,2.2173,3.2691,1.4345
0.33724,2.2122,3.2742,1.4345
0.33215,2.2173,3.2767,1.4345
0.33215,2.2122,3.2844,1.4396
0.3296,2.2122,3.2869,1.4396
0.3347,2.2046,3.2818,1.4447
0.33724,2.2122,3.2793,1.437
0.34744,2.2097,3.2742,1.437
0.34489,2.2097,3.2767,1.4319
0.33724,2.2148,3.2844,1.4319
0.33724,2.2173,3.292,1.4319
0.33215,2.2097,3.292,1.437
0.33724,2.2097,3.2844,1.4396
0.33724,2.2021,3.2869,1.4447
0.34234,2.2046,3.2818,1.437
0.34234,2.2097,3.2844,1.4345
0.33724,2.2148,3.2869,1.4345
0.33724,2.2072,3.2895,1.4396
0.33724,2.2072,3.292,1.4396
0.33724,2.1995,3.292,1.4472
0.34489,2.2046,3.2869,1.4421
0.34234,2.2122,3.2869,1.4345
0.33215,2.2122,3.292,1.4345
0.33724,2.2046,3.2946,1.4396
0.33215,2.2046,3.292,1.4396
0.33724,2.2021,3.2946,1.4472
0.34489,2.1995,3.2971,1.4421
0.34489,2.2046,3.2895,1.4421
0.34489,2.2097,3.2895,1.4345
0.33215,2.2072,3.2971,1.437
0.33215,2.2021,3.3048,1.4421
0.33215,2.1995,3.3048,1.4421
0.3296,2.1944,3.2997,1.4498
0.3347,2.1944,3.292,1.4498
0.34234,2.1995,3.292,1.4396
0.34489,2.1995,3.2997,1.4421
0.3347,2.2046,3.3022,1.4396
0.33724,2.2046,3.3022,1.4396
0.33215,2.1995,3.3099,1.4447
0.33215,2.1995,3.3099,1.4523
0.3347,2.1919,3.3048,1.4523
0.33724,2.197,3.3048,1.4472
0.34489,2.197,3.2997,1.4447
0.34234,2.2021,3.2997,1.4396
0.3347,2.1944,3.3073,1.4447
0.33215,2.197,3.3073,1.4447
0.33724,2.1893,3.3099,1.4549
0.34489,2.1944,3.2997,1.4472
0.34234,2.2021,3.3022,1.4421
0.3296,2.1995,3.315,1.4421
0.33215,2.1944,3.3175,1.4472
0.3347,2.1944,3.3099,1.4472
0.3347,2.1868,3.3099,1.4549
0.34234,2.1919,3.3022,1.4472
0.33979,2.1995,3.3048,1.4421
0.3347,2.1919,3.3099,1.4498
0.32705,2.1919,3.3175,1.4523
0.33724,2.1842,3.3099,1.4498
0.34234,2.1919,3.3048,1.4523
0.33979,2.197,3.3048,1.4447
0.3347,2.197,3.3099,1.4472
0.3347,2.1893,3.3124,1.4523
0.32705,2.1893,3.3175,1.4523
0.3347,2.1817,3.3099,1.4574
0.33979,2.1842,3.3048,1.4574
0.33979,2.1893,3.3048,1.4447
0.3296,2.1919,3.3124,1.4447
0.3296,2.1868,3.3201,1.4523
0.3347,2.1868,3.3124,1.4574
0.3347,2.1893,3.3124,1.4523
0.34234,2.1893,3.3073,1.4549
0.33979,2.1944,3.3099,1.4472
0.3347,2.1893,3.3124,1.4523
0.3296,2.1893,3.315,1.4549
0.3347,2.1893,3.315,1.4523
0.33979,2.1868,3.3099,1.4523
0.33979,2.1944,3.3099,1.4498
0.3296,2.1944,3.3226,1.4472
0.32705,2.1893,3.3226,1.4574
0.3347,2.1893,3.3226,1.4574
0.33724,2.1817,3.315,1.46
0.33979,2.1868,3.3099,1.4523
0.33979,2.1919,3.3073,1.4472
0.3347,2.1919,3.3124,1.4472
0.32705,2.1868,3.3201,1.4549
0.33215,2.1868,3.315,1.46
0.3347,2.1893,3.3124,1.4549
0.3347,2.1868,3.315,1.4549
0.33215,2.1919,3.315,1.4549
0.32705,2.1868,3.3201,1.4549
0.33215,2.1791,3.315,1.46
0.3347,2.1817,3.3073,1.46
0.33724,2.1919,3.3073,1.4472
0.3347,2.1919,3.315,1.4498
0.33215,2.1868,3.315,1.4549
0.33215,2.1868,3.3124,1.4549
0.3347,2.1868,3.3124,1.4549
0.33979,2.1868,3.3073,1.4549
0.3347,2.1919,3.315,1.4472
0.32705,2.1944,3.3201,1.4472
0.3296,2.1893,3.3175,1.4549
0.3347,2.1893,3.3099,1.4523
0.33215,2.1817,3.3124,1.4549
0.33979,2.1868,3.3073,1.4523
0.33979,2.1944,3.3048,1.4472
0.32705,2.1944,3.3124,1.4472
0.3296,2.1893,3.3201,1.4549
0.32705,2.1893,3.3099,1.4523
0.3347,2.1817,3.3099,1.4574
0.34234,2.1868,3.3048,1.4447
0.3347,2.1893,3.3099,1.4523
0.3347,2.1944,3.3073,1.4549
0.32705,2.197,3.315,1.4447
0.3296,2.1893,3.315,1.4523
0.3347,2.1817,3.3099,1.4549
0.33215,2.1893,3.3073,1.4498
0.33979,2.1919,3.3022,1.4498
0.3347,2.197,3.3048,1.4447
0.3296,2.197,3.3099,1.4498
0.33215,2.1919,3.3099,1.4498
0.3347,2.1842,3.3073,1.4574
0.33979,2.1868,3.2997,1.4549
0.33979,2.197,3.2971,1.4498
0.3347,2.1919,3.3048,1.4498
0.32705,2.1919,3.3073,1.4498
0.3347,2.1919,3.3099,1.4523
0.3347,2.1868,3.3022,1.4549
0.33979,2.1868,3.2997,1.4498
0.33979,2.1919,3.2971,1.4498
0.33979,2.197,3.2997,1.4421
0.32705,2.1995,3.3073,1.4447
0.32705,2.1944,3.3073,1.4549
0.32705,2.1868,3.3073,1.4549
0.3347,2.1893,3.2946,1.4549
0.34234,2.1944,3.2946,1.4498
0.3347,2.1944,3.2997,1.4447
0.3347,2.2021,3.2997,1.4447
0.3296,2.1944,3.3073,1.4472
0.33724,2.197,3.3048,1.4549
0.3347,2.1893,3.3022,1.4549
0.3347,2.197,3.2971,1.4472
0.34234,2.197,3.2971,1.4421
0.3347,2.2021,3.2997,1.4421
0.3347,2.1995,3.2997,1.4498
0.32705,2.1995,3.3048,1.4472
0.33215,2.1919,3.3073,1.4549
0.3347,2.1919,3.292,1.4523
0.33979,2.1944,3.292,1.4447
0.3347,2.197,3.2971,1.4472
0.3347,2.2021,3.2997,1.4396
0.3347,2.1995,3.2997,1.4447
0.3296,2.1995,3.2997,1.4472
0.33724,2.1919,3.2997,1.4523
0.33979,2.1919,3.292,1.4447
0.34234,2.2046,3.2946,1.4447
0.3347,2.2046,3.2997,1.4447
0.3296,2.1995,3.3048,1.4447
0.33215,2.1995,3.2997,1.4523
0.33724,2.1995,3.3022,1.4447
0.34234,2.197,3.3022,1.4447
0.33724,2.2072,3.2997,1.4447
0.33215,2.2021,3.3073,1.4421
0.33724,2.1944,3.3022,1.4447
0.34489,2.1919,3.2946,1.4447
0.33979,2.2046,3.2946,1.437
0.33724,2.2046,3.2997,1.4447
0.32705,2.2021,3.3073,1.4421
0.33215,2.1944,3.3073,1.4498
0.33724,2.1919,3.2997,1.4523
0.34489,2.1995,3.2946,1.4447
0.33979,2.2046,3.3022,1.4396
0.32705,2.2046,3.3073,1.4447
0.3296,2.1995,3.3073,1.4472
0.33724,2.197,3.2997,1.4523
0.34234,2.1919,3.2946,1.4523
0.33979,2.197,3.2946,1.4472
0.3347,2.2046,3.2997,1.4396
0.3296,2.1995,3.3073,1.4447
0.3347,2.2021,3.2997,1.4523
0.3347,2.1995,3.2997,1.4472
0.33724,2.1995,3.2997,1.437
0.3347,2.197,3.2997,1.4447
0.3296,2.1995,3.3073,1.4447
0.32705,2.1919,3.3073,1.4549
