0.78844,1.3939,3.3965,1.1999
0.79609,1.3939,3.3863,1.1973
0.80373,1.399,3.3863,1.1846
0.79609,1.4067,3.3914,1.1871
0.79099,1.4016,3.3965,1.1973
0.79609,1.3965,3.3863,1.1948
0.80628,1.4016,3.3838,1.1846
0.79099,1.4067,3.3889,1.1846
0.79609,1.4016,3.394,1.1973
0.79609,1.3965,3.3914,1.1948
0.80628,1.399,3.3812,1.1897
0.79609,1.4092,3.3914,1.1871
0.79354,1.4016,3.3991,1.1871
0.79863,1.3965,3.3914,1.1922
0.79863,1.4016,3.3914,1.1871
0.80628,1.4016,3.3838,1.1871
0.79863,1.4092,3.3889,1.1795
0.79354,1.4118,3.394,1.1846
0.79354,1.399,3.394,1.1897
0.80373,1.3965,3.3914,1.1897
0.80628,1.4067,3.3812,1.1769
0.80118,1.4118,3.3914,1.1744
0.79354,1.4041,3.3965,1.1795
0.80118,1.4067,3.3889,1.1795
0.80118,1.4016,3.3914,1.182
0.80628,1.4016,3.3838,1.1795
0.80883,1.4118,3.3812,1.1718
0.80118,1.4118,3.3889,1.1744
0.79354,1.4067,3.3965,1.1795
0.80373,1.4092,3.3889,1.1795
0.80118,1.4016,3.3889,1.1795
0.80628,1.4092,3.3812,1.1769
0.80883,1.4143,3.3812,1.1718
0.79609,1.4169,3.3889,1.1693
0.79609,1.4067,3.3914,1.1795
0.80118,1.4067,3.3889,1.1846
0.80118,1.4092,3.3889,1.1744
0.80628,1.4118,3.3863,1.1769
0.80373,1.4169,3.3889,1.1693
0.79609,1.4143,3.3914,1.1769
0.79609,1.4143,3.3914,1.1744
0.80118,1.4067,3.3889,1.1769
0.80883,1.4041,3.3812,1.1795
0.80883,1.4118,3.3812,1.1744
0.80373,1.4169,3.3863,1.1693
0.79863,1.4194,3.394,1.1744
0.79609,1.4067,3.3914,1.1795
0.80118,1.4067,3.3863,1.1769
0.80373,1.4143,3.3863,1.1718
0.80118,1.4118,3.3838,1.1718
0.80373,1.4194,3.3863,1.1667
0.79609,1.4118,3.3914,1.1795
0.80118,1.4067,3.3838,1.1795
0.80373,1.4118,3.3838,1.1693
0.80373,1.4143,3.3838,1.1693
0.80373,1.422,3.3838,1.1693
0.79863,1.4194,3.3914,1.1693
0.79609,1.4067,3.3914,1.1769
0.80373,1.4092,3.3838,1.1744
0.81138,1.4143,3.3787,1.1693
0.80373,1.4169,3.3863,1.1693
0.80373,1.422,3.3863,1.1693
0.79863,1.422,3.3889,1.1667
0.79863,1.4169,3.3914,1.1667
0.80373,1.4092,3.3838,1.1718
0.80628,1.4143,3.3838,1.1667
0.81138,1.4143,3.3812,1.1667
0.80373,1.4169,3.3838,1.1667
0.79863,1.4169,3.3914,1.1667
0.79609,1.4118,3.3914,1.1718
0.80883,1.4118,3.3761,1.1693
0.80883,1.4245,3.3787,1.1591
0.80628,1.4245,3.3838,1.1591
0.79863,1.4118,3.3914,1.1718
0.80373,1.4118,3.3838,1.1693
0.81138,1.4169,3.3761,1.1642
0.81393,1.422,3.3787,1.1591
0.80118,1.4245,3.3914,1.1591
0.79863,1.4118,3.3914,1.1718
0.81138,1.4118,3.3863,1.1693
0.81138,1.4194,3.3787,1.1642
0.80628,1.4245,3.3863,1.1642
0.80118,1.4194,3.3914,1.1642
0.80373,1.4143,3.3838,1.1667
0.80883,1.4194,3.3761,1.1642
0.80628,1.4271,3.3812,1.1591
0.80628,1.4194,3.3838,1.1642
0.80628,1.4194,3.3889,1.1693
0.80628,1.4143,3.3812,1.1718
0.80883,1.4194,3.3736,1.1616
0.80628,1.4245,3.3812,1.1591
0.80118,1.422,3.3863,1.1693
0.80373,1.4194,3.3812,1.1693
0.80628,1.422,3.3812,1.1616
0.81138,1.4194,3.3787,1.1642
0.80628,1.4194,3.3812,1.1591
0.79863,1.4194,3.3889,1.1642
0.80373,1.4143,3.3812,1.1693
0.80628,1.4194,3.3812,1.1591
0.80628,1.422,3.3812,1.1642
0.80628,1.4271,3.3812,1.1565
0.79863,1.4194,3.3889,1.1642
0.80118,1.4143,3.3889,1.1693
0.80373,1.4143,3.3812,1.1693
0.81138,1.422,3.3761,1.1565
0.80628,1.4271,3.3812,1.1565
0.79863,1.4194,3.3889,1.1616
0.80118,1.4143,3.3812,1.1616
0.80628,1.4143,3.3736,1.1693
0.81393,1.4194,3.3736,1.1565
0.80628,1.4271,3.3838,1.1565
0.80628,1.4194,3.3838,1.1591
0.80628,1.422,3.3838,1.1616
0.80628,1.4143,3.3838,1.1693
0.81393,1.4169,3.3761,1.1667
0.80373,1.4271,3.3838,1.1565
0.79863,1.422,3.3914,1.1642
0.79863,1.4143,3.3889,1.1693
0.80628,1.4143,3.3736,1.1693
0.80628,1.422,3.3812,1.1616
0.80628,1.4271,3.3812,1.1642
0.79863,1.4194,3.3889,1.1591
0.79863,1.4143,3.3889,1.1693
0.81138,1.4143,3.3761,1.1693
0.80883,1.4194,3.3761,1.1565
0.80628,1.4271,3.3812,1.1565
0.80628,1.4194,3.3812,1.1642
0.79863,1.4194,3.3863,1.1616
0.80373,1.4143,3.3812,1.1693
0.80628,1.422,3.3812,1.1616
0.81138,1.4194,3.3761,1.1565
0.80628,1.422,3.3812,1.1565
0.80628,1.4194,3.3812,1.1565
0.79863,1.4169,3.3889,1.1693
0.80628,1.4143,3.3812,1.1693
0.80628,1.4194,3.3838,1.1642
0.81138,1.4271,3.3761,1.1565
0.79863,1.4271,3.3812,1.1565
0.79863,1.4194,3.3889,1.1693
0.80628,1.4143,3.3812,1.1693
0.80373,1.4194,3.3838,1.1616
0.80628,1.422,3.3863,1.1565
0.80628,1.422,3.3838,1.1591
0.80628,1.422,3.3838,1.1693
0.80628,1.4194,3.3838,1.1642
0.80628,1.4194,3.3838,1.1616
0.80628,1.4271,3.3812,1.1565
0.79863,1.4271,3.3914,1.1565
0.79863,1.4194,3.394,1.1693
0.80628,1.422,3.3838,1.1693
0.81138,1.4169,3.3787,1.1565
0.80628,1.4271,3.3838,1.1565
0.80118,1.4143,3.3889,1.1693
0.80628,1.4143,3.3838,1.1693
0.81138,1.422,3.3787,1.154
0.80628,1.4271,3.3838,1.154
0.79863,1.4245,3.3914,1.1642
0.79609,1.4143,3.3914,1.1693
0.81393,1.4143,3.3838,1.1693
0.81393,1.4194,3.3787,1.1642
0.81138,1.4271,3.3787,1.1565
0.80628,1.4271,3.3812,1.1565
0.79863,1.422,3.3914,1.1642
0.80373,1.4118,3.3812,1.1693
0.80628,1.4194,3.3812,1.1642
0.80628,1.4194,3.3812,1.154
0.80373,1.4194,3.3812,1.1642
0.80628,1.422,3.3812,1.1642
0.80373,1.4143,3.3812,1.1642
0.80883,1.4143,3.3736,1.1642
0.80883,1.4271,3.3736,1.1591
0.79863,1.4271,3.3863,1.1591
0.80118,1.4143,3.3863,1.1693
0.80373,1.4143,3.3787,1.1693
0.80883,1.422,3.371,1.1642
0.80373,1.4194,3.3787,1.1642
0.80628,1.4271,3.3787,1.1642
0.79863,1.422,3.3812,1.1642
0.80373,1.422,3.3787,1.1642
0.80373,1.4143,3.3761,1.1667
0.81138,1.4194,3.3685,1.1667
0.80883,1.4271,3.3685,1.1591
0.79863,1.4245,3.3812,1.1591
0.79863,1.422,3.3812,1.1693
0.80373,1.4194,3.3736,1.1718
0.80373,1.422,3.3761,1.1667
0.80373,1.422,3.3736,1.1693
0.80373,1.422,3.3761,1.1667
0.80373,1.422,3.3812,1.1718
0.80373,1.4169,3.3761,1.1744
0.80628,1.422,3.3685,1.1667
0.80628,1.4271,3.371,1.1591
0.79609,1.4271,3.3787,1.1667
0.79863,1.4118,3.3812,1.1718
0.80373,1.4169,3.3659,1.1718
0.80883,1.4271,3.3685,1.1591
0.79609,1.4271,3.3736,1.1591
0.79609,1.4194,3.3812,1.1667
0.80373,1.4169,3.3736,1.1718
0.80883,1.4143,3.3685,1.1642
0.80883,1.4271,3.3659,1.1616
0.79609,1.4271,3.3787,1.1591
0.80118,1.4194,3.371,1.1667
0.80373,1.4143,3.3685,1.1693
0.80883,1.422,3.3685,1.1667
0.80118,1.4296,3.3685,1.1616
0.79354,1.4194,3.3761,1.1667
0.80118,1.4143,3.3685,1.1667
0.80628,1.422,3.3608,1.1693
0.80628,1.4271,3.3685,1.1616
0.80118,1.422,3.3659,1.1667
0.80373,1.422,3.3685,1.1744
0.80118,1.422,3.3659,1.1667
0.80628,1.4245,3.3659,1.1667
0.80118,1.4296,3.3659,1.1667
0.79609,1.4271,3.371,1.1693
0.79354,1.4169,3.371,1.1744
0.80883,1.4169,3.3608,1.1667
0.80628,1.4271,3.3583,1.1616
0.79863,1.4271,3.371,1.1693
0.79609,1.4143,3.3736,1.1744
0.80628,1.4169,3.3634,1.1693
0.80118,1.4271,3.3685,1.1667
0.79609,1.4245,3.3736,1.1642
0.80373,1.4169,3.3685,1.1718
0.80628,1.422,3.3634,1.1693
0.80628,1.4271,3.3685,1.1616
0.79609,1.4296,3.3761,1.1667
0.79609,1.4143,3.3761,1.1693
0.80118,1.422,3.371,1.1667
0.80883,1.422,3.3634,1.1667
0.80118,1.4271,3.371,1.1591
0.79609,1.4271,3.3761,1.1667
0.79609,1.4169,3.3787,1.1718
0.80373,1.4143,3.371,1.1718
0.80628,1.4194,3.3685,1.1616
0.80118,1.4271,3.371,1.1616
0.79354,1.422,3.3812,1.1667
0.79609,1.4169,3.3812,1.1718
0.80883,1.4143,3.371,1.1718
0.80628,1.4194,3.3685,1.1667
0.80373,1.4296,3.3736,1.1591
0.79863,1.4271,3.3812,1.1667
0.79609,1.4194,3.3787,1.1718
0.80118,1.4143,3.3761,1.1718
0.80883,1.4143,3.3685,1.1693
0.80883,1.4271,3.3685,1.1616
0.80118,1.422,3.3761,1.1667
0.79609,1.4194,3.3812,1.1667
0.79609,1.4118,3.3736,1.1744
0.80373,1.4194,3.3736,1.1667
0.80118,1.422,3.3685,1.1693
0.80628,1.4245,3.3685,1.1616
0.79609,1.4245,3.3812,1.1642
0.79354,1.422,3.3812,1.1693
0.80118,1.4194,3.3736,1.1744
0.80373,1.4169,3.3736,1.1693
0.80883,1.4169,3.3736,1.1693
0.80628,1.4271,3.3685,1.1642
0.79609,1.4245,3.3812,1.1642
0.79609,1.4143,3.3812,1.1769
0.79863,1.4118,3.3736,1.1718
0.80628,1.4169,3.3659,1.1693
0.80628,1.4245,3.3685,1.1642
0.80118,1.4245,3.3787,1.1642
0.79354,1.4169,3.3812,1.1769
0.80118,1.4143,3.3685,1.1769
0.80628,1.4169,3.3685,1.1718
0.80628,1.4271,3.3659,1.1642
0.79609,1.4245,3.3812,1.1667
0.79354,1.4169,3.3787,1.1693
0.80118,1.4169,3.3736,1.1795
0.80118,1.4118,3.3736,1.1693
0.80628,1.4169,3.3685,1.1718
0.80118,1.422,3.3761,1.1667
0.79354,1.422,3.3812,1.1744
0.79354,1.4092,3.3812,1.1795
0.80118,1.4092,3.3736,1.1795
0.80628,1.4169,3.3659,1.1693
0.79863,1.422,3.371,1.1667
0.79354,1.4169,3.3812,1.182
0.79863,1.4118,3.3736,1.182
0.80628,1.4169,3.3685,1.1744
0.79863,1.4169,3.371,1.1718
0.79863,1.4169,3.371,1.1744
0.80118,1.4169,3.3812,1.182
0.80628,1.4092,3.3685,1.1769
0.80628,1.4194,3.3659,1.1718
0.79354,1.422,3.3736,1.1693
0.80118,1.4143,3.3736,1.1769
0.79609,1.4067,3.3736,1.1795
0.80373,1.4143,3.3659,1.1769
0.80118,1.4194,3.371,1.1718
0.79354,1.4143,3.3787,1.1795
0.79609,1.4067,3.371,1.1795
0.79609,1.4118,3.371,1.1795
0.79863,1.4143,3.3736,1.1718
0.79609,1.4118,3.3736,1.1795
0.79609,1.4143,3.371,1.1795
0.79863,1.4118,3.3659,1.1795
0.79863,1.4194,3.371,1.1744
0.79099,1.4118,3.3761,1.182
0.79609,1.4041,3.3736,1.1871
0.80628,1.4118,3.3659,1.1846
0.79863,1.4118,3.371,1.1795
0.79609,1.4118,3.371,1.182
0.79609,1.4118,3.3736,1.1897
0.79354,1.4118,3.371,1.1846
0.79609,1.4118,3.3659,1.1795
0.79099,1.4169,3.3812,1.1769
0.79099,1.4118,3.3787,1.1846
0.79609,1.4016,3.371,1.1922
0.80118,1.4041,3.3685,1.1846
0.80373,1.4169,3.3659,1.1795
0.79354,1.4169,3.371,1.1795
0.78844,1.4067,3.3812,1.1871
0.78844,1.4016,3.3812,1.1922
0.79609,1.4016,3.3761,1.1948
0.80118,1.4067,3.3685,1.1795
0.79609,1.4143,3.3736,1.182
0.79099,1.4067,3.3812,1.1871
0.79354,1.4067,3.3736,1.1922
0.79609,1.4016,3.3736,1.1897
0.79609,1.4067,3.371,1.1897
0.79354,1.4041,3.3761,1.182
0.78844,1.4067,3.3838,1.1897
0.79609,1.4041,3.3761,1.1948
0.79609,1.4067,3.3736,1.1897
0.80118,1.4041,3.3685,1.1897
0.79609,1.4118,3.3761,1.1922
0.78589,1.4118,3.3812,1.1897
0.78589,1.4041,3.3812,1.1948
0.79609,1.399,3.3761,1.1973
0.79609,1.4016,3.3761,1.1922
0.80118,1.4041,3.3685,1.1922
0.80118,1.4092,3.3685,1.1871
0.79354,1.4092,3.3736,1.1897
0.78844,1.4016,3.3812,1.1922
0.79354,1.4041,3.3736,1.1948
0.79354,1.399,3.3761,1.2024
0.80118,1.4016,3.371,1.1948
0.80373,1.4067,3.3685,1.1897
0.79354,1.4092,3.3736,1.1871
0.78589,1.4041,3.3812,1.1948
0.78844,1.4041,3.3787,1.1999
0.79354,1.3965,3.3736,1.205
0.79863,1.4016,3.3685,1.1973
0.79354,1.4016,3.371,1.1922
0.79354,1.399,3.3736,1.1999
0.78844,1.3939,3.3787,1.205
0.79609,1.3939,3.3736,1.205
0.79863,1.399,3.3659,1.1922
0.78589,1.4067,3.3736,1.1948
0.78589,1.399,3.3812,1.1999
0.79354,1.3914,3.3736,1.1999
0.79609,1.399,3.3659,1.1999
0.79863,1.4041,3.3659,1.1948
0.78589,1.4067,3.3787,1.2024
0.78589,1.3965,3.3787,1.2101
0.79099,1.3914,3.371,1.2075
0.78844,1.3914,3.3685,1.2024
0.79609,1.4041,3.3659,1.1973
0.78844,1.4041,3.371,1.1973
0.78589,1.3939,3.3787,1.2101
0.79099,1.3914,3.3685,1.2101
0.79354,1.3965,3.3659,1.1999
0.79099,1.4016,3.371,1.1999
0.78334,1.3965,3.3761,1.2075
0.78844,1.3914,3.3685,1.2152
0.79354,1.3965,3.3634,1.2075
0.78844,1.4016,3.371,1.2024
0.78589,1.3965,3.3812,1.2075
0.79099,1.3914,3.371,1.2126
0.79609,1.3965,3.3659,1.205
0.78844,1.399,3.371,1.1999
0.78079,1.4016,3.3787,1.2075
0.78334,1.3914,3.3787,1.2126
0.79354,1.3888,3.3659,1.2152
0.79354,1.3965,3.3634,1.2024
0.78079,1.4016,3.3787,1.2075
0.78334,1.3863,3.3761,1.2152
0.78844,1.3888,3.3634,1.2152
0.79354,1.3965,3.3685,1.2101
0.78844,1.4016,3.3685,1.2075
0.78589,1.3939,3.3736,1.2101
0.78589,1.3939,3.3685,1.2101
0.79354,1.3939,3.3634,1.205
0.78079,1.399,3.3685,1.2075
0.78079,1.3939,3.3736,1.2126
0.78589,1.3863,3.3685,1.2203
0.79099,1.3939,3.3608,1.2101
0.78589,1.3965,3.3659,1.205
0.78079,1.3914,3.371,1.2152
0.78589,1.3863,3.3685,1.2203
0.79099,1.3914,3.3634,1.2152
0.78589,1.3965,3.3659,1.2075
0.78589,1.3914,3.3659,1.2177
0.77824,1.3863,3.3761,1.2203
0.79099,1.3863,3.3583,1.2228
0.79099,1.3965,3.3634,1.2101
0.78589,1.3965,3.3659,1.2101
0.77824,1.3914,3.3736,1.2228
0.78589,1.3837,3.3685,1.2228
0.79099,1.3888,3.3583,1.2177
0.78589,1.3965,3.3685,1.2126
0.77824,1.3965,3.3736,1.2126
0.77824,1.3837,3.3761,1.2254
0.78589,1.3837,3.3608,1.2254
0.79099,1.3965,3.3608,1.2203
0.78589,1.3914,3.3685,1.2177
0.77824,1.3888,3.3787,1.2203
0.78589,1.3863,3.371,1.2254
0.78589,1.3888,3.3685,1.2203
0.78844,1.3888,3.3659,1.2203
0.78844,1.3939,3.3659,1.2152
0.77824,1.3939,3.3787,1.2126
0.77824,1.3888,3.371,1.2203
0.78589,1.3812,3.371,1.2254
0.79099,1.3812,3.3659,1.2228
0.79099,1.3914,3.3685,1.2126
0.78589,1.3965,3.3736,1.2177
0.78589,1.3888,3.3812,1.2203
0.78589,1.3863,3.3736,1.2203
0.78589,1.3863,3.3736,1.2203
0.78589,1.3837,3.3736,1.2203
0.78589,1.3914,3.3736,1.2152
0.77569,1.3863,3.3812,1.2203
0.78589,1.3812,3.3736,1.2279
0.79354,1.3863,3.3685,1.2228
0.78589,1.3939,3.3736,1.2203
0.78079,1.3863,3.3838,1.2228
0.77824,1.3761,3.3838,1.2279
0.79099,1.3761,3.371,1.2228
0.79354,1.3914,3.371,1.2152
0.78079,1.3888,3.3838,1.2228
0.78079,1.3786,3.3889,1.2305
0.79354,1.3761,3.371,1.2228
0.79354,1.3914,3.3736,1.2177
0.78079,1.3914,3.3863,1.2177
0.77824,1.3761,3.3863,1.2305
0.78589,1.3761,3.371,1.2305
0.78844,1.3888,3.371,1.2177
0.78079,1.3888,3.3863,1.2177
0.77824,1.3761,3.3863,1.2305
0.79099,1.3761,3.3761,1.2305
0.78844,1.3837,3.3761,1.2254
0.78589,1.3888,3.3812,1.2203
0.77824,1.3812,3.3863,1.2254
0.78589,1.3761,3.3812,1.2305
0.78844,1.3735,3.3736,1.2279
0.79354,1.3863,3.3736,1.2203
0.77824,1.3863,3.3863,1.2203
0.78079,1.3735,3.3914,1.233
0.78334,1.3735,3.3838,1.233
0.78844,1.3812,3.3761,1.2203
0.78589,1.3863,3.3812,1.2228
0.77824,1.3863,3.3889,1.2279
0.78079,1.371,3.3889,1.2356
0.78589,1.371,3.3761,1.2381
0.79099,1.3761,3.3787,1.2305
0.79099,1.3761,3.3812,1.2254
0.78334,1.3837,3.3838,1.2305
0.77569,1.3786,3.3889,1.2305
0.78589,1.3684,3.3838,1.2356
0.78844,1.371,3.3761,1.2305
0.79099,1.3837,3.3787,1.2279
0.77824,1.3812,3.3889,1.2254
0.77569,1.3761,3.3889,1.2305
0.78334,1.3761,3.3838,1.2407
0.78589,1.3761,3.3838,1.233
0.78844,1.3761,3.3787,1.233
0.79099,1.3812,3.3787,1.2356
0.78334,1.3812,3.3812,1.2279
0.77569,1.3761,3.3889,1.233
0.77824,1.3735,3.3838,1.2407
0.78334,1.3684,3.3812,1.2381
0.78844,1.3735,3.3787,1.2356
0.78844,1.3786,3.3787,1.2305
0.78079,1.3786,3.3914,1.2305
0.77569,1.3659,3.3889,1.2432
0.78334,1.3659,3.3787,1.2458
0.78844,1.371,3.3787,1.2381
0.78334,1.3786,3.3838,1.233
0.77569,1.371,3.3889,1.2381
0.78334,1.3633,3.3838,1.2458
0.78844,1.371,3.3761,1.2381
0.78334,1.3761,3.3838,1.2356
0.77569,1.3761,3.3889,1.2407
0.77314,1.3633,3.3889,1.2458
0.78589,1.3659,3.3787,1.2509
0.78589,1.3761,3.3787,1.2356
0.77314,1.3761,3.3889,1.2356
0.77569,1.3633,3.3889,1.2483
0.77824,1.3633,3.3812,1.2483
0.78589,1.3684,3.3761,1.2432
0.78079,1.3761,3.3812,1.2458
0.77569,1.3684,3.3889,1.2458
0.77314,1.3608,3.3889,1.2509
0.78589,1.3633,3.3736,1.2483
0.78589,1.3684,3.371,1.2407
