1.1453,3.2447,3.8808,1.7889
1.1377,3.2523,3.8834,1.7915
1.1377,3.2447,3.8808,1.7966
1.1326,3.2472,3.8783,1.7991
1.1377,3.2396,3.8783,1.8042
1.1428,3.2472,3.8706,1.7915
1.1377,3.2549,3.8808,1.794
1.13,3.2498,3.8783,1.8017
1.1326,3.2447,3.8655,1.8068
1.1351,3.2498,3.8681,1.8017
1.1351,3.2498,3.8655,1.8042
1.1326,3.2549,3.8706,1.7966
1.1275,3.2523,3.8706,1.8042
1.1326,3.2447,3.8604,1.8119
1.1326,3.2523,3.8604,1.8042
1.1402,3.2498,3.8528,1.8093
1.1326,3.2549,3.8579,1.8017
1.1275,3.2498,3.8553,1.8093
1.1326,3.2472,3.8553,1.8068
1.1377,3.2498,3.8477,1.8093
1.1326,3.2574,3.8528,1.8042
1.1249,3.2523,3.8579,1.8119
1.13,3.2447,3.8502,1.8195
1.1377,3.2523,3.8451,1.8093
1.1377,3.26,3.8502,1.8068
1.1224,3.2574,3.8553,1.8119
1.1249,3.2472,3.8553,1.8195
1.13,3.2421,3.8502,1.8221
1.1275,3.2523,3.8477,1.8144
1.1351,3.2523,3.84,1.8144
1.13,3.2574,3.8477,1.8144
1.1224,3.26,3.8553,1.8119
1.1224,3.2447,3.8502,1.8221
1.13,3.2523,3.8426,1.8144
1.1377,3.2523,3.8375,1.8144
1.1351,3.26,3.8375,1.8093
1.13,3.26,3.8426,1.8093
1.1198,3.2523,3.8477,1.817
1.13,3.2472,3.84,1.8221
1.1275,3.2523,3.84,1.817
1.1351,3.26,3.8324,1.8093
1.1198,3.2625,3.8451,1.8093
1.1224,3.2523,3.8451,1.817
1.1275,3.2472,3.8349,1.8221
1.1275,3.2523,3.8349,1.817
1.1275,3.2549,3.8324,1.817
1.1275,3.2523,3.8324,1.8119
1.1275,3.2549,3.8324,1.8195
1.1198,3.2549,3.8298,1.817
1.1275,3.2549,3.8298,1.8195
1.1326,3.2498,3.8222,1.8246
1.1326,3.2574,3.8197,1.8195
1.1326,3.2625,3.8197,1.8144
1.1198,3.2625,3.8324,1.8144
1.1198,3.2574,3.8298,1.8195
1.1275,3.2498,3.8273,1.8272
1.1326,3.2549,3.8197,1.8221
1.1275,3.2625,3.8273,1.8195
1.1249,3.2651,3.8324,1.8144
1.1198,3.2574,3.8273,1.8195
1.1198,3.26,3.8298,1.8272
1.1275,3.2523,3.8197,1.8246
1.1326,3.2549,3.8197,1.8221
1.1249,3.2625,3.8247,1.8119
1.1249,3.2625,3.8298,1.8144
1.1198,3.2498,3.8298,1.8272
1.1275,3.2523,3.8247,1.8246
1.1326,3.2549,3.8197,1.8195
1.1275,3.2574,3.8247,1.8221
1.1249,3.2651,3.8222,1.8195
1.1249,3.2574,3.8298,1.817
1.1249,3.2574,3.8247,1.8195
1.1249,3.2498,3.8247,1.817
1.1326,3.2549,3.8197,1.8195
1.1326,3.2625,3.8197,1.8144
1.1275,3.2651,3.8247,1.8119
1.1198,3.2625,3.8324,1.8195
1.1198,3.2498,3.8349,1.8246
1.1249,3.2523,3.8273,1.8246
1.1326,3.2523,3.8273,1.8246
1.1326,3.2574,3.8197,1.817
1.1326,3.2574,3.8247,1.8195
1.1275,3.2625,3.8222,1.8144
1.1198,3.2651,3.8324,1.8119
1.1198,3.26,3.8298,1.8272
1.1275,3.26,3.8222,1.8246
1.1249,3.2625,3.8222,1.8195
1.1326,3.2625,3.8171,1.817
1.1326,3.2625,3.8171,1.8093
1.1198,3.2651,3.8247,1.8093
1.1275,3.26,3.8273,1.8144
1.1275,3.26,3.8298,1.8144
1.1275,3.2523,3.8298,1.8195
1.1351,3.2574,3.8273,1.817
1.1351,3.2625,3.8273,1.8068
1.1198,3.2625,3.8426,1.8068
1.1224,3.2549,3.8451,1.8195
1.13,3.2472,3.8426,1.8195
1.13,3.2523,3.84,1.8144
1.1326,3.2523,3.84,1.8144
1.13,3.26,3.84,1.8119
1.1224,3.26,3.8477,1.8144
1.1224,3.2523,3.8451,1.8221
1.1275,3.2472,3.84,1.8195
1.1275,3.2523,3.84,1.8144
1.13,3.2523,3.8375,1.8144
1.1326,3.26,3.84,1.8068
1.1275,3.26,3.84,1.8042
1.1224,3.2549,3.8451,1.8119
1.1275,3.2549,3.8477,1.8119
1.13,3.2498,3.84,1.8195
1.13,3.2523,3.8324,1.817
1.1377,3.2549,3.8324,1.8119
1.1351,3.2625,3.8298,1.8042
1.1275,3.2625,3.84,1.8068
1.13,3.2574,3.8375,1.8093
1.13,3.2574,3.8375,1.817
1.13,3.2574,3.8349,1.8093
1.1275,3.26,3.8298,1.8093
1.13,3.2651,3.8349,1.8042
1.1198,3.2549,3.84,1.8119
1.13,3.2523,3.8349,1.8093
1.1351,3.2574,3.8273,1.8119
1.1351,3.2651,3.8273,1.8068
1.1224,3.2625,3.8324,1.8042
1.1275,3.26,3.8324,1.8119
1.1224,3.26,3.8375,1.8119
1.1224,3.2574,3.8298,1.8195
1.13,3.2523,3.8324,1.8119
1.1326,3.2523,3.8247,1.8119
1.1326,3.2651,3.8273,1.8042
1.1275,3.2651,3.8298,1.8068
1.1224,3.26,3.8375,1.8119
1.1275,3.2574,3.8324,1.8195
1.1275,3.2574,3.8349,1.8119
1.1326,3.2574,3.8273,1.8093
1.1351,3.2651,3.8273,1.8042
1.13,3.2625,3.8375,1.8017
1.13,3.2574,3.8375,1.8119
1.1198,3.2549,3.8426,1.8119
1.1224,3.2498,3.8426,1.8195
1.1275,3.2498,3.8375,1.8119
1.1326,3.2574,3.8273,1.8119
1.1351,3.2651,3.8273,1.8068
1.1249,3.2625,3.8349,1.8119
1.1198,3.2549,3.84,1.8119
1.1198,3.2523,3.84,1.8221
1.1275,3.2498,3.8324,1.8221
1.1326,3.2574,3.8222,1.817
1.1275,3.2574,3.8273,1.8119
1.1249,3.2574,3.8273,1.8119
1.1198,3.26,3.8349,1.817
1.1275,3.2574,3.8298,1.8221
1.1249,3.2549,3.8298,1.817
1.1326,3.2574,3.8222,1.817
1.1249,3.2574,3.8298,1.817
1.1198,3.2549,3.8375,1.817
1.1198,3.2498,3.8324,1.8246
1.1326,3.2472,3.8247,1.8246
1.1326,3.2549,3.8247,1.8195
1.1326,3.2523,3.8324,1.8119
1.1249,3.2549,3.8298,1.8195
1.1198,3.2549,3.8375,1.8195
1.1173,3.2472,3.8375,1.8272
1.1275,3.2498,3.8273,1.8272
1.1249,3.2523,3.8298,1.8195
1.1326,3.2549,3.8222,1.8119
1.1224,3.2625,3.8298,1.817
1.1224,3.2549,3.8298,1.8221
1.1173,3.2523,3.8349,1.8221
1.1173,3.2472,3.8324,1.8323
1.1249,3.2549,3.8247,1.8246
1.1249,3.2523,3.8171,1.8246
1.1224,3.26,3.8197,1.8195
1.1173,3.2523,3.8273,1.8272
1.1173,3.2498,3.8273,1.8323
1.1224,3.2472,3.8197,1.8246
1.13,3.2523,3.8146,1.8246
1.1224,3.26,3.8222,1.8195
1.1173,3.2574,3.8222,1.8272
1.1173,3.2523,3.8324,1.8246
1.1249,3.2549,3.8247,1.8246
1.13,3.2523,3.8197,1.8272
1.1224,3.2549,3.8298,1.8221
1.1249,3.2498,3.8298,1.8272
1.1173,3.2498,3.8375,1.8272
1.1224,3.2421,3.8273,1.8348
1.1249,3.2498,3.8349,1.8246
1.1224,3.2472,3.8375,1.8195
1.1249,3.2523,3.8375,1.8246
1.1198,3.2498,3.8451,1.8246
1.1249,3.2396,3.84,1.8323
1.1326,3.2371,3.8375,1.8272
1.1326,3.2523,3.8349,1.8272
1.1249,3.2498,3.8426,1.8195
1.1275,3.2498,3.8502,1.8246
1.1198,3.2447,3.8502,1.8323
1.1224,3.2371,3.8426,1.8323
1.13,3.2421,3.8375,1.8221
1.1326,3.2498,3.8349,1.8195
1.1249,3.2498,3.84,1.8272
1.1198,3.2447,3.8477,1.8297
1.1224,3.2447,3.8375,1.8348
1.1224,3.2396,3.8375,1.8297
1.1326,3.2421,3.8298,1.8297
1.1198,3.2523,3.8375,1.8323
1.1173,3.2447,3.8426,1.8323
1.1224,3.2396,3.8349,1.8374
1.13,3.2447,3.8273,1.8323
1.1224,3.2447,3.8349,1.8246
1.1198,3.2447,3.8349,1.8323
1.1224,3.2472,3.84,1.8323
1.1198,3.2396,3.8349,1.8323
1.13,3.2447,3.8298,1.8323
1.1198,3.2523,3.8349,1.8323
1.1173,3.2447,3.84,1.8323
1.1173,3.2371,3.8324,1.8399
1.1275,3.2396,3.8273,1.8323
1.1275,3.2421,3.8273,1.8272
1.1173,3.2523,3.8324,1.8297
1.1147,3.2447,3.84,1.8323
1.1224,3.2371,3.8324,1.8399
1.1224,3.2421,3.8349,1.8323
1.1224,3.2421,3.8349,1.8348
1.1198,3.2498,3.8349,1.8323
1.1122,3.2421,3.84,1.8348
1.1147,3.2345,3.8426,1.8399
1.1198,3.2345,3.8324,1.8425
1.1275,3.2421,3.8273,1.8374
1.1198,3.2421,3.8349,1.8374
1.1198,3.2498,3.8298,1.8323
1.1147,3.2498,3.8375,1.8399
1.1122,3.2371,3.8349,1.8399
1.1198,3.2371,3.8273,1.8399
1.1249,3.2396,3.8171,1.8399
1.1275,3.2523,3.8171,1.8348
1.1198,3.2523,3.8197,1.8348
1.1173,3.2447,3.8197,1.8374
1.1122,3.2447,3.8247,1.8399
1.1122,3.2421,3.8222,1.8476
1.1173,3.2396,3.8146,1.8476
1.1173,3.2472,3.8146,1.8399
1.1224,3.2498,3.8044,1.8425
1.1249,3.2498,3.8069,1.8425
1.1173,3.2523,3.812,1.8374
1.1122,3.2549,3.8171,1.8399
1.1122,3.2472,3.8146,1.8425
1.1096,3.2523,3.8171,1.8425
1.1173,3.2421,3.8069,1.8527
1.1173,3.2421,3.8069,1.8501
1.1224,3.2498,3.7993,1.845
1.1249,3.2498,3.7967,1.845
1.1224,3.2549,3.7993,1.8399
1.1173,3.2549,3.8018,1.8374
1.1173,3.2498,3.7993,1.8476
1.1096,3.2498,3.8069,1.845
1.1096,3.2498,3.8044,1.8476
1.1147,3.2498,3.7993,1.8552
1.1147,3.2421,3.7993,1.8476
1.1224,3.2421,3.7916,1.8501
1.1224,3.2498,3.7891,1.8501
1.1147,3.2498,3.7967,1.8501
1.1147,3.2523,3.7942,1.8476
1.1096,3.2498,3.7993,1.8501
1.1096,3.2447,3.7993,1.8578
1.1122,3.2472,3.784,1.8578
1.1198,3.2523,3.784,1.8527
1.1198,3.2574,3.7814,1.8476
1.1045,3.2574,3.784,1.8476
1.1071,3.2523,3.7916,1.8552
1.1122,3.2523,3.7814,1.8527
1.1122,3.2472,3.7789,1.8629
1.1198,3.2472,3.7738,1.8552
1.1173,3.26,3.7687,1.8501
1.1096,3.26,3.7763,1.8501
1.1096,3.2523,3.7712,1.8578
1.102,3.2549,3.7789,1.8578
1.1096,3.2498,3.7712,1.8654
1.1147,3.2498,3.761,1.8654
1.1096,3.2574,3.7661,1.8578
1.1147,3.2574,3.7661,1.8629
1.1173,3.2625,3.7661,1.8552
1.1096,3.2625,3.7636,1.8603
1.1045,3.2574,3.7712,1.8603
1.102,3.2523,3.7687,1.868
1.1096,3.2574,3.761,1.8603
1.1147,3.2574,3.7559,1.8603
1.1096,3.2625,3.7585,1.8552
1.102,3.2651,3.7636,1.8578
1.1045,3.2574,3.7636,1.8705
1.102,3.2523,3.7585,1.8731
1.1122,3.2523,3.7483,1.8705
1.1122,3.26,3.7457,1.8629
1.1096,3.2676,3.7508,1.8578
1.1071,3.2676,3.7508,1.8629
1.0994,3.26,3.7559,1.8654
1.102,3.2549,3.7534,1.8731
1.1071,3.2549,3.7457,1.8731
1.1045,3.26,3.7457,1.8654
1.1122,3.2625,3.7432,1.868
1.1122,3.26,3.7457,1.8629
1.1071,3.2625,3.7432,1.8654
1.0994,3.2625,3.7406,1.8654
1.1071,3.2549,3.7381,1.8756
1.1096,3.2549,3.7381,1.8756
1.1122,3.2625,3.7304,1.868
1.1045,3.2625,3.733,1.8705
1.102,3.2702,3.7355,1.8654
1.1045,3.2625,3.733,1.8731
1.102,3.2625,3.7381,1.8705
1.1045,3.2574,3.7279,1.8782
1.102,3.2574,3.7228,1.8782
1.1071,3.2625,3.7228,1.8731
1.1096,3.2702,3.7253,1.868
1.0994,3.2727,3.7279,1.868
1.102,3.2651,3.7253,1.8731
1.0943,3.2676,3.7253,1.8756
1.0969,3.2625,3.7253,1.8807
1.1071,3.26,3.7151,1.8807
1.1071,3.2625,3.7151,1.8756
1.1071,3.2676,3.7126,1.8731
1.0994,3.2727,3.7202,1.8705
1.102,3.2676,3.7177,1.8782
1.0994,3.2702,3.7177,1.8756
1.102,3.2625,3.7177,1.8807
1.1071,3.26,3.7126,1.8807
1.1071,3.2676,3.7126,1.868
1.102,3.2651,3.7177,1.868
1.0994,3.2676,3.7202,1.8756
1.0918,3.2651,3.7253,1.8782
1.0943,3.26,3.7253,1.8833
1.0994,3.26,3.7202,1.8807
1.0994,3.2676,3.7202,1.8756
1.102,3.2651,3.7126,1.8782
1.0994,3.2727,3.7177,1.8705
1.102,3.2676,3.7202,1.8756
1.0943,3.2676,3.7279,1.8756
1.0969,3.26,3.7279,1.8782
1.1071,3.2625,3.7202,1.8833
1.102,3.2625,3.7202,1.8756
1.1071,3.2676,3.7202,1.8756
1.102,3.2727,3.7202,1.868
1.102,3.2727,3.7253,1.8705
1.0943,3.2676,3.7279,1.8731
1.102,3.2651,3.7228,1.8807
1.0994,3.26,3.7228,1.8807
1.1071,3.2574,3.7151,1.8731
1.1071,3.2625,3.7151,1.8654
1.0994,3.2676,3.7151,1.868
1.102,3.2727,3.7228,1.8705
1.102,3.2625,3.7253,1.8731
1.0918,3.2651,3.7304,1.8731
1.0994,3.2651,3.7228,1.8833
1.102,3.2625,3.7228,1.8731
1.1096,3.2676,3.7177,1.8731
1.1096,3.2727,3.7177,1.868
1.0994,3.2702,3.7253,1.8731
1.0943,3.2651,3.733,1.8731
1.0943,3.2574,3.7304,1.8807
1.102,3.26,3.7253,1.8807
1.102,3.26,3.7253,1.8807
1.1071,3.2651,3.7202,1.8731
1.102,3.2625,3.7228,1.8731
1.102,3.2702,3.7253,1.868
1.0943,3.2727,3.7253,1.868
1.102,3.2651,3.7279,1.8731
1.0969,3.2651,3.7304,1.8731
1.0969,3.26,3.733,1.8782
1.102,3.2574,3.7253,1.8807
1.102,3.2651,3.7253,1.8731
1.1071,3.2676,3.7177,1.8731
1.1122,3.2727,3.7202,1.868
1.102,3.2702,3.7253,1.8654
1.102,3.2651,3.7279,1.8756
1.0969,3.2651,3.733,1.8756
1.0943,3.2574,3.7304,1.8705
1.102,3.2651,3.7253,1.8731
1.102,3.2574,3.7253,1.8731
1.1071,3.2574,3.7177,1.8731
1.1096,3.2625,3.7202,1.868
1.102,3.2727,3.7253,1.8654
1.1045,3.2651,3.7279,1.8756
1.102,3.2651,3.733,1.8756
1.1045,3.26,3.7279,1.8807
1.1096,3.2651,3.7202,1.8731
1.102,3.2625,3.7253,1.868
1.1045,3.2676,3.7279,1.8731
1.0969,3.2651,3.7304,1.8731
1.0943,3.26,3.7304,1.8807
1.1096,3.2574,3.7177,1.8807
1.1071,3.2676,3.7177,1.868
1.102,3.2727,3.7228,1.8705
1.0969,3.2727,3.7279,1.8756
1.0969,3.26,3.7304,1.8807
1.1071,3.26,3.7253,1.8833
1.1071,3.2651,3.7151,1.8756
1.1096,3.2651,3.7228,1.8705
1.102,3.2727,3.7279,1.8705
1.0969,3.2676,3.7304,1.8731
1.102,3.26,3.7253,1.8833
1.1096,3.2702,3.7202,1.8731
1.0994,3.2625,3.7279,1.8731
1.102,3.2651,3.7279,1.8731
1.0969,3.2625,3.7355,1.8756
1.102,3.2574,3.7304,1.8807
1.1096,3.2574,3.7253,1.8731
1.1096,3.2676,3.7253,1.868
1.102,3.2702,3.733,1.868
1.0969,3.2625,3.7381,1.8731
1.0969,3.2549,3.7381,1.8807
1.102,3.2625,3.733,1.8731
1.102,3.26,3.733,1.8756
1.102,3.2676,3.733,1.868
1.0943,3.26,3.7381,1.8756
1.0969,3.2549,3.7381,1.8807
1.102,3.2523,3.7304,1.8807
1.1096,3.2625,3.7253,1.8756
1.1045,3.2676,3.733,1.8705
1.102,3.26,3.733,1.8756
1.102,3.26,3.7381,1.8756
1.102,3.2549,3.7304,1.8833
1.1096,3.2574,3.7253,1.8756
1.1096,3.2676,3.7279,1.868
1.102,3.2676,3.733,1.8705
1.0969,3.26,3.7406,1.8731
1.0969,3.26,3.7432,1.8807
1.102,3.2523,3.7381,1.8833
1.102,3.26,3.7381,1.8782
1.1096,3.2574,3.7381,1.8756
1.1096,3.2651,3.733,1.868
1.1045,3.2625,3.7432,1.868
1.102,3.2574,3.7406,1.8731
1.102,3.2574,3.7432,1.8731
1.1045,3.2523,3.7432,1.8807
1.1045,3.2549,3.7457,1.8731
1.1045,3.2549,3.7406,1.8654
1.1045,3.2625,3.7483,1.868
1.1045,3.2549,3.7483,1.8731
1.0994,3.2549,3.7585,1.8731
1.0994,3.2498,3.7559,1.8807
1.1071,3.2498,3.7483,1.8807
1.1045,3.2549,3.7483,1.8705
1.1122,3.2523,3.7432,1.8654
1.1071,3.2574,3.7508,1.8654
1.1045,3.2549,3.7508,1.8731
1.0994,3.2625,3.7585,1.868
1.0994,3.2549,3.7585,1.8782
1.1071,3.2549,3.7559,1.8756
1.1071,3.2498,3.7585,1.8756
1.1122,3.2549,3.7483,1.8705
1.1071,3.2549,3.7585,1.868
1.1045,3.2523,3.7559,1.8629
1.1096,3.26,3.7585,1.868
1.102,3.26,3.7661,1.8629
1.102,3.2523,3.7687,1.868
1.1071,3.2523,3.7687,1.8731
1.1096,3.2523,3.761,1.868
1.1147,3.2523,3.7585,1.8654
1.1147,3.2574,3.7585,1.8603
1.1096,3.2574,3.7661,1.8603
1.1096,3.2523,3.7687,1.8654
1.102,3.2523,3.7738,1.8629
1.1045,3.2421,3.7763,1.8705
1.1122,3.2447,3.7687,1.8705
1.1173,3.2523,3.7661,1.8629
1.1147,3.2574,3.7661,1.8578
1.1122,3.2574,3.7738,1.8578
1.1045,3.2523,3.7789,1.8603
1.1096,3.2523,3.7738,1.8654
1.1096,3.2447,3.7738,1.8629
1.1173,3.2498,3.7712,1.8629
1.1147,3.2574,3.7687,1.8527
1.1045,3.2574,3.784,1.8552
1.1045,3.2523,3.7814,1.8654
1.1096,3.2498,3.7763,1.8654
1.1122,3.2523,3.7763,1.8629
1.1096,3.2523,3.7738,1.8603
1.1173,3.26,3.7687,1.8527
1.1122,3.26,3.784,1.8527
1.1122,3.2523,3.7763,1.8552
1.1122,3.2549,3.7763,1.8578
1.1122,3.2472,3.7789,1.8629
1.1173,3.2472,3.7738,1.8578
1.1198,3.2523,3.7738,1.8476
1.1122,3.2625,3.7789,1.8476
1.1071,3.2523,3.7891,1.8527
1.1147,3.2549,3.7814,1.8527
1.1122,3.2498,3.784,1.8501
1.1224,3.2523,3.7789,1.8501
1.1173,3.2523,3.7891,1.8476
1.1147,3.2523,3.7891,1.8476
1.1096,3.2523,3.7993,1.845
1.1122,3.2472,3.7993,1.8527
1.1173,3.2447,3.7967,1.8527
1.1173,3.2498,3.7967,1.845
1.1224,3.2523,3.7942,1.8348
1.1173,3.2523,3.7993,1.8425
1.1198,3.2574,3.8018,1.8348
1.1173,3.2574,3.8069,1.8348
1.1147,3.2498,3.8171,1.8374
