4.2399,1.6387,2.2546,3.1531
4.2272,1.6336,2.2648,3.1557
4.2323,1.631,2.2571,3.1633
4.2425,1.631,2.2495,3.1557
4.2425,1.6438,2.2495,3.1455
4.2348,1.6438,2.2622,3.1455
4.2297,1.6412,2.2597,3.1506
4.2297,1.6361,2.2597,3.1557
4.245,1.6387,2.252,3.1557
4.245,1.6463,2.2469,3.148
4.2374,1.6514,2.252,3.1378
4.2399,1.654,2.2546,3.1429
4.2323,1.6438,2.2571,3.1506
4.2425,1.6412,2.2469,3.148
4.2501,1.6514,2.2393,3.1378
4.2425,1.654,2.2444,3.1302
4.2425,1.654,2.2469,3.1327
4.245,1.6565,2.2444,3.1353
4.2425,1.6514,2.2444,3.1327
4.2527,1.6591,2.2342,3.1302
4.2476,1.6667,2.2418,3.1225
4.2476,1.6616,2.2418,3.1276
4.2476,1.6642,2.2469,3.1251
4.2476,1.6591,2.2393,3.1251
4.2552,1.6591,2.2342,3.1251
4.2578,1.6693,2.2316,3.1174
4.2501,1.6769,2.2444,3.1149
4.2476,1.6693,2.2418,3.12
4.2527,1.6667,2.2367,3.1225
4.2527,1.6744,2.2367,3.1149
4.2552,1.6769,2.2342,3.1123
4.2527,1.6769,2.2342,3.1098
4.2501,1.6769,2.2393,3.1123
4.2578,1.6795,2.2316,3.1174
4.2629,1.6795,2.2291,3.1098
4.2578,1.682,2.2291,3.1072
4.2501,1.6769,2.2367,3.1123
4.2603,1.6769,2.224,3.1098
4.2654,1.6846,2.224,3.0945
4.2603,1.6897,2.2291,3.0945
4.2603,1.6871,2.2266,3.0996
4.2578,1.6897,2.2266,3.1047
4.2603,1.682,2.224,3.097
4.2705,1.6897,2.2164,3.097
4.2629,1.6973,2.2266,3.0894
4.2578,1.6922,2.2316,3.0919
4.2654,1.6897,2.224,3.0996
4.2731,1.6973,2.2164,3.0894
4.2705,1.7024,2.2291,3.0817
4.2603,1.6998,2.2291,3.0868
4.268,1.6897,2.224,3.0919
4.2756,1.7049,2.2164,3.0766
4.2705,1.7049,2.2291,3.0766
4.2629,1.6973,2.2266,3.0868
4.2782,1.6948,2.2138,3.0868
4.2782,1.71,2.2138,3.0741
4.2654,1.7024,2.2291,3.0766
4.2731,1.6973,2.2189,3.0868
4.2782,1.7075,2.2138,3.0741
4.2731,1.7126,2.2189,3.0741
4.2705,1.7075,2.224,3.0715
4.2731,1.7024,2.2189,3.0741
4.2807,1.7075,2.2138,3.0741
4.2731,1.7151,2.2164,3.0664
4.2705,1.71,2.2266,3.0766
4.2782,1.7024,2.2189,3.0766
4.2833,1.7126,2.2087,3.0715
4.2756,1.7202,2.2164,3.0639
4.2705,1.7075,2.2215,3.0741
4.2833,1.7075,2.2113,3.0766
4.2833,1.7177,2.2113,3.0613
4.2756,1.7177,2.2164,3.0613
4.2756,1.7126,2.2164,3.069
4.2705,1.7126,2.2189,3.0766
4.2756,1.71,2.2113,3.0741
4.2756,1.7126,2.2113,3.069
4.2756,1.7126,2.2138,3.0639
4.2756,1.7202,2.2138,3.0588
4.2731,1.7075,2.2189,3.0741
4.2756,1.71,2.2113,3.0741
4.2833,1.7126,2.2087,3.0639
4.2756,1.7202,2.2138,3.0664
4.2782,1.7151,2.2189,3.0715
4.2858,1.7126,2.2087,3.0715
4.2858,1.7228,2.2087,3.0588
4.2782,1.7177,2.2189,3.0664
4.2782,1.7151,2.2113,3.0715
4.2782,1.7177,2.2138,3.0639
4.2858,1.7228,2.2138,3.0588
4.2731,1.7202,2.2189,3.0639
4.2782,1.7177,2.2138,3.069
4.2858,1.7177,2.2062,3.0639
4.2756,1.7253,2.2138,3.0588
4.2705,1.7177,2.2189,3.0639
4.2782,1.7075,2.2138,3.0715
4.2782,1.7177,2.2113,3.0664
4.2756,1.7177,2.2113,3.0588
4.2756,1.7177,2.2113,3.0664
4.2756,1.7126,2.2113,3.0715
4.2833,1.7177,2.2036,3.0639
4.2756,1.7228,2.2164,3.0613
4.2731,1.7177,2.2164,3.0715
4.2833,1.7126,2.2087,3.0639
4.2756,1.7177,2.2036,3.0588
4.2782,1.7228,2.2087,3.0613
4.2705,1.7126,2.2138,3.0715
4.2833,1.7126,2.2087,3.0664
4.2756,1.7202,2.2087,3.0664
4.2782,1.7202,2.2062,3.0664
4.2756,1.7202,2.2062,3.0715
4.2833,1.7202,2.1985,3.0664
4.2782,1.7279,2.2036,3.0588
4.2705,1.7202,2.2087,3.069
4.2807,1.7177,2.2011,3.0664
4.2833,1.7228,2.1985,3.0562
4.2731,1.7304,2.2113,3.0562
4.2731,1.7177,2.2087,3.0664
4.2833,1.7202,2.1985,3.0613
4.2833,1.733,2.196,3.0562
4.2782,1.7253,2.1985,3.0613
4.2807,1.7279,2.1985,3.0664
4.2782,1.7253,2.1934,3.0588
4.2782,1.7355,2.1985,3.0511
4.2731,1.7304,2.2062,3.0562
4.2731,1.7228,2.2036,3.0639
4.2884,1.7228,2.1934,3.0613
4.2884,1.7406,2.1909,3.046
4.2833,1.7406,2.2011,3.046
4.2731,1.733,2.2011,3.0486
4.2807,1.7304,2.196,3.0588
4.2833,1.7355,2.1934,3.046
4.2807,1.7355,2.1909,3.0435
4.2833,1.7381,2.1934,3.046
4.2782,1.7406,2.1909,3.0435
4.2833,1.7355,2.1909,3.0511
4.2884,1.7432,2.1832,3.046
4.2909,1.7483,2.1858,3.0358
4.2807,1.7534,2.1934,3.0409
4.2807,1.7381,2.196,3.0435
4.2858,1.7457,2.1883,3.0358
4.2935,1.7483,2.1858,3.0333
4.2884,1.7508,2.1858,3.0282
4.2833,1.7457,2.1883,3.0384
4.2935,1.7457,2.1781,3.0358
4.296,1.7585,2.1781,3.0231
4.2858,1.7636,2.1883,3.0256
4.2858,1.7508,2.1807,3.0307
4.3011,1.7585,2.1756,3.0205
4.2909,1.7636,2.1807,3.0205
4.2884,1.761,2.1883,3.0154
4.2935,1.7559,2.1807,3.0231
4.3011,1.7636,2.1781,3.0154
4.296,1.7712,2.1781,3.0052
4.2909,1.7661,2.1832,3.0154
4.3037,1.761,2.1756,3.0154
4.3037,1.7687,2.1705,3.0001
4.3011,1.7738,2.1807,2.9976
4.2935,1.7712,2.1832,3.0078
4.3011,1.7661,2.1756,3.0052
4.3113,1.7738,2.1679,2.9925
4.3011,1.784,2.1756,2.9874
4.3062,1.7789,2.173,2.9925
4.3037,1.7814,2.173,2.9899
4.3062,1.7763,2.1756,2.9874
4.3139,1.784,2.1654,2.9848
4.3113,1.7916,2.173,2.9797
4.3037,1.784,2.1781,2.9797
4.3113,1.784,2.1705,2.9797
4.319,1.7891,2.1679,2.9772
4.3062,1.7993,2.1705,2.9695
4.3062,1.7942,2.1781,2.9797
4.3139,1.7891,2.1705,2.9772
4.3241,1.7942,2.1654,2.9695
4.3164,1.8069,2.1705,2.9593
4.3113,1.7993,2.1756,2.9619
4.3164,1.7942,2.1705,2.967
4.3266,1.8018,2.1654,2.9593
4.3215,1.8095,2.1679,2.9568
4.3139,1.8069,2.1705,2.9542
4.3215,1.8018,2.1628,2.9593
4.3292,1.8095,2.1654,2.9491
4.3241,1.812,2.1654,2.9466
4.3241,1.8146,2.1679,2.944
4.3317,1.8069,2.1654,2.9517
4.3343,1.8248,2.1577,2.9338
4.319,1.8248,2.1705,2.9364
4.3215,1.812,2.1628,2.9415
4.3343,1.8222,2.1577,2.9313
4.3317,1.8299,2.1628,2.9236
4.3241,1.8299,2.1679,2.9262
4.3317,1.8197,2.1628,2.9313
4.3343,1.8273,2.1603,2.9236
4.3343,1.8299,2.1603,2.916
4.3343,1.8324,2.1603,2.9185
4.3292,1.835,2.1603,2.916
4.3343,1.8299,2.1577,2.9134
4.3419,1.835,2.1526,2.9134
4.3368,1.8426,2.1577,2.9032
4.3317,1.8452,2.1654,2.9083
4.3343,1.835,2.1628,2.9134
4.3394,1.835,2.1577,2.9083
4.3445,1.8426,2.1501,2.9007
4.3394,1.8503,2.1552,2.893
4.3343,1.8528,2.1628,2.8981
4.3368,1.8426,2.1603,2.9007
4.3419,1.8452,2.1552,2.8956
4.3496,1.8503,2.1475,2.8905
4.3445,1.8605,2.1526,2.8828
4.3368,1.8554,2.1603,2.893
4.347,1.8477,2.1526,2.893
4.3521,1.8477,2.1475,2.8828
4.3546,1.8656,2.1475,2.8752
4.3496,1.8656,2.1526,2.8701
4.3445,1.863,2.1577,2.8752
4.3496,1.8579,2.1526,2.8803
4.3572,1.8656,2.145,2.8726
4.3521,1.8706,2.1526,2.8701
4.3445,1.8656,2.1577,2.8701
4.3496,1.863,2.1501,2.8726
4.3597,1.863,2.145,2.865
4.3623,1.8757,2.145,2.8573
4.3546,1.8757,2.1577,2.8548
4.3496,1.8732,2.1603,2.865
4.3546,1.8757,2.1501,2.865
4.3572,1.8757,2.1526,2.8573
4.3597,1.8757,2.1501,2.8497
4.3597,1.8783,2.1501,2.8522
4.3546,1.8783,2.1552,2.8573
4.3623,1.8732,2.1526,2.8548
4.3597,1.8808,2.145,2.8446
4.3623,1.8808,2.1501,2.8395
4.3623,1.8834,2.1501,2.8395
4.3572,1.8859,2.1501,2.8369
4.3623,1.8808,2.1501,2.8369
4.3648,1.8859,2.145,2.8344
4.3674,1.8885,2.1501,2.8293
4.3674,1.8885,2.1475,2.8318
4.3674,1.891,2.1475,2.8293
4.3699,1.891,2.1501,2.8293
4.375,1.891,2.1501,2.8267
4.3674,1.9012,2.1501,2.8267
4.3648,1.8936,2.1577,2.8242
4.3699,1.891,2.1501,2.8267
4.3725,1.8961,2.1501,2.8216
4.375,1.8987,2.1424,2.8191
4.3725,1.9038,2.1501,2.8114
4.3648,1.9012,2.1526,2.8165
4.3674,1.8936,2.1526,2.8216
4.3801,1.8936,2.1424,2.814
4.375,1.9089,2.1475,2.8063
4.3674,1.9063,2.1552,2.8114
4.375,1.8987,2.1475,2.8165
4.3827,1.9114,2.1424,2.8089
4.375,1.9114,2.145,2.8012
4.3699,1.9063,2.1526,2.814
4.375,1.9012,2.145,2.814
4.3827,1.9063,2.1373,2.8038
4.3827,1.9165,2.1373,2.7987
4.3725,1.9165,2.1501,2.7987
4.3725,1.9038,2.1501,2.8089
4.3776,1.9063,2.145,2.8089
4.3852,1.914,2.1348,2.7987
4.3776,1.9216,2.145,2.791
4.375,1.9216,2.1475,2.7961
4.375,1.9089,2.1501,2.8012
4.3878,1.9114,2.1373,2.8012
4.3852,1.9242,2.1373,2.7834
4.3827,1.9267,2.145,2.7834
4.375,1.9216,2.1501,2.7961
4.3827,1.914,2.145,2.7936
4.3903,1.9216,2.1373,2.7783
4.3827,1.9267,2.145,2.7783
4.3852,1.9216,2.1424,2.7834
4.3827,1.9216,2.145,2.7834
4.3852,1.9165,2.145,2.7859
4.3929,1.9267,2.1373,2.7808
4.3852,1.9344,2.145,2.7706
4.3776,1.9267,2.1501,2.7783
4.3801,1.9267,2.145,2.7834
4.3852,1.9267,2.145,2.7757
4.3878,1.9267,2.1424,2.7681
4.3878,1.9267,2.145,2.7732
4.3801,1.9293,2.1475,2.7757
4.3852,1.9242,2.1424,2.7834
4.3929,1.9293,2.1322,2.7706
4.3852,1.9369,2.1399,2.7681
4.3827,1.9293,2.1424,2.7732
4.3852,1.9318,2.1399,2.7808
4.3852,1.9318,2.1399,2.7706
4.3929,1.9318,2.1322,2.7706
4.3852,1.9369,2.1373,2.7655
4.3801,1.9344,2.1424,2.7706
4.3827,1.9293,2.1373,2.7757
4.3954,1.9293,2.1322,2.7655
4.3954,1.9369,2.1297,2.763
4.3827,1.9446,2.1399,2.7579
4.3827,1.9369,2.1424,2.763
4.3903,1.9318,2.1373,2.7706
4.3878,1.9369,2.1348,2.763
4.398,1.9446,2.1322,2.7553
4.3827,1.9471,2.1373,2.7553
4.3852,1.9395,2.145,2.7579
4.3903,1.9395,2.1373,2.763
4.3929,1.9344,2.1322,2.763
4.3954,1.9395,2.1348,2.7579
4.3929,1.9471,2.1373,2.7502
4.3954,1.9446,2.1373,2.7528
4.3878,1.942,2.1399,2.7528
4.3954,1.9369,2.1373,2.7604
4.4005,1.9446,2.1322,2.7528
4.3954,1.9497,2.1373,2.7451
4.3878,1.9497,2.1475,2.7502
4.3878,1.9369,2.1475,2.7502
4.3954,1.9369,2.1399,2.7502
4.4031,1.9446,2.1373,2.7477
4.3954,1.9522,2.1424,2.74
4.3903,1.9446,2.1475,2.7451
4.3929,1.9369,2.1475,2.7502
4.398,1.942,2.1424,2.7502
4.4056,1.9446,2.1373,2.7426
4.398,1.9471,2.1424,2.7375
4.4005,1.9471,2.1424,2.7426
4.398,1.9471,2.1501,2.74
4.398,1.942,2.145,2.7477
4.4082,1.9471,2.1424,2.74
4.4005,1.9548,2.1475,2.7349
4.4031,1.9548,2.1526,2.74
4.3954,1.942,2.1526,2.7451
4.4031,1.942,2.1475,2.7451
4.4056,1.9471,2.1475,2.74
4.4005,1.9522,2.1475,2.74
4.3929,1.9471,2.1526,2.74
4.3929,1.942,2.1526,2.7502
4.4056,1.942,2.1373,2.7502
4.4056,1.9471,2.1348,2.7375
4.3954,1.9522,2.1424,2.7375
4.3903,1.9471,2.1501,2.7426
4.3954,1.9471,2.1424,2.7502
4.3954,1.9446,2.1424,2.7426
4.4056,1.9471,2.1373,2.7451
4.398,1.9497,2.145,2.74
4.3903,1.9522,2.1475,2.7426
4.3903,1.942,2.1501,2.7477
4.4056,1.9395,2.1348,2.7502
4.4031,1.9497,2.1373,2.74
4.398,1.9522,2.1424,2.7451
4.3929,1.9471,2.1475,2.7451
4.3903,1.9369,2.1501,2.7528
4.398,1.9395,2.145,2.7426
4.4056,1.9471,2.1424,2.7426
4.3954,1.9497,2.145,2.74
4.3903,1.9471,2.1475,2.7451
4.3954,1.9395,2.1424,2.7528
4.4005,1.9446,2.1373,2.7451
4.3954,1.9446,2.1424,2.7451
4.3903,1.9446,2.1501,2.7451
4.3954,1.9369,2.1424,2.7528
4.4005,1.9395,2.1373,2.7477
4.4031,1.9497,2.1348,2.7426
4.3878,1.9497,2.1475,2.7477
4.3903,1.9369,2.1501,2.7528
4.4031,1.942,2.1373,2.7451
4.3954,1.9497,2.145,2.7426
4.3878,1.942,2.1501,2.7502
4.3954,1.942,2.145,2.7553
4.3954,1.942,2.1399,2.7502
4.3954,1.9471,2.145,2.7502
4.3903,1.942,2.1501,2.7502
4.3954,1.9369,2.145,2.7477
4.4005,1.9395,2.1373,2.7502
4.3954,1.9471,2.145,2.7451
4.398,1.9471,2.1501,2.7528
4.3903,1.9344,2.1501,2.7579
4.4005,1.9344,2.1399,2.7604
4.4031,1.942,2.1399,2.7451
4.3954,1.9471,2.1424,2.7477
4.3903,1.9395,2.1501,2.7604
4.3954,1.9318,2.145,2.7604
4.4005,1.9395,2.1399,2.7553
4.3954,1.9446,2.145,2.7477
4.3878,1.9369,2.1501,2.7553
4.3929,1.9318,2.145,2.763
4.3929,1.9369,2.145,2.7553
4.3929,1.9369,2.145,2.7579
4.3903,1.9369,2.145,2.7579
4.3852,1.9369,2.1501,2.7579
4.3903,1.9344,2.145,2.7579
4.398,1.9369,2.1373,2.7604
4.3903,1.942,2.1399,2.7553
4.3852,1.9344,2.1475,2.763
4.3903,1.9267,2.145,2.7706
4.3954,1.942,2.1348,2.7579
4.3827,1.942,2.1475,2.7579
4.3827,1.9267,2.1475,2.7706
4.3954,1.9267,2.1348,2.7655
4.3954,1.9395,2.1424,2.7604
4.3827,1.9318,2.1475,2.7706
4.3903,1.9267,2.1424,2.7655
4.3954,1.9318,2.1373,2.7604
4.3801,1.9369,2.1475,2.763
4.3878,1.9293,2.1424,2.7757
4.3903,1.9293,2.1348,2.7706
4.3852,1.9369,2.1424,2.7655
4.3827,1.9216,2.1475,2.7757
4.3954,1.9242,2.1348,2.7757
4.3929,1.9344,2.1373,2.7655
4.3801,1.9344,2.1475,2.7732
4.3852,1.9242,2.1424,2.7783
4.3929,1.9267,2.1373,2.7757
4.3852,1.9318,2.1424,2.7681
4.3776,1.9267,2.1501,2.7783
4.3852,1.9216,2.1424,2.7757
4.3929,1.9267,2.1399,2.7732
4.3776,1.9344,2.1424,2.7681
4.3801,1.9191,2.1501,2.7834
4.3929,1.9191,2.1373,2.7757
4.3929,1.9293,2.1373,2.7681
4.3776,1.9318,2.1501,2.7757
4.3776,1.9191,2.1501,2.7834
4.3903,1.9191,2.1373,2.7783
4.3827,1.9318,2.145,2.7706
4.3776,1.9242,2.1475,2.7783
4.3852,1.9191,2.145,2.7834
4.3954,1.9293,2.1373,2.7757
4.3852,1.9344,2.1475,2.7783
4.3852,1.9191,2.145,2.7834
4.3852,1.9242,2.1424,2.7757
4.3852,1.9344,2.1501,2.7681
4.3776,1.9191,2.145,2.7783
4.3929,1.9267,2.1373,2.7732
4.3878,1.9318,2.145,2.7681
4.3827,1.9216,2.1526,2.7783
4.3929,1.9216,2.1399,2.7706
4.3878,1.9318,2.145,2.7706
4.3827,1.9267,2.1552,2.7706
4.3903,1.9216,2.1501,2.7757
4.3903,1.9267,2.145,2.7681
4.3903,1.9267,2.1501,2.7681
4.3903,1.9216,2.1475,2.7732
4.3954,1.9267,2.1424,2.7706
4.3903,1.9344,2.1552,2.7604
4.3827,1.9216,2.1577,2.7732
4.3903,1.9191,2.1475,2.7757
4.3954,1.9344,2.145,2.7604
4.3852,1.9369,2.1577,2.7604
4.3852,1.9191,2.1552,2.7732
4.3954,1.9216,2.1501,2.7655
4.3903,1.9267,2.1424,2.763
4.3903,1.9344,2.1475,2.7604
4.3827,1.9267,2.1552,2.7681
4.3903,1.9216,2.1475,2.7706
4.3954,1.9242,2.1475,2.7681
4.3954,1.9267,2.1399,2.7655
4.3903,1.9267,2.1475,2.7655
4.3852,1.9293,2.1552,2.7681
4.3903,1.9242,2.1475,2.7706
4.3954,1.9267,2.1424,2.7681
4.3903,1.9267,2.1475,2.7579
4.3903,1.9267,2.1475,2.763
4.3903,1.9293,2.1526,2.7706
4.3903,1.9267,2.1475,2.7681
4.3929,1.9344,2.1475,2.7604
4.3827,1.9293,2.1552,2.763
4.3903,1.9242,2.1475,2.7706
4.3954,1.9293,2.1424,2.7579
4.3852,1.9369,2.1475,2.7553
4.3827,1.9293,2.1526,2.7681
4.3878,1.9267,2.1424,2.7681
4.3954,1.9318,2.1399,2.7579
4.3827,1.9369,2.145,2.763
4.3929,1.9293,2.1475,2.7604
4.3903,1.9242,2.1399,2.7604
4.398,1.9369,2.1424,2.7553
4.3827,1.9369,2.1526,2.7604
4.3929,1.9242,2.1475,2.7681
4.3954,1.9293,2.1399,2.7604
4.3929,1.9369,2.1475,2.7604
4.3852,1.9344,2.1526,2.7579
4.3878,1.9267,2.1526,2.7655
4.398,1.9267,2.1424,2.763
4.4005,1.9369,2.1424,2.7502
4.3929,1.9395,2.1475,2.7477
4.3878,1.9344,2.1552,2.7553
4.3929,1.9267,2.1475,2.7604
4.3929,1.9344,2.1475,2.7579
4.3929,1.9318,2.1501,2.7502
4.3878,1.9344,2.1577,2.7579
4.3929,1.9267,2.1501,2.7579
4.3929,1.9318,2.1475,2.7579
4.3929,1.9344,2.1475,2.7553
4.3929,1.9344,2.1475,2.763
4.3929,1.9318,2.145,2.7553
4.3929,1.9344,2.1475,2.7502
4.3852,1.9344,2.1552,2.763
4.3929,1.9344,2.1501,2.763
4.3903,1.9344,2.1475,2.7553
4.3954,1.9395,2.1475,2.7502
4.3852,1.9344,2.1552,2.7553
4.3929,1.9293,2.1475,2.7604
4.398,1.9344,2.1424,2.7502
