4.556,1.0319,2.772,2.8446
4.5637,1.0319,2.7695,2.8522
4.5637,1.0294,2.7669,2.8446
4.5688,1.0319,2.7669,2.8446
4.5637,1.0396,2.7644,2.8369
4.556,1.0396,2.772,2.842
4.556,1.0294,2.7695,2.8497
4.5611,1.0268,2.7618,2.8446
4.5688,1.0345,2.7567,2.842
4.5637,1.0421,2.7618,2.8369
4.5637,1.0345,2.7593,2.842
4.5586,1.037,2.7669,2.842
4.556,1.0319,2.7618,2.8497
4.5688,1.0319,2.7491,2.842
4.5688,1.0447,2.7491,2.8344
4.5637,1.0447,2.7542,2.8344
4.5637,1.037,2.7542,2.8395
4.5586,1.0396,2.7593,2.8395
4.5637,1.0345,2.7516,2.842
4.5688,1.0345,2.744,2.8471
4.5713,1.0447,2.7465,2.842
4.5611,1.0396,2.7491,2.8395
4.5637,1.0498,2.7491,2.8344
4.5586,1.0421,2.7542,2.8395
4.5586,1.037,2.7516,2.8446
4.5662,1.037,2.7414,2.8446
4.5637,1.0447,2.7465,2.8369
4.5662,1.0447,2.7389,2.8344
4.5662,1.0498,2.744,2.8293
4.5662,1.0447,2.744,2.8369
4.5586,1.0472,2.7491,2.8369
4.5611,1.0447,2.7465,2.842
4.5637,1.0447,2.7414,2.842
4.5662,1.0421,2.7389,2.8344
4.5739,1.0498,2.7312,2.8344
4.5713,1.0574,2.7312,2.8293
4.5662,1.0549,2.7389,2.8293
4.5662,1.0574,2.7363,2.8318
4.5586,1.0549,2.7414,2.8344
4.5611,1.0447,2.7414,2.842
4.5662,1.0447,2.7363,2.842
4.5662,1.0523,2.7338,2.8344
4.5713,1.0523,2.7287,2.8344
4.5739,1.0523,2.7338,2.8267
4.5662,1.06,2.7363,2.8267
4.5688,1.06,2.7389,2.8293
4.5586,1.0498,2.7363,2.8395
4.5662,1.0498,2.7287,2.8395
4.5662,1.0549,2.7287,2.8318
4.5739,1.0574,2.7185,2.8318
4.5739,1.0625,2.7185,2.8242
4.5637,1.0651,2.7312,2.8267
4.5688,1.0574,2.7236,2.8318
4.5637,1.0574,2.7287,2.8293
4.5611,1.0549,2.7312,2.8369
4.5764,1.0549,2.7236,2.8369
4.5688,1.06,2.7236,2.8293
4.5764,1.06,2.716,2.8267
4.579,1.0676,2.716,2.8216
4.5688,1.0702,2.7185,2.8242
4.5713,1.0625,2.7185,2.8267
4.5637,1.0625,2.7236,2.8267
4.5662,1.0625,2.7261,2.8369
4.5688,1.0574,2.7185,2.8344
4.5713,1.0625,2.7185,2.8344
4.579,1.0651,2.7109,2.8293
4.5739,1.0651,2.716,2.8216
4.5739,1.0702,2.716,2.8293
4.5662,1.0651,2.7236,2.8267
4.5662,1.0574,2.7211,2.8318
4.579,1.06,2.7083,2.8318
4.579,1.0753,2.7083,2.8216
4.5713,1.0702,2.716,2.8267
4.5662,1.0651,2.7211,2.8293
4.5637,1.06,2.7211,2.8344
4.5739,1.06,2.7083,2.8344
4.579,1.0676,2.7083,2.8293
4.579,1.0727,2.7083,2.8293
4.5713,1.0702,2.7134,2.8216
4.5713,1.0727,2.7134,2.8216
4.5662,1.0651,2.7185,2.8267
4.5662,1.0651,2.7185,2.8344
4.579,1.06,2.716,2.8369
4.5764,1.0676,2.7083,2.8293
4.5713,1.0651,2.7134,2.8216
4.5713,1.0676,2.7134,2.8293
4.5662,1.0676,2.7185,2.8293
4.5713,1.06,2.7134,2.8369
4.5688,1.0625,2.7083,2.8369
4.579,1.0651,2.7058,2.8293
4.5713,1.0702,2.7109,2.8293
4.5739,1.0702,2.7134,2.8242
4.5662,1.0702,2.716,2.8293
4.5713,1.0625,2.7109,2.8369
4.579,1.0625,2.7058,2.8293
4.579,1.0702,2.7032,2.8242
4.5739,1.0753,2.7134,2.8242
4.5662,1.0676,2.7185,2.8318
4.5713,1.0702,2.7109,2.8369
4.5739,1.0676,2.7109,2.8293
4.579,1.0702,2.7109,2.8318
4.5764,1.0702,2.7083,2.8242
4.5688,1.0676,2.716,2.8318
4.5739,1.0651,2.7083,2.8293
4.579,1.0651,2.7032,2.8293
4.579,1.0702,2.7032,2.8293
4.579,1.0753,2.7032,2.8242
4.5739,1.0727,2.7185,2.8242
4.5662,1.0702,2.716,2.8293
4.5739,1.0702,2.7109,2.8318
4.5739,1.0651,2.7083,2.8293
4.579,1.0702,2.7032,2.8293
4.5739,1.0753,2.7083,2.8318
4.5688,1.0676,2.716,2.8318
4.5713,1.0651,2.7083,2.8395
4.5688,1.0702,2.7058,2.8267
4.5739,1.0702,2.7083,2.8318
4.5713,1.0727,2.7083,2.8267
4.5662,1.0651,2.716,2.8395
4.5713,1.0625,2.7083,2.8395
4.5713,1.0676,2.7083,2.8318
4.579,1.0702,2.7083,2.8318
4.5739,1.0778,2.7083,2.8267
4.5662,1.0676,2.716,2.8318
4.5713,1.0676,2.7083,2.8395
4.579,1.0676,2.7032,2.8344
4.5713,1.0753,2.716,2.8242
4.5739,1.0676,2.7109,2.8318
4.5713,1.0625,2.7109,2.8344
4.5713,1.0676,2.7032,2.8318
4.5713,1.0753,2.7083,2.8267
4.5637,1.0651,2.7185,2.8344
4.5662,1.0625,2.7185,2.842
4.579,1.06,2.7032,2.8344
4.5764,1.0727,2.7032,2.8293
4.5713,1.0727,2.7109,2.8293
4.5662,1.0651,2.7185,2.8369
4.5662,1.0676,2.7109,2.8369
4.5688,1.06,2.7109,2.842
4.5713,1.0676,2.7134,2.8369
4.5764,1.0676,2.7032,2.8369
4.579,1.0727,2.7032,2.8318
4.5688,1.0727,2.7109,2.8293
4.5637,1.0676,2.716,2.8369
4.5637,1.06,2.716,2.842
4.5815,1.06,2.7083,2.842
4.5688,1.0676,2.7058,2.8369
4.5713,1.0702,2.7083,2.8369
4.5739,1.0702,2.7083,2.8344
4.5662,1.0676,2.716,2.8344
4.5739,1.0651,2.7109,2.842
4.579,1.0625,2.7032,2.8369
4.579,1.0676,2.7032,2.8267
4.5662,1.0753,2.7109,2.8293
4.5662,1.0702,2.716,2.8344
4.5713,1.0676,2.7109,2.842
4.5739,1.0676,2.7134,2.8344
4.5713,1.0676,2.7032,2.8369
4.579,1.0727,2.7058,2.8293
4.5662,1.0753,2.7185,2.8293
4.5662,1.0676,2.716,2.842
4.5739,1.0676,2.7109,2.842
4.5739,1.0676,2.7134,2.8369
4.579,1.0676,2.7058,2.8318
4.5713,1.0753,2.7134,2.8293
4.5662,1.0753,2.7185,2.8344
4.5662,1.06,2.7185,2.842
4.579,1.0625,2.7134,2.8369
4.579,1.0676,2.7134,2.8344
4.5713,1.0727,2.7109,2.8369
4.5662,1.0676,2.7185,2.8344
4.5662,1.06,2.7109,2.842
4.579,1.0625,2.7058,2.8369
4.579,1.0727,2.7058,2.8293
4.5739,1.0727,2.7134,2.8293
4.5662,1.0676,2.7185,2.842
4.5739,1.0625,2.7134,2.842
4.5739,1.0676,2.7109,2.8344
4.5815,1.0676,2.7058,2.8369
4.5739,1.0727,2.7109,2.8267
4.5662,1.0727,2.7185,2.8293
4.5662,1.0651,2.7185,2.8344
4.5764,1.0676,2.7109,2.8395
4.5739,1.0625,2.7109,2.8344
4.579,1.0676,2.7058,2.8344
4.5815,1.0727,2.7058,2.8293
4.5739,1.0753,2.7134,2.8318
4.5688,1.0727,2.7185,2.8369
4.5688,1.0676,2.716,2.8344
4.5739,1.06,2.7109,2.842
4.5815,1.0625,2.7058,2.8318
4.5815,1.0702,2.7058,2.8293
4.5739,1.0702,2.7109,2.8293
4.5739,1.0702,2.7134,2.8318
4.5713,1.0702,2.7185,2.8318
4.5764,1.0702,2.7109,2.8318
4.5764,1.0625,2.7134,2.8395
4.5815,1.0625,2.7058,2.8318
4.5815,1.0753,2.7083,2.8267
4.5764,1.0727,2.7134,2.8293
4.5688,1.0676,2.7211,2.8344
4.5764,1.0676,2.7134,2.8318
4.5764,1.0625,2.7134,2.8395
4.5815,1.0702,2.7058,2.8344
4.5815,1.0753,2.7058,2.8267
4.5713,1.0753,2.7185,2.8293
4.5688,1.0676,2.7185,2.8344
4.5713,1.0625,2.7211,2.8395
4.5764,1.0676,2.716,2.8318
4.5841,1.0702,2.7083,2.8318
4.5815,1.0727,2.7083,2.8293
4.5764,1.0778,2.716,2.8267
4.5688,1.0676,2.7211,2.8344
4.579,1.0702,2.7134,2.8369
4.5764,1.06,2.716,2.8344
4.5841,1.0676,2.7083,2.8318
4.5841,1.0676,2.7083,2.8267
4.5764,1.0727,2.716,2.8293
4.579,1.0753,2.716,2.8267
4.5713,1.0727,2.7211,2.8344
4.5713,1.0676,2.7211,2.8395
4.5764,1.06,2.716,2.8395
4.5815,1.0676,2.7083,2.8369
4.579,1.0702,2.716,2.8293
4.5739,1.0702,2.7236,2.8293
4.5764,1.0702,2.716,2.8344
4.5764,1.06,2.7134,2.8344
4.5841,1.0651,2.7083,2.8344
4.5841,1.0727,2.7109,2.8267
4.579,1.0676,2.716,2.8369
4.5739,1.0676,2.7185,2.8344
4.579,1.0676,2.716,2.8395
4.5764,1.06,2.7083,2.8395
4.5815,1.0676,2.7109,2.8267
4.5764,1.0702,2.716,2.8293
4.5713,1.0727,2.7236,2.8293
4.5688,1.0651,2.7236,2.842
4.5764,1.06,2.7185,2.842
4.5764,1.0651,2.7185,2.8344
4.5841,1.0651,2.7134,2.8369
4.5764,1.0702,2.7185,2.8267
4.5764,1.0651,2.7185,2.8369
4.5688,1.0625,2.7261,2.8369
4.5764,1.0651,2.7185,2.842
4.5739,1.0574,2.7185,2.842
4.5815,1.06,2.7134,2.8344
4.5815,1.0625,2.7134,2.8293
4.5764,1.0702,2.7185,2.8293
4.5764,1.06,2.7185,2.8369
4.5739,1.06,2.7211,2.8344
4.5739,1.0574,2.7185,2.842
4.5815,1.06,2.7134,2.8369
4.579,1.0702,2.716,2.8293
4.5662,1.0702,2.7261,2.8369
4.5688,1.0549,2.7287,2.842
4.579,1.0574,2.7134,2.842
4.5815,1.0676,2.716,2.8318
4.5739,1.0702,2.7287,2.8318
4.5688,1.0625,2.7287,2.8344
4.5739,1.0625,2.7211,2.842
4.5739,1.0625,2.7211,2.8369
4.5739,1.06,2.716,2.8318
4.5713,1.0702,2.7211,2.8293
4.5662,1.0625,2.7287,2.8369
4.5764,1.06,2.7211,2.842
4.5739,1.0549,2.7211,2.8369
4.5815,1.06,2.716,2.8395
4.5815,1.0676,2.716,2.8318
4.5764,1.0676,2.7287,2.8318
4.5688,1.06,2.7236,2.8369
4.5739,1.0523,2.7211,2.842
4.579,1.0549,2.716,2.8369
4.579,1.06,2.716,2.8293
4.5764,1.0651,2.7236,2.8293
4.5688,1.06,2.7312,2.8369
4.5764,1.06,2.7261,2.842
4.5815,1.0549,2.7185,2.842
4.5815,1.0574,2.7185,2.8318
4.5739,1.06,2.7287,2.8395
4.5739,1.06,2.7287,2.8318
4.5662,1.0625,2.7338,2.8318
4.5688,1.0574,2.7363,2.842
4.5713,1.0549,2.7312,2.8395
4.5688,1.0498,2.7312,2.8446
4.5713,1.0549,2.7312,2.8395
4.5764,1.0549,2.7312,2.8395
4.5713,1.06,2.7338,2.8369
4.5713,1.0523,2.7338,2.842
4.5637,1.0549,2.7389,2.842
4.5713,1.0472,2.7312,2.8471
4.5713,1.0549,2.7338,2.842
4.579,1.0549,2.7287,2.842
4.5713,1.06,2.7338,2.8369
4.5739,1.0523,2.7363,2.842
4.5662,1.0549,2.7414,2.842
4.5662,1.0549,2.7363,2.8471
4.5713,1.0472,2.7338,2.8471
4.5739,1.0523,2.7363,2.842
4.5739,1.0523,2.7363,2.842
4.5713,1.06,2.7363,2.842
4.5662,1.06,2.7414,2.842
4.5662,1.0523,2.7414,2.842
4.5739,1.0523,2.7389,2.8497
4.5713,1.0447,2.7389,2.842
4.579,1.0523,2.7312,2.842
4.5713,1.0498,2.7389,2.842
4.5713,1.0574,2.7389,2.842
4.5637,1.0574,2.744,2.8446
4.5637,1.0447,2.7465,2.8471
4.5739,1.0472,2.7389,2.8522
4.579,1.0447,2.7338,2.842
4.579,1.0574,2.7363,2.8369
4.5662,1.0549,2.7465,2.8369
4.5662,1.0447,2.7491,2.8497
4.5713,1.0447,2.7389,2.8497
4.5764,1.0498,2.7363,2.8395
4.5739,1.0574,2.7389,2.8395
4.5662,1.0447,2.7491,2.8497
4.5739,1.0447,2.7414,2.8497
4.579,1.0498,2.7363,2.842
4.5764,1.0574,2.744,2.8369
4.5688,1.0498,2.7491,2.842
4.5739,1.0498,2.7414,2.8497
4.5713,1.0498,2.744,2.842
4.5764,1.0498,2.7414,2.842
4.5713,1.0574,2.744,2.842
4.5764,1.0498,2.7491,2.8497
4.5739,1.0447,2.744,2.8497
4.579,1.0498,2.7389,2.842
4.5739,1.0498,2.744,2.8369
4.5739,1.0498,2.7491,2.842
4.5739,1.0472,2.7465,2.842
4.5739,1.0396,2.7491,2.8497
4.579,1.0447,2.7414,2.8522
4.579,1.0472,2.7414,2.842
4.579,1.0498,2.7414,2.8395
4.5662,1.0498,2.7542,2.8369
4.5662,1.0472,2.7542,2.8446
4.5713,1.0472,2.7542,2.8522
4.5713,1.0396,2.7491,2.8497
4.5739,1.037,2.7491,2.8497
4.579,1.0396,2.7465,2.8446
4.579,1.0447,2.744,2.8395
4.5739,1.0523,2.7516,2.8395
4.5739,1.0447,2.7516,2.842
4.5662,1.0447,2.7593,2.842
4.5662,1.037,2.7567,2.8522
4.5713,1.0447,2.7516,2.8446
4.579,1.0421,2.7491,2.8446
4.579,1.0498,2.7491,2.8395
4.5713,1.0472,2.7542,2.8395
4.5713,1.0421,2.7542,2.8446
4.5662,1.0396,2.7644,2.8471
4.5611,1.0345,2.7644,2.8548
4.5713,1.0345,2.7491,2.8522
4.5764,1.037,2.7542,2.8471
4.5713,1.0396,2.7593,2.8522
4.5713,1.0472,2.7593,2.842
4.5637,1.0447,2.7593,2.8471
4.5688,1.037,2.7695,2.8497
4.5688,1.0294,2.7644,2.8522
4.5713,1.0294,2.7593,2.8497
4.5739,1.0345,2.7593,2.842
4.5662,1.0396,2.7669,2.842
4.5611,1.0319,2.772,2.8522
4.5662,1.0319,2.7669,2.8497
4.5688,1.0268,2.7669,2.8522
4.5739,1.0345,2.7618,2.8522
4.5662,1.0319,2.7669,2.8497
4.5688,1.0396,2.7669,2.8446
4.5637,1.0396,2.7695,2.8446
4.5611,1.0294,2.7746,2.8497
4.5688,1.0319,2.7695,2.8573
4.5688,1.0319,2.7695,2.8497
4.5739,1.0294,2.7644,2.8522
4.5662,1.037,2.772,2.8446
4.5586,1.037,2.7771,2.8446
4.5611,1.0319,2.7822,2.8573
4.5662,1.0294,2.7746,2.8573
4.5688,1.0217,2.772,2.8522
4.5713,1.0294,2.7695,2.8522
4.5713,1.037,2.7695,2.8497
4.5688,1.0345,2.7771,2.8471
4.5662,1.0294,2.7771,2.8522
4.5586,1.0268,2.7873,2.8548
4.5662,1.0192,2.7822,2.8599
4.5662,1.0268,2.7822,2.8522
4.5739,1.0243,2.7822,2.8522
4.5662,1.0294,2.7848,2.8471
4.5637,1.0294,2.7899,2.8497
4.5586,1.0243,2.7924,2.8599
4.5662,1.0217,2.7873,2.8548
4.5662,1.0166,2.7873,2.8522
4.5713,1.0243,2.7771,2.8548
4.5637,1.0243,2.7873,2.8471
4.5662,1.0217,2.7873,2.8548
4.5662,1.0192,2.7899,2.8548
4.5662,1.0166,2.7899,2.8548
4.5688,1.0192,2.7848,2.8548
4.5662,1.0268,2.7924,2.8497
4.5586,1.0268,2.7975,2.8548
4.5586,1.0141,2.8001,2.8624
4.5713,1.0115,2.795,2.8624
4.5713,1.0192,2.7873,2.8471
4.5662,1.0243,2.7975,2.8497
4.5586,1.0192,2.8026,2.8573
4.5637,1.0115,2.7975,2.8624
4.5662,1.0115,2.7899,2.8624
4.5739,1.0166,2.7924,2.8573
4.5662,1.0141,2.8001,2.8573
4.5637,1.0217,2.8001,2.8497
4.5586,1.0192,2.8052,2.8522
4.5586,1.0141,2.8077,2.8573
4.5586,1.0065,2.8103,2.8624
4.5662,1.0065,2.8026,2.8624
4.5662,1.0115,2.8026,2.8573
4.5713,1.009,2.8001,2.8599
4.5637,1.0192,2.8052,2.8522
4.5637,1.009,2.8077,2.8573
4.5662,1.009,2.8154,2.8573
4.5662,1.0039,2.8077,2.8599
4.5739,1.0039,2.8026,2.865
4.5713,1.009,2.8026,2.8522
4.5662,1.0141,2.8103,2.8522
4.5662,1.009,2.8103,2.8599
4.5586,1.009,2.8205,2.8599
4.5611,1.0014,2.8205,2.865
4.5688,1.0014,2.8154,2.865
4.5713,1.0065,2.8077,2.8599
4.5713,1.0065,2.8077,2.8522
4.5662,1.0115,2.8154,2.8548
4.5586,1.009,2.823,2.8573
4.5688,1.0039,2.8154,2.8573
4.5739,0.9988,2.8154,2.865
4.5662,1.0065,2.8179,2.8599
4.5662,1.0065,2.8179,2.8599
4.5662,1.0115,2.8154,2.8522
4.5688,1.0065,2.8179,2.8599
4.5586,1.0039,2.8281,2.8599
4.5688,0.9988,2.8205,2.8675
4.5739,0.9988,2.8154,2.865
4.5739,1.009,2.8154,2.8624
4.5688,1.009,2.823,2.8548
4.5688,1.009,2.823,2.8548
4.5611,1.0039,2.8307,2.865
4.5688,1.0039,2.8256,2.8599
4.5713,0.9988,2.8256,2.8675
4.5739,0.99625,2.8205,2.8599
4.5739,1.009,2.8205,2.8548
4.5688,1.0039,2.823,2.8548
4.5688,1.0065,2.8281,2.8624
4.5637,1.0039,2.8332,2.8599
4.5637,1.0014,2.8332,2.8675
4.5688,0.99625,2.8307,2.8675
4.5688,0.99371,2.8281,2.8599
4.5739,0.9988,2.8256,2.8599
4.5764,1.0065,2.823,2.8573
4.5713,1.0065,2.8307,2.8522
4.5688,0.9988,2.8332,2.8599
4.5637,0.9988,2.8383,2.8624
4.5637,0.99371,2.8409,2.8675
4.5688,0.99116,2.8332,2.8675
4.5688,0.9988,2.8358,2.8599
4.5739,0.99625,2.8358,2.8599
4.5713,1.0039,2.8358,2.8548
4.5637,1.0039,2.8409,2.8624
4.5637,0.99116,2.8409,2.8675
4.5688,0.98861,2.8358,2.8675
4.5688,0.99625,2.8383,2.8624
4.5713,0.99625,2.8307,2.8599
4.5713,1.0039,2.8409,2.8624
4.5637,1.0014,2.8459,2.8599
4.5637,0.98861,2.8485,2.8675
4.5713,0.99371,2.8409,2.8675
4.5713,0.98861,2.8409,2.8624
4.579,0.98861,2.8383,2.8624
4.579,0.9988,2.8383,2.8573
4.5713,0.9988,2.8459,2.8573
4.5713,0.99116,2.8434,2.865
4.5662,0.99371,2.851,2.8624
4.5662,0.98861,2.851,2.8701
4.5688,0.98606,2.8485,2.8701
4.579,0.99116,2.8409,2.8624
4.5713,0.99116,2.8434,2.8573
4.5739,0.9988,2.8485,2.8573
4.5713,0.99116,2.851,2.8624
4.5662,0.99116,2.8561,2.8624
4.5662,0.98861,2.8587,2.8701
4.5739,0.98351,2.851,2.8701
4.5739,0.98351,2.8536,2.8624
4.579,0.98096,2.8561,2.865
4.5713,0.98861,2.851,2.865
4.579,0.99625,2.8485,2.8599
4.5739,0.99116,2.8587,2.8599
4.5713,0.98606,2.8612,2.865
4.5662,0.98606,2.8689,2.865
4.5637,0.97841,2.8689,2.8701
4.5739,0.97841,2.8587,2.8726
4.5713,0.98096,2.8638,2.865
4.579,0.98861,2.8612,2.8599
