0.22253,2.1817,1.8621,1.4651
0.21999,2.1715,1.8722,1.4651
0.22508,2.1664,1.8646,1.4651
0.23273,2.1715,1.857,1.4676
0.22763,2.1791,1.8621,1.4651
0.21744,2.1715,1.8646,1.4651
0.22253,2.174,1.8646,1.4676
0.22253,2.174,1.8646,1.46
0.21744,2.174,1.8722,1.4676
0.22253,2.1689,1.8646,1.4727
0.23018,2.1766,1.8595,1.4625
0.22253,2.1817,1.8646,1.4625
0.21999,2.174,1.8722,1.4727
0.23018,2.1689,1.8595,1.4727
0.23018,2.1817,1.8595,1.4625
0.22253,2.1791,1.8722,1.4625
0.21744,2.1766,1.8722,1.4753
0.23018,2.1715,1.8697,1.4727
0.23018,2.1766,1.8621,1.4625
0.21489,2.1842,1.8773,1.4625
0.21489,2.1791,1.8722,1.4778
0.22508,2.1766,1.8671,1.4753
0.23018,2.1791,1.8646,1.4651
0.21744,2.1842,1.8748,1.4651
0.21744,2.1715,1.8748,1.4753
0.23018,2.1715,1.8621,1.4702
0.23018,2.1817,1.8621,1.4651
0.21744,2.1842,1.8748,1.4676
0.21744,2.1715,1.8722,1.4753
0.22763,2.1689,1.8621,1.4676
0.23018,2.1817,1.8621,1.4625
0.21744,2.1817,1.8722,1.4676
0.21489,2.1689,1.8646,1.4753
0.23018,2.174,1.8595,1.4702
0.22253,2.1817,1.8646,1.46
0.21744,2.174,1.8722,1.4727
0.22253,2.1689,1.8646,1.4727
0.23018,2.1766,1.8646,1.4651
0.22253,2.1817,1.8671,1.4676
0.21744,2.174,1.8621,1.4651
0.22253,2.1664,1.8621,1.4676
0.23273,2.1689,1.857,1.4651
0.22253,2.174,1.8595,1.4625
0.21744,2.1664,1.8646,1.4651
0.21999,2.1613,1.8646,1.4702
0.23018,2.1613,1.8544,1.4625
0.22508,2.1689,1.857,1.4574
0.22253,2.1664,1.857,1.46
0.22508,2.1664,1.8595,1.4676
0.23273,2.1613,1.8519,1.4625
0.23018,2.1715,1.8519,1.4549
0.22253,2.1664,1.8595,1.4625
0.22253,2.1664,1.8595,1.4651
0.22253,2.1613,1.8621,1.4702
0.23018,2.1689,1.8544,1.4625
0.22508,2.174,1.8621,1.46
0.21744,2.1766,1.8671,1.4651
0.21744,2.1664,1.8671,1.4727
0.23018,2.1715,1.8595,1.4651
0.23018,2.1766,1.8595,1.4625
0.21489,2.1817,1.8722,1.4676
0.21744,2.1689,1.8722,1.4753
0.22253,2.1715,1.8671,1.4676
0.23273,2.1766,1.8646,1.4676
0.22253,2.1868,1.8697,1.4651
0.21744,2.1817,1.8773,1.4702
0.22253,2.1791,1.8722,1.4778
0.22508,2.1766,1.8722,1.4727
0.22508,2.1842,1.8697,1.4753
0.22763,2.1893,1.8748,1.4702
0.21744,2.1944,1.8824,1.4778
0.21744,2.1817,1.8824,1.4829
0.23273,2.1817,1.8799,1.4855
0.23018,2.1919,1.8722,1.4727
0.22508,2.1995,1.8799,1.4778
0.21744,2.1919,1.885,1.4778
0.21999,2.1842,1.885,1.4855
0.22508,2.1893,1.8799,1.4778
0.22253,2.1919,1.8799,1.4778
0.22253,2.1919,1.8799,1.4804
0.21744,2.1919,1.8875,1.4804
0.22253,2.1919,1.8824,1.4804
0.23018,2.1919,1.8773,1.4804
0.23273,2.197,1.8824,1.4753
0.21744,2.1995,1.8875,1.4804
0.21744,2.1868,1.8901,1.4855
0.23018,2.1868,1.8748,1.4804
0.23018,2.1995,1.8773,1.4753
0.21744,2.1995,1.8875,1.4727
0.21744,2.1919,1.8875,1.4855
0.23273,2.1868,1.8773,1.4829
0.23018,2.1995,1.8748,1.4727
0.21744,2.197,1.8875,1.4804
0.21999,2.1868,1.8875,1.4855
0.23018,2.1842,1.8748,1.4778
0.23273,2.1995,1.8773,1.4727
0.22508,2.1944,1.8824,1.4753
0.21744,2.1893,1.8875,1.4855
0.22508,2.1868,1.8824,1.4855
0.23273,2.1944,1.8799,1.4804
0.22253,2.1995,1.8799,1.4727
0.21999,2.1944,1.8901,1.4829
0.21999,2.1919,1.8901,1.4906
0.22508,2.1944,1.885,1.4829
0.22508,2.197,1.8824,1.4829
0.22508,2.197,1.885,1.4829
0.21744,2.1944,1.885,1.4829
0.22508,2.1893,1.8875,1.4855
0.23273,2.1944,1.8799,1.4829
0.23018,2.2046,1.8799,1.4778
0.22508,2.1944,1.885,1.4829
0.22508,2.197,1.8926,1.4906
0.22508,2.1893,1.885,1.4906
0.23273,2.197,1.8799,1.4829
0.22508,2.1944,1.885,1.4804
0.22253,2.197,1.885,1.4829
0.22508,2.197,1.8926,1.4855
0.22253,2.1919,1.885,1.4855
0.22508,2.197,1.8799,1.4829
0.22253,2.2046,1.885,1.4778
0.21744,2.1995,1.8926,1.4829
0.22508,2.1893,1.885,1.4906
0.23018,2.197,1.8824,1.4778
0.22253,2.2021,1.8901,1.4778
0.21999,2.1995,1.8926,1.4906
0.22253,2.1919,1.8875,1.4931
0.23273,2.1995,1.8824,1.4855
0.22763,2.2072,1.8875,1.4804
0.22508,2.197,1.8901,1.4855
0.22508,2.1995,1.8901,1.4855
0.22253,2.1944,1.8875,1.4931
0.23273,2.1995,1.8824,1.4804
0.22508,2.2046,1.885,1.4778
0.22508,2.197,1.885,1.4829
0.22508,2.197,1.885,1.4829
0.23018,2.197,1.885,1.4829
0.22508,2.2021,1.885,1.4804
0.21999,2.1944,1.8926,1.4829
0.22508,2.1919,1.885,1.4804
0.23273,2.197,1.8773,1.4829
0.22253,2.2021,1.8824,1.4778
0.21999,2.1944,1.8901,1.4829
0.22763,2.1944,1.885,1.4855
0.23018,2.1944,1.885,1.4804
0.22253,2.2021,1.8824,1.4829
0.21744,2.1919,1.8901,1.4829
0.22508,2.1893,1.8824,1.488
0.22508,2.1919,1.8773,1.4829
0.22253,2.1995,1.8824,1.4804
0.21744,2.1919,1.8875,1.4829
0.22508,2.1842,1.885,1.4804
0.23528,2.1893,1.8748,1.4804
0.22253,2.197,1.8799,1.4778
0.21999,2.1919,1.885,1.4753
0.22508,2.1817,1.8799,1.4778
0.23018,2.1893,1.8722,1.4778
0.22508,2.1944,1.8773,1.4702
0.21744,2.1919,1.8824,1.4753
0.21744,2.1817,1.8824,1.4829
0.23018,2.1791,1.8697,1.4829
0.23018,2.1868,1.8697,1.4676
0.22253,2.1919,1.8773,1.4702
0.21744,2.1791,1.8824,1.4753
0.22253,2.1766,1.8722,1.4804
0.22508,2.1842,1.8748,1.4727
0.22508,2.1842,1.8773,1.4702
0.22508,2.1893,1.8722,1.4753
0.22253,2.1868,1.8799,1.4727
0.22508,2.1791,1.8748,1.4804
0.23018,2.1791,1.8697,1.4753
0.22508,2.1868,1.8722,1.4727
0.22508,2.1944,1.8799,1.4727
0.21744,2.1919,1.885,1.4753
0.22253,2.1842,1.8799,1.488
0.23018,2.1842,1.8799,1.4778
0.22253,2.1919,1.8799,1.4804
0.22763,2.197,1.8799,1.4804
0.21999,2.1944,1.8875,1.4804
0.22253,2.1944,1.8799,1.4855
0.23018,2.1868,1.8773,1.4804
0.23018,2.1995,1.8748,1.4753
0.21999,2.1995,1.8824,1.4753
0.21489,2.1944,1.8875,1.4855
0.22253,2.1893,1.8799,1.4855
0.23018,2.1919,1.8773,1.4753
0.22253,2.1919,1.8824,1.4804
0.21999,2.1919,1.8901,1.4804
0.22508,2.1944,1.8824,1.4804
0.23018,2.1919,1.8824,1.4804
0.22508,2.1919,1.8799,1.4778
0.22253,2.1919,1.8824,1.4778
0.22508,2.1919,1.8799,1.4778
0.22508,2.1893,1.8824,1.4727
0.22508,2.1919,1.8799,1.4778
0.22508,2.1842,1.8773,1.4855
0.23018,2.1893,1.8722,1.4778
0.23018,2.197,1.8748,1.4727
0.21744,2.197,1.885,1.4727
0.21489,2.1868,1.885,1.4829
0.22253,2.1817,1.8722,1.4855
0.23018,2.1919,1.8722,1.4727
0.22253,2.1944,1.8773,1.4727
0.21744,2.1893,1.885,1.4829
0.22508,2.1817,1.8773,1.4804
0.23273,2.1868,1.8722,1.4778
0.22508,2.1944,1.8773,1.4702
0.21999,2.1919,1.885,1.4753
0.21744,2.1791,1.8824,1.4804
0.22253,2.1791,1.8722,1.4804
0.22763,2.1817,1.8697,1.4676
0.22253,2.1842,1.8722,1.4727
0.22253,2.1817,1.8748,1.4804
0.22763,2.1817,1.8671,1.4651
0.22253,2.1868,1.8722,1.4651
0.21744,2.1766,1.8773,1.4778
0.22508,2.174,1.8646,1.4778
0.23018,2.1868,1.8646,1.4651
0.21489,2.1868,1.8773,1.4727
0.21744,2.1715,1.8773,1.4778
0.23018,2.1766,1.8646,1.4702
0.22508,2.1842,1.8671,1.4625
0.21744,2.174,1.8722,1.4702
0.22253,2.1766,1.8697,1.4702
0.23018,2.1766,1.8671,1.4702
0.22253,2.1817,1.8671,1.4676
0.21489,2.174,1.8722,1.4676
0.21744,2.1689,1.8646,1.4702
0.22253,2.1766,1.8621,1.4676
0.21999,2.1715,1.8621,1.46
0.22253,2.174,1.8621,1.4651
0.21999,2.1715,1.8646,1.4651
0.22508,2.1664,1.8621,1.4651
0.22253,2.1715,1.857,1.4651
0.22253,2.1689,1.8621,1.4625
0.22253,2.1715,1.8621,1.4651
0.21999,2.1689,1.8621,1.4625
0.22253,2.1715,1.8595,1.4549
0.21744,2.174,1.8646,1.4625
0.22253,2.1638,1.8621,1.4676
0.22763,2.1689,1.8544,1.4625
0.22253,2.174,1.8595,1.4549
0.21489,2.1689,1.8671,1.4651
0.22508,2.1613,1.8595,1.4702
0.22763,2.1715,1.8519,1.4549
0.21744,2.174,1.8671,1.4549
0.21489,2.1613,1.8621,1.4676
0.23018,2.1613,1.8493,1.46
0.23018,2.1715,1.8519,1.4549
0.22253,2.1664,1.857,1.46
0.21489,2.1638,1.8621,1.4676
0.21999,2.1587,1.8493,1.4651
0.23018,2.1638,1.8519,1.4549
0.21489,2.1715,1.8621,1.4625
0.21999,2.1587,1.8621,1.4651
0.22253,2.1664,1.857,1.46
0.23018,2.1664,1.8493,1.4625
0.22253,2.1715,1.857,1.4625
0.21744,2.1689,1.8646,1.4625
0.22508,2.1613,1.857,1.4702
0.23018,2.1664,1.8493,1.4625
0.23018,2.1715,1.8544,1.4574
0.21744,2.174,1.8621,1.4625
0.21744,2.1613,1.8646,1.4676
0.23018,2.1613,1.8493,1.4676
0.23018,2.1715,1.8519,1.4549
0.22253,2.1664,1.857,1.46
0.21999,2.1664,1.857,1.4676
0.22253,2.1664,1.857,1.46
0.21999,2.1664,1.857,1.4625
0.22253,2.174,1.8595,1.4625
0.22508,2.1715,1.8621,1.4625
0.22253,2.1715,1.8595,1.4625
0.22508,2.174,1.8621,1.4651
0.22253,2.1715,1.8646,1.4651
0.22508,2.174,1.8722,1.4753
0.23018,2.1766,1.8595,1.4676
0.22253,2.1842,1.8671,1.4625
0.22508,2.1766,1.8671,1.4702
0.22253,2.174,1.8697,1.4778
0.23018,2.1791,1.8646,1.4727
0.22508,2.1868,1.8697,1.4676
0.21744,2.1791,1.8773,1.4778
0.22253,2.174,1.8722,1.4778
0.23273,2.1791,1.8646,1.4676
0.22508,2.1868,1.8722,1.4702
0.21744,2.1817,1.8773,1.4753
0.22508,2.1766,1.8748,1.4829
0.23018,2.1817,1.8697,1.4676
0.22253,2.1919,1.8773,1.4676
0.21744,2.1842,1.8824,1.4829
0.22508,2.1791,1.8748,1.4855
0.23018,2.1817,1.8697,1.4778
0.23018,2.1919,1.8722,1.4702
0.22253,2.1868,1.8748,1.4778
0.21744,2.1868,1.885,1.4778
0.22508,2.1893,1.8748,1.4778
0.22508,2.1893,1.8773,1.4804
0.22508,2.1868,1.8773,1.4753
0.22508,2.1893,1.8773,1.4829
0.22508,2.1842,1.8697,1.4727
0.22253,2.1919,1.8748,1.4702
0.21489,2.1868,1.8824,1.4753
0.22253,2.1817,1.8773,1.4829
0.23018,2.1868,1.8773,1.4753
0.22253,2.1868,1.8748,1.4727
0.22508,2.1893,1.8748,1.4753
0.22508,2.1868,1.8748,1.4829
0.23273,2.1893,1.8722,1.4702
0.21744,2.1919,1.8799,1.4753
0.21744,2.1791,1.8799,1.4829
0.23018,2.1791,1.8671,1.4804
0.23273,2.1817,1.8671,1.4676
0.21744,2.1919,1.8722,1.4702
0.21489,2.174,1.8799,1.4804
0.22253,2.1766,1.8722,1.4804
0.22763,2.1893,1.8671,1.4676
0.22253,2.1919,1.8773,1.4676
0.21744,2.1868,1.8824,1.4727
0.22253,2.1766,1.8722,1.4804
0.23018,2.1868,1.8671,1.4753
0.22508,2.1842,1.8722,1.4727
0.22253,2.1817,1.8722,1.4727
0.22508,2.1868,1.8748,1.4753
0.22253,2.1817,1.8671,1.4727
0.22253,2.1817,1.8748,1.4727
0.21489,2.1817,1.8799,1.4753
0.22508,2.1791,1.8722,1.4804
0.23018,2.1817,1.8671,1.4753
0.22253,2.1893,1.8722,1.4651
0.21744,2.1842,1.8799,1.4727
0.22253,2.1766,1.8722,1.4778
0.22508,2.1842,1.8748,1.4753
0.22253,2.1817,1.8671,1.4676
0.21489,2.1919,1.8799,1.4702
0.21744,2.1791,1.8799,1.4829
0.22253,2.1791,1.8773,1.4855
0.23273,2.1868,1.8697,1.4676
0.22253,2.1893,1.8773,1.4727
0.22253,2.1868,1.8773,1.4778
0.21744,2.1817,1.8824,1.4855
0.22253,2.1842,1.8722,1.4855
0.23018,2.1919,1.8722,1.4804
0.22508,2.1995,1.8799,1.4753
0.21744,2.1944,1.8875,1.4804
0.22508,2.1868,1.8824,1.488
0.23273,2.1944,1.8773,1.4727
0.21744,2.1995,1.8901,1.4753
0.21744,2.1919,1.8901,1.4829
0.22508,2.1868,1.885,1.488
0.23273,2.1944,1.8799,1.4855
0.22508,2.2021,1.8901,1.4778
0.21744,2.1893,1.8926,1.4906
0.22508,2.1919,1.8799,1.488
0.23018,2.197,1.8799,1.4829
0.22253,2.1944,1.885,1.4855
0.22508,2.1995,1.8926,1.4829
0.22253,2.1919,1.8875,1.4829
0.22763,2.197,1.8824,1.4829
0.22508,2.2021,1.885,1.4778
0.21744,2.197,1.8926,1.4829
0.22508,2.1919,1.885,1.4829
0.23273,2.197,1.885,1.4855
0.22763,2.2046,1.8926,1.4804
0.21999,2.1919,1.8926,1.4906
0.22508,2.1919,1.8824,1.4931
0.23018,2.2046,1.8799,1.4804
0.21999,2.2021,1.8952,1.4855
0.22508,2.1919,1.8901,1.4931
0.23273,2.2021,1.8824,1.4855
0.22763,2.1995,1.8824,1.4804
0.21999,2.2072,1.8926,1.4855
0.21999,2.1995,1.8952,1.4906
0.23273,2.1944,1.8824,1.4957
0.23018,2.1995,1.8799,1.4829
0.22508,2.2072,1.885,1.4804
0.22508,2.1995,1.8926,1.4855
0.22253,2.197,1.8875,1.4931
0.22508,2.1944,1.885,1.4855
0.23273,2.1919,1.8824,1.4804
0.22253,2.1944,1.8824,1.4829
0.21999,2.1919,1.8901,1.488
0.22253,2.1868,1.8824,1.4855
0.23273,2.1919,1.8773,1.4778
0.21999,2.2021,1.8875,1.4753
0.21999,2.1868,1.8901,1.4855
0.23018,2.1868,1.8773,1.4829
0.23273,2.197,1.8773,1.4727
0.21744,2.1919,1.8875,1.4804
0.22508,2.1842,1.8799,1.4855
0.23018,2.1893,1.8722,1.4804
0.22253,2.1919,1.8824,1.4727
0.22508,2.197,1.8875,1.4727
0.21744,2.1842,1.885,1.4855
0.23018,2.1868,1.8748,1.4855
0.23273,2.1893,1.8722,1.4727
0.21744,2.1944,1.8824,1.4727
0.21744,2.1817,1.885,1.4855
0.23018,2.1868,1.8722,1.4753
0.22508,2.1919,1.8722,1.4702
0.21744,2.1842,1.8773,1.4727
0.22508,2.174,1.8722,1.4727
0.23018,2.1791,1.8722,1.4727
0.22253,2.1791,1.8799,1.4727
0.22508,2.1715,1.8722,1.4778
0.23018,2.1791,1.8646,1.4727
0.22508,2.1842,1.8697,1.4651
0.21999,2.1791,1.8799,1.4702
0.22508,2.1766,1.8722,1.4778
0.23018,2.1817,1.8646,1.4702
0.22253,2.1791,1.8722,1.4727
0.22763,2.1817,1.8722,1.4727
0.22508,2.1817,1.8722,1.4727
0.22508,2.1893,1.8748,1.4676
0.21744,2.1791,1.8799,1.4829
0.22253,2.1766,1.8722,1.4804
0.23273,2.1842,1.8722,1.4753
0.22253,2.1817,1.8722,1.4727
0.21999,2.1842,1.8748,1.4753
0.22508,2.1842,1.8748,1.4778
0.22763,2.1893,1.8722,1.4651
0.21744,2.1817,1.8799,1.4829
0.22253,2.1791,1.8722,1.4804
0.23018,2.1817,1.8697,1.4727
0.22253,2.1868,1.8722,1.4727
0.22253,2.1817,1.8748,1.4804
0.23273,2.1842,1.8697,1.4753
0.22508,2.1868,1.8748,1.4702
0.22508,2.1842,1.8799,1.4753
0.22508,2.1766,1.8773,1.4753
0.22508,2.1868,1.8773,1.4778
0.22508,2.197,1.8722,1.4778
0.22763,2.1893,1.8799,1.4753
0.22508,2.1868,1.8799,1.4778
0.22508,2.197,1.8773,1.4727
0.21999,2.1893,1.8875,1.4778
0.22508,2.1893,1.8875,1.4855
0.23018,2.1842,1.8722,1.4804
0.23528,2.1995,1.8748,1.4727
0.21744,2.1919,1.8875,1.4804
0.22253,2.1842,1.8824,1.4855
0.23018,2.1893,1.8748,1.4804
0.22253,2.1944,1.8773,1.4702
0.21999,2.1868,1.8824,1.4778
0.22508,2.1791,1.8748,1.4829
0.23018,2.1842,1.8671,1.4753
0.22253,2.1842,1.8722,1.4727
0.21999,2.1817,1.8722,1.4727
0.22508,2.1715,1.8697,1.4727
0.23273,2.1817,1.8621,1.4727
0.22508,2.1791,1.8671,1.4651
0.22508,2.1868,1.8646,1.4702
0.22253,2.174,1.8671,1.4702
0.22253,2.1715,1.8697,1.4676
0.23018,2.1766,1.8621,1.4676
0.23018,2.1817,1.8595,1.4625
0.21489,2.1791,1.8671,1.4676
0.21744,2.174,1.8722,1.4651
0.22253,2.1689,1.8671,1.4727
0.23273,2.1715,1.857,1.4651
0.23018,2.1791,1.857,1.46
0.21744,2.1791,1.8722,1.46
0.21744,2.1715,1.8722,1.4651
0.22253,2.1689,1.8621,1.4702
0.23018,2.1638,1.8544,1.4651
0.23018,2.1766,1.857,1.4574
0.21489,2.174,1.8671,1.4625
0.22253,2.1689,1.8621,1.4702
0.22253,2.1689,1.8621,1.4651
0.22253,2.1766,1.8621,1.46
0.21744,2.1689,1.8671,1.4651
0.22253,2.1638,1.8621,1.4702
0.23018,2.1766,1.857,1.46
0.21489,2.1766,1.8697,1.46
0.21489,2.1638,1.8671,1.4702
0.23018,2.1689,1.857,1.4727
0.22763,2.1791,1.8595,1.46
0.22253,2.1817,1.8671,1.4625
0.21489,2.174,1.8722,1.4753
0.22253,2.1689,1.8646,1.4727
0.23018,2.1766,1.8621,1.4676
0.22253,2.1817,1.8671,1.4625
0.22508,2.174,1.8671,1.4651
0.22253,2.1766,1.8646,1.4727
0.22253,2.1766,1.8697,1.4676
0.22253,2.174,1.8646,1.4625
0.22508,2.174,1.8671,1.4676
0.22253,2.174,1.8646,1.4651
0.22253,2.1715,1.8646,1.4727
0.23018,2.1791,1.8621,1.4625
0.21999,2.1791,1.8697,1.46
0.21999,2.1664,1.8697,1.4702
0.23018,2.1664,1.857,1.4651
0.22763,2.1791,1.857,1.46
0.21744,2.1766,1.8621,1.4574
0.21489,2.1715,1.8671,1.4625
0.22253,2.1638,1.8595,1.4625
0.23018,2.1689,1.8519,1.4651
0.22253,2.174,1.8621,1.46
0.21744,2.1715,1.8646,1.4651
0.21489,2.1638,1.857,1.4702
