3.4293,0.41757,7.5896,1.8246
3.4242,0.42522,7.5947,1.8195
3.4191,0.40738,7.6023,1.8323
3.4319,0.40993,7.5921,1.8246
3.4344,0.42522,7.5972,1.8195
3.4217,0.41757,7.6023,1.8246
3.4268,0.41247,7.5998,1.8246
3.437,0.41757,7.5947,1.8246
3.4293,0.42012,7.6023,1.8221
3.4293,0.41757,7.6023,1.8323
3.437,0.41757,7.5972,1.8246
3.4319,0.42267,7.6023,1.8195
3.4268,0.41502,7.6125,1.8272
3.4319,0.41247,7.6074,1.8323
3.4395,0.41757,7.5998,1.8246
3.4268,0.42267,7.6125,1.8195
3.4268,0.40993,7.6125,1.8323
3.4421,0.41757,7.6023,1.8272
3.4344,0.42267,7.6151,1.8195
3.4293,0.41247,7.6151,1.8323
3.4446,0.40993,7.6049,1.8272
3.4472,0.42522,7.6049,1.8195
3.4293,0.41757,7.6176,1.8272
3.437,0.40738,7.6125,1.8272
3.4446,0.41757,7.6049,1.8272
3.4395,0.42267,7.6202,1.8221
3.4319,0.41247,7.6125,1.8323
3.4446,0.41502,7.6125,1.8272
3.437,0.41502,7.6125,1.8272
3.437,0.40993,7.61,1.8323
3.4446,0.41757,7.6074,1.8195
3.4344,0.42267,7.61,1.8221
3.4268,0.41247,7.6151,1.8323
3.4395,0.40993,7.5998,1.8323
3.4395,0.42522,7.6023,1.8195
3.4268,0.41757,7.6125,1.8272
3.4319,0.40993,7.6049,1.8323
3.437,0.41757,7.5998,1.8246
3.4319,0.42267,7.6049,1.817
3.4268,0.41502,7.6125,1.8246
3.4319,0.40993,7.6023,1.8323
3.437,0.41757,7.5972,1.8246
3.4293,0.41757,7.6023,1.8195
3.4293,0.41502,7.6023,1.8221
3.4319,0.41757,7.5998,1.8246
3.4293,0.41502,7.6023,1.8221
3.4319,0.41757,7.5998,1.8246
3.4293,0.41757,7.5998,1.8221
3.4268,0.41502,7.5972,1.8246
3.4268,0.41757,7.5972,1.8246
3.4242,0.41757,7.5921,1.8195
3.4242,0.41757,7.5921,1.8221
3.4242,0.40993,7.5921,1.8221
3.4293,0.41757,7.5845,1.8246
3.4217,0.42267,7.587,1.8221
3.4191,0.41757,7.587,1.8221
3.4191,0.41757,7.5845,1.8195
3.4191,0.42267,7.5819,1.8144
3.4115,0.41757,7.587,1.8297
3.414,0.41247,7.5819,1.8272
3.4217,0.42267,7.5768,1.817
3.4089,0.42012,7.5845,1.8221
3.4115,0.41247,7.5768,1.8272
3.4166,0.41502,7.5692,1.8195
3.4115,0.42267,7.5717,1.8144
3.4064,0.41757,7.5768,1.8246
3.414,0.40993,7.5666,1.8246
3.414,0.42267,7.5615,1.8144
3.4013,0.42267,7.5743,1.8195
3.4064,0.40738,7.5666,1.8246
3.4115,0.41502,7.559,1.8119
3.3987,0.42012,7.5717,1.8144
3.3987,0.40993,7.5692,1.8221
3.4064,0.40738,7.559,1.8195
3.4013,0.42267,7.5615,1.8119
3.3962,0.41502,7.5692,1.817
3.4013,0.40738,7.559,1.817
3.3987,0.41502,7.5513,1.817
3.3987,0.41757,7.5564,1.8195
3.4013,0.40738,7.5564,1.8221
3.4064,0.41502,7.5488,1.8093
3.3936,0.42267,7.5615,1.8144
3.3962,0.40993,7.5539,1.8195
3.4038,0.42267,7.5462,1.8093
3.3911,0.42012,7.5564,1.817
3.3962,0.41247,7.5513,1.8195
3.4013,0.42012,7.5462,1.8093
3.3911,0.41502,7.559,1.8144
3.3962,0.40993,7.5539,1.817
3.3987,0.41502,7.5539,1.817
3.3987,0.41502,7.5564,1.817
3.3987,0.40993,7.5564,1.8221
3.4089,0.42012,7.5539,1.8093
3.3987,0.41502,7.5692,1.817
3.4064,0.40993,7.5641,1.817
3.4064,0.41757,7.5666,1.8144
3.3987,0.41757,7.5743,1.8195
3.4089,0.40993,7.5717,1.8272
3.4166,0.42267,7.5717,1.8119
3.4038,0.41757,7.5819,1.8195
3.4115,0.40993,7.5768,1.8221
3.414,0.41757,7.5794,1.8195
3.4166,0.41502,7.5768,1.8195
3.414,0.40993,7.5819,1.8272
3.4242,0.41757,7.5794,1.8246
3.4217,0.42012,7.587,1.817
3.4166,0.41757,7.5972,1.8272
3.4268,0.40993,7.5921,1.8297
3.4319,0.41757,7.5921,1.8221
3.4242,0.42012,7.6023,1.817
3.4293,0.41247,7.5972,1.8297
3.437,0.41757,7.6023,1.8246
3.4293,0.42267,7.6023,1.8246
3.4319,0.41757,7.6074,1.8323
3.4395,0.41757,7.6023,1.8246
3.437,0.41757,7.6074,1.8246
3.437,0.41247,7.61,1.8323
3.4446,0.42267,7.6023,1.8195
3.437,0.42267,7.6202,1.8272
3.4395,0.41757,7.6125,1.8348
3.437,0.41757,7.61,1.8272
3.437,0.41757,7.6151,1.8272
3.4421,0.41247,7.6125,1.8323
3.4472,0.42267,7.61,1.8272
3.4395,0.41757,7.6176,1.8246
3.4395,0.40993,7.6202,1.8297
3.4395,0.41757,7.6176,1.8221
3.4344,0.41757,7.6278,1.8272
3.4472,0.41247,7.6125,1.8348
3.4497,0.41757,7.6227,1.8221
3.437,0.41757,7.6278,1.8272
3.4421,0.41247,7.6202,1.8297
3.4497,0.42522,7.6151,1.8221
3.437,0.42267,7.6202,1.8272
3.4446,0.40993,7.6202,1.8374
3.4472,0.41757,7.6151,1.8221
3.4421,0.42522,7.6278,1.8221
3.4446,0.41247,7.6202,1.8272
3.4497,0.41757,7.6151,1.8297
3.4421,0.41757,7.6227,1.8297
3.4446,0.41757,7.6202,1.8348
3.4472,0.41757,7.6151,1.8246
3.4421,0.42522,7.6227,1.8221
3.437,0.41757,7.6303,1.8297
3.4472,0.41502,7.6227,1.8323
3.4472,0.42522,7.6227,1.8221
3.4395,0.41757,7.6354,1.8323
3.4574,0.41757,7.6227,1.8297
3.4523,0.42267,7.6329,1.8323
3.4523,0.40993,7.6329,1.8374
3.4574,0.41757,7.6329,1.8272
3.4472,0.41757,7.6431,1.8323
3.4548,0.41247,7.6405,1.8399
3.465,0.42267,7.6354,1.8272
3.4523,0.41757,7.6533,1.8323
3.4599,0.41757,7.6456,1.8323
3.4625,0.42012,7.6507,1.8272
3.4548,0.41757,7.6558,1.8323
3.465,0.41757,7.6482,1.8323
3.465,0.42522,7.6533,1.8297
3.4599,0.41247,7.6609,1.8425
3.4727,0.41757,7.6482,1.8348
3.465,0.41757,7.6584,1.8348
3.4676,0.41247,7.6558,1.8425
3.4727,0.41757,7.6584,1.8348
3.4701,0.41757,7.666,1.8348
3.4701,0.40993,7.6635,1.8399
3.4778,0.42267,7.6533,1.8297
3.4625,0.41757,7.6686,1.8374
3.4727,0.41757,7.6609,1.8374
3.4727,0.42267,7.6635,1.8297
3.4676,0.41757,7.6686,1.8348
3.4727,0.41757,7.6635,1.8348
3.4727,0.42267,7.6635,1.8297
3.465,0.40993,7.6686,1.8425
3.4778,0.41247,7.6584,1.8425
3.4727,0.42522,7.6635,1.8323
3.465,0.41757,7.6686,1.8348
3.4727,0.41757,7.6635,1.8374
3.4727,0.42267,7.6635,1.8297
3.465,0.41247,7.6686,1.8425
3.4752,0.41247,7.6558,1.8348
3.4701,0.42267,7.6635,1.8272
3.4676,0.41757,7.6584,1.8374
3.465,0.41757,7.6558,1.8374
3.4676,0.42522,7.6533,1.8272
3.4574,0.41757,7.6558,1.8374
3.465,0.41757,7.6533,1.8348
3.465,0.42267,7.6482,1.8297
3.4548,0.41757,7.6558,1.8348
3.4625,0.41247,7.6507,1.8399
3.4676,0.42267,7.6431,1.8272
3.4523,0.42012,7.6507,1.8323
3.4574,0.41247,7.6431,1.8399
3.4625,0.41757,7.638,1.8323
3.4548,0.41757,7.6431,1.8323
3.4548,0.41757,7.6431,1.8399
3.4574,0.41247,7.6329,1.8297
3.4523,0.42267,7.6329,1.8246
3.4446,0.42012,7.638,1.8297
3.4472,0.41502,7.6303,1.8297
3.4446,0.41757,7.6303,1.8221
3.437,0.41757,7.6303,1.8297
3.4421,0.40993,7.6252,1.8348
3.4421,0.41757,7.6227,1.8297
3.4395,0.41757,7.6202,1.8272
3.4395,0.41247,7.6176,1.8348
3.4446,0.41757,7.6125,1.8221
3.437,0.42267,7.6176,1.8221
3.4319,0.40993,7.6176,1.8323
3.4421,0.41757,7.61,1.8272
3.4344,0.41757,7.6151,1.8297
3.437,0.41247,7.6125,1.8348
3.4421,0.41757,7.6074,1.8297
3.4293,0.42267,7.6151,1.8221
3.4293,0.40993,7.6202,1.8323
3.4344,0.40993,7.6074,1.8348
3.4395,0.42522,7.61,1.8221
3.4293,0.41757,7.6227,1.8246
3.4344,0.41247,7.6151,1.8272
3.437,0.41757,7.6125,1.8323
3.437,0.41757,7.6125,1.8246
3.437,0.40993,7.6151,1.8348
3.4421,0.41757,7.6074,1.8297
3.4293,0.42267,7.6227,1.8221
3.4319,0.41247,7.6252,1.8348
3.4472,0.41757,7.61,1.8297
3.4395,0.42012,7.6202,1.8272
3.4319,0.41757,7.6202,1.8297
3.4395,0.41757,7.6252,1.8323
3.4421,0.42522,7.6252,1.8221
3.437,0.41757,7.6354,1.8374
3.4472,0.41757,7.6303,1.8323
3.4421,0.41757,7.6405,1.8297
3.4548,0.40993,7.6278,1.8297
3.4472,0.42522,7.6354,1.8323
3.4472,0.41757,7.6329,1.8323
3.4472,0.41757,7.6354,1.8323
3.4497,0.41757,7.6354,1.8246
3.4421,0.41757,7.6431,1.8297
3.4472,0.41247,7.6354,1.8323
3.4497,0.41757,7.6354,1.8323
3.4472,0.41757,7.6354,1.8323
3.4574,0.41247,7.6354,1.8323
3.4497,0.41757,7.638,1.8246
3.4446,0.41757,7.6431,1.8323
3.4523,0.40993,7.6405,1.8323
3.4523,0.41757,7.6354,1.8323
3.4523,0.41757,7.638,1.8323
3.4523,0.41757,7.638,1.8323
3.4472,0.41757,7.638,1.8323
3.4497,0.41757,7.6329,1.8246
3.4421,0.41757,7.6405,1.8374
3.4472,0.41247,7.6252,1.8348
3.4548,0.41757,7.6329,1.8246
3.4472,0.41757,7.6303,1.8297
3.4446,0.41247,7.6303,1.8374
3.4523,0.41757,7.6227,1.8221
3.4446,0.42267,7.6329,1.8221
3.4344,0.41247,7.6329,1.8374
3.4421,0.41247,7.6176,1.8297
3.4395,0.42267,7.6202,1.8221
3.4344,0.41757,7.6227,1.8348
3.4421,0.40993,7.6151,1.8348
3.4421,0.42267,7.6074,1.8195
3.4319,0.42267,7.6176,1.8297
3.4268,0.40993,7.61,1.8323
3.437,0.41757,7.6023,1.8246
3.4319,0.42522,7.6074,1.8246
3.4268,0.41757,7.6125,1.8323
3.437,0.40738,7.5972,1.8246
3.4293,0.42522,7.6023,1.8195
3.4217,0.41502,7.61,1.8221
3.4268,0.41757,7.6023,1.8246
3.4268,0.42012,7.6023,1.8195
3.4217,0.41757,7.6074,1.8323
3.4319,0.41247,7.5947,1.8221
3.4293,0.42012,7.6023,1.8195
3.4268,0.41757,7.6074,1.8221
3.4268,0.41502,7.5998,1.8246
3.4217,0.42522,7.5998,1.8195
3.4217,0.40738,7.6049,1.8323
3.4344,0.40993,7.5947,1.8221
3.4268,0.42522,7.5998,1.8195
3.4268,0.41757,7.6074,1.8221
3.4268,0.40993,7.5998,1.8246
3.437,0.41757,7.6023,1.8246
3.4293,0.41757,7.6023,1.8221
3.4293,0.40993,7.6023,1.8323
3.437,0.41502,7.6023,1.8272
3.4242,0.42012,7.61,1.8195
3.4242,0.40738,7.6125,1.8348
3.4395,0.41502,7.5998,1.8246
3.4319,0.42522,7.6074,1.8246
3.4319,0.41757,7.61,1.8323
3.437,0.41757,7.6023,1.8246
3.4344,0.42522,7.6151,1.8195
3.4293,0.41247,7.6151,1.8323
3.4395,0.41757,7.6023,1.8272
3.437,0.42522,7.6125,1.8272
3.4319,0.41502,7.6202,1.8272
3.437,0.40993,7.6125,1.8348
3.4446,0.42267,7.61,1.8195
3.4319,0.41757,7.6227,1.8297
3.4395,0.41757,7.6176,1.8272
3.437,0.42267,7.6151,1.8195
3.4344,0.41247,7.6227,1.8323
3.4446,0.41757,7.61,1.8297
3.4395,0.42522,7.6176,1.8195
3.4395,0.41757,7.6151,1.8272
3.437,0.41757,7.6151,1.8272
3.437,0.42267,7.6151,1.8195
3.4319,0.41757,7.6227,1.8323
3.4472,0.41247,7.61,1.8246
3.437,0.42267,7.6176,1.8221
3.4319,0.41502,7.6176,1.8272
3.4395,0.41247,7.6125,1.8323
3.4446,0.42267,7.6125,1.8221
3.4344,0.41757,7.6252,1.8272
3.4421,0.41247,7.6202,1.8348
3.4395,0.41757,7.6151,1.8297
3.4344,0.41757,7.6278,1.8323
3.437,0.41247,7.6125,1.8348
3.4472,0.42522,7.6151,1.8221
3.4344,0.41757,7.6278,1.8374
3.4472,0.40993,7.6151,1.8297
3.4395,0.42522,7.6227,1.8246
3.4421,0.41502,7.6227,1.8323
3.4472,0.41757,7.6202,1.8323
3.4344,0.42522,7.6303,1.8297
3.4421,0.41757,7.6252,1.8297
3.4421,0.42522,7.6227,1.8246
3.437,0.41247,7.6303,1.8348
3.4472,0.41757,7.6176,1.8323
3.4421,0.41757,7.6227,1.8297
3.4395,0.41502,7.6227,1.8348
3.4472,0.42267,7.6176,1.8246
3.4344,0.42522,7.6278,1.8221
3.4395,0.41247,7.6227,1.8348
3.4421,0.41502,7.6151,1.8297
3.4319,0.42267,7.6227,1.8246
3.4319,0.40993,7.6278,1.8348
3.4395,0.41757,7.6125,1.8297
3.4344,0.41757,7.6176,1.8272
3.4344,0.41502,7.6176,1.8348
3.4421,0.41757,7.61,1.8221
3.4268,0.42267,7.6227,1.8195
3.4268,0.41247,7.6227,1.8348
3.437,0.41757,7.6074,1.8272
3.4319,0.42267,7.6125,1.8195
3.4217,0.40993,7.6176,1.8323
3.4344,0.41757,7.6023,1.8272
3.4242,0.41757,7.6074,1.8246
3.4268,0.40738,7.6049,1.8323
3.4293,0.42267,7.5998,1.8195
3.414,0.42267,7.61,1.8221
3.4191,0.41247,7.5998,1.8297
3.4166,0.41757,7.5896,1.8272
3.4166,0.41502,7.5947,1.8221
3.4166,0.41247,7.5921,1.8297
3.4191,0.41757,7.5819,1.8195
3.4166,0.42267,7.5947,1.817
3.4115,0.41247,7.587,1.8297
3.414,0.41502,7.5794,1.8144
3.4013,0.42012,7.587,1.8221
3.4064,0.40738,7.5819,1.8221
3.4166,0.41502,7.5819,1.8221
3.4064,0.42012,7.5794,1.8144
3.3987,0.41247,7.5845,1.8297
3.4115,0.41502,7.5717,1.8221
3.4064,0.42267,7.5768,1.8195
3.4013,0.41502,7.5819,1.8195
3.4089,0.40993,7.5768,1.8272
3.4115,0.41757,7.5768,1.8195
3.4038,0.42012,7.5743,1.8195
3.4064,0.41502,7.5768,1.8272
3.4115,0.41757,7.5692,1.8144
3.4038,0.42267,7.5743,1.817
3.3962,0.41502,7.5794,1.8272
3.4089,0.40993,7.5666,1.8221
3.4115,0.42012,7.5717,1.8144
3.3962,0.41502,7.5794,1.8195
3.4038,0.40738,7.5717,1.8272
3.4089,0.41502,7.5717,1.8195
3.4013,0.41502,7.5717,1.8195
3.4013,0.40993,7.5692,1.8272
3.4064,0.42522,7.5666,1.8144
3.3962,0.41502,7.5743,1.8195
3.4013,0.41757,7.5717,1.8195
3.4013,0.41502,7.5692,1.8119
3.3962,0.41502,7.5794,1.8221
3.4089,0.40993,7.5641,1.8272
3.4038,0.42267,7.5717,1.8144
3.3962,0.41502,7.5794,1.8195
3.4064,0.41757,7.5743,1.8221
3.4038,0.41757,7.5768,1.8144
3.3987,0.41502,7.5819,1.8272
3.4038,0.40993,7.5743,1.8195
3.4064,0.41502,7.5768,1.8144
3.4013,0.41502,7.587,1.8221
3.4166,0.41247,7.5819,1.8246
3.4115,0.41757,7.5819,1.817
3.4115,0.41502,7.5845,1.8246
3.414,0.40738,7.5845,1.8297
3.4191,0.41757,7.5819,1.8221
3.414,0.42267,7.5896,1.817
3.4089,0.40993,7.5998,1.8221
3.4268,0.40993,7.587,1.8297
3.4268,0.41757,7.5896,1.8195
3.4191,0.42267,7.6049,1.8195
3.4166,0.40993,7.6049,1.8323
3.4242,0.41502,7.6023,1.8246
3.4319,0.41757,7.6049,1.8246
3.4242,0.41757,7.6074,1.8246
3.4268,0.41757,7.6049,1.8323
3.4344,0.41757,7.6023,1.8272
3.4293,0.42267,7.6074,1.8195
3.4217,0.41502,7.6176,1.8323
3.4268,0.40993,7.6023,1.8348
3.437,0.42522,7.6023,1.8221
3.4242,0.41757,7.6176,1.8272
3.4319,0.41247,7.61,1.8272
3.4319,0.41757,7.6023,1.8246
3.4293,0.41502,7.61,1.8246
3.4242,0.41757,7.6125,1.8272
3.4268,0.41757,7.61,1.8272
3.4319,0.42267,7.61,1.8195
3.4242,0.41757,7.6176,1.8246
3.437,0.41247,7.6074,1.8323
3.4319,0.42267,7.6125,1.8246
3.4268,0.41757,7.6151,1.8272
3.437,0.41757,7.6151,1.8297
3.4421,0.41757,7.6176,1.8297
3.4395,0.41502,7.6227,1.8272
3.437,0.41757,7.6227,1.8348
3.4421,0.41757,7.6278,1.8297
3.4446,0.41757,7.6278,1.8246
3.4421,0.42267,7.638,1.8323
3.4497,0.40993,7.6354,1.8374
3.4574,0.41502,7.6329,1.8323
3.4523,0.42267,7.6354,1.8246
3.4472,0.41757,7.6482,1.8323
3.4548,0.41757,7.6431,1.8348
3.4574,0.41757,7.6431,1.8348
3.4574,0.41757,7.6456,1.8323
3.4676,0.41247,7.6482,1.8399
3.4676,0.41757,7.6482,1.8323
3.4625,0.42522,7.6456,1.8323
3.4625,0.41757,7.6533,1.8399
3.4676,0.41502,7.6507,1.8348
3.4625,0.41757,7.6507,1.8272
3.4625,0.41757,7.6584,1.8374
3.4676,0.41502,7.6533,1.8425
3.4727,0.41757,7.6507,1.8323
3.4599,0.42267,7.6609,1.8297
3.4574,0.41247,7.6635,1.8399
3.4727,0.41247,7.6558,1.8374
3.4676,0.41757,7.6533,1.8348
3.465,0.41757,7.6558,1.8323
3.4676,0.41757,7.6533,1.8425
3.4727,0.41247,7.6482,1.8348
3.4727,0.42522,7.6533,1.8272
3.4574,0.42012,7.6584,1.8348
3.4676,0.41247,7.6507,1.8399
3.4701,0.41757,7.6431,1.8272
3.4625,0.42522,7.6584,1.8297
3.4574,0.40993,7.6558,1.8399
3.4676,0.42012,7.6405,1.8348
3.4599,0.42522,7.6482,1.8272
3.4574,0.41757,7.6456,1.8323
3.465,0.41757,7.638,1.8348
3.4574,0.42012,7.6456,1.8323
3.4548,0.41757,7.6456,1.8399
3.4625,0.41757,7.6405,1.8323
3.4548,0.41757,7.6405,1.8297
3.4523,0.41757,7.6405,1.8399
3.4574,0.41757,7.6329,1.8323
3.4523,0.42522,7.6354,1.8323
3.4497,0.41757,7.638,1.8323
3.4523,0.41757,7.638,1.8323
3.4497,0.42522,7.6329,1.8246
3.4421,0.41757,7.6431,1.8374
3.4548,0.41247,7.6252,1.8348
3.4548,0.42267,7.6252,1.8246
3.437,0.41757,7.6354,1.8272
3.4472,0.40738,7.6278,1.8297
3.4421,0.41757,7.6252,1.8221
3.437,0.41757,7.6329,1.8297
3.4446,0.40993,7.6227,1.8272
3.4472,0.41502,7.6227,1.8272
3.437,0.41757,7.6176,1.8272
3.437,0.41247,7.6151,1.8348
3.4421,0.42012,7.6151,1.8297
3.4344,0.41757,7.6151,1.8272
3.4319,0.41247,7.6125,1.8323
3.4344,0.41757,7.6125,1.8246
3.4344,0.41757,7.61,1.8272
3.4293,0.41247,7.6074,1.8323
3.4344,0.41502,7.5998,1.8221
3.4319,0.41757,7.6049,1.8246
