0.4647,1.9828,4.9437,1.6563
0.4545,1.9879,4.9514,1.6563
0.45705,1.9777,4.9616,1.6691
0.4698,1.9777,4.9437,1.6716
0.4698,1.9905,4.9488,1.6589
0.45705,1.9905,4.9616,1.6614
0.45705,1.9803,4.9616,1.6716
0.4698,1.9828,4.9539,1.6742
0.4698,1.993,4.9514,1.6589
0.4647,1.993,4.9667,1.6589
0.4596,1.9854,4.9667,1.6716
0.4647,1.9803,4.9539,1.6716
0.4698,1.9854,4.9488,1.6589
0.4647,1.9905,4.9539,1.6589
0.4596,1.9854,4.9616,1.664
0.46215,1.9803,4.9539,1.6691
0.4698,1.9828,4.9463,1.6665
0.46215,1.993,4.9514,1.6563
0.4545,1.9828,4.9616,1.6665
0.46215,1.9777,4.9565,1.6716
0.46725,1.9854,4.9488,1.664
0.46215,1.9905,4.9539,1.6589
0.4545,1.9854,4.9616,1.6716
0.4596,1.9803,4.9539,1.6691
0.4698,1.9854,4.9437,1.6589
0.45705,1.9905,4.9565,1.6563
0.45705,1.9777,4.959,1.6691
0.4698,1.9752,4.9463,1.6716
0.46725,1.9879,4.9463,1.6589
0.45705,1.9905,4.9565,1.6665
0.45705,1.9777,4.959,1.6691
0.46725,1.9854,4.9437,1.664
0.4596,1.9879,4.9514,1.6563
0.45705,1.9854,4.9565,1.6665
0.46215,1.9752,4.9514,1.6716
0.46725,1.9879,4.9463,1.6589
0.45705,1.9879,4.959,1.6589
0.45705,1.9777,4.9565,1.6716
0.4698,1.9854,4.9437,1.664
0.46215,1.9879,4.9514,1.6563
0.4545,1.9828,4.9565,1.6614
0.4698,1.9777,4.9514,1.6716
0.4698,1.9905,4.9463,1.6563
0.46215,1.9879,4.9514,1.6589
0.4545,1.9854,4.9565,1.6665
0.4596,1.9828,4.9514,1.664
0.4596,1.9854,4.9565,1.6691
0.46215,1.9828,4.9565,1.664
0.4596,1.9854,4.9616,1.6742
0.4698,1.993,4.959,1.6614
0.46725,1.9981,4.9769,1.6614
0.45705,1.9854,4.9692,1.6767
0.4698,1.9905,4.9667,1.6716
0.4647,1.9905,4.9769,1.6716
0.46725,1.993,4.9743,1.6767
0.4749,1.9905,4.9718,1.6716
0.46725,1.9981,4.9769,1.6665
0.4596,1.993,4.982,1.6716
0.4647,1.9854,4.9718,1.6716
0.46725,1.9905,4.9692,1.6716
0.4647,1.9956,4.9718,1.664
0.4596,1.9905,4.9743,1.6767
0.4647,1.9828,4.9667,1.6691
0.4698,1.9879,4.959,1.6691
0.46725,1.9956,4.9616,1.6614
0.45705,1.9879,4.9718,1.6742
0.4698,1.9828,4.9565,1.6691
0.46725,1.993,4.9539,1.6589
0.46215,1.9854,4.959,1.6665
0.4596,1.9854,4.9539,1.6691
0.4596,1.9828,4.9514,1.6665
0.46215,1.9828,4.9514,1.6563
0.46215,1.9828,4.9437,1.6614
0.4545,1.9803,4.9514,1.664
0.46215,1.9752,4.9412,1.6691
0.46725,1.9879,4.9335,1.6538
0.45705,1.9854,4.9386,1.6614
0.4545,1.9803,4.9437,1.6589
0.4596,1.9752,4.9412,1.6589
0.4647,1.9777,4.931,1.6589
0.4596,1.9854,4.9361,1.6589
0.45195,1.9777,4.9412,1.6589
0.4596,1.9726,4.9361,1.664
0.4647,1.9777,4.9284,1.6589
0.45705,1.9828,4.931,1.6538
0.45195,1.9828,4.9386,1.6563
0.45195,1.9701,4.9361,1.664
0.4647,1.9701,4.9234,1.6563
0.46215,1.9777,4.9208,1.6512
0.45195,1.9828,4.9335,1.6563
0.45195,1.9675,4.931,1.664
0.46215,1.9675,4.9183,1.6563
0.46215,1.9803,4.9208,1.6487
0.45195,1.9752,4.931,1.6589
0.45705,1.9701,4.9259,1.6563
0.4596,1.9752,4.9259,1.6563
0.45705,1.9777,4.9259,1.6563
0.45705,1.9675,4.9208,1.664
0.4647,1.9777,4.9284,1.6538
0.4545,1.9854,4.9361,1.6538
0.4545,1.9777,4.9412,1.6589
0.4596,1.9777,4.9386,1.6563
0.4596,1.9854,4.9412,1.6563
0.4545,1.9803,4.9488,1.6691
0.4596,1.9752,4.9437,1.6691
0.46725,1.9828,4.9488,1.6614
0.4596,1.9828,4.9463,1.664
0.4596,1.9828,4.9437,1.6691
0.46725,1.9828,4.9412,1.664
0.4596,1.9905,4.9488,1.6563
0.45705,1.9828,4.9565,1.6716
0.4596,1.9777,4.9463,1.6665
0.4596,1.9905,4.959,1.6589
0.46215,1.9854,4.9641,1.6691
0.4647,1.9879,4.9616,1.6665
0.4647,1.9905,4.9641,1.6614
0.4596,1.9905,4.9743,1.6691
0.47235,1.9854,4.9641,1.6767
0.47235,1.9981,4.9667,1.664
0.45705,1.9905,4.9769,1.6691
0.46725,1.9879,4.9718,1.6767
0.4698,1.993,4.9692,1.6691
0.46725,1.9956,4.9769,1.6716
0.4596,1.993,4.982,1.6691
0.46725,1.9879,4.9769,1.6716
0.46725,1.9956,4.9769,1.6665
0.4596,1.993,4.9845,1.6793
0.46725,1.9879,4.9718,1.6767
0.4698,1.9981,4.9718,1.6665
0.46215,1.9981,4.9845,1.6742
0.4647,1.9879,4.9769,1.6767
0.47235,1.9956,4.9718,1.6716
0.46725,2.0007,4.9769,1.6665
0.46215,1.9854,4.9845,1.6767
0.46725,1.9879,4.9794,1.6793
0.4749,1.9956,4.9718,1.6716
0.46725,2.0007,4.9794,1.6691
0.46725,1.9956,4.9769,1.6716
0.46725,1.9981,4.9794,1.6716
0.46725,1.9956,4.982,1.6665
0.46725,1.9956,4.9896,1.6691
0.46725,1.9879,4.982,1.6767
0.4749,1.9956,4.9769,1.6742
0.46725,2.0032,4.9845,1.6716
0.4698,1.9981,4.9871,1.6793
0.4749,1.9981,4.982,1.6742
0.4698,2.0058,4.9896,1.6691
0.4647,1.9905,4.9973,1.6793
0.4749,1.993,4.9845,1.6742
0.4698,2.0083,4.9922,1.6691
0.46215,1.9981,4.9973,1.6742
0.4698,2.0007,4.9896,1.6716
0.4698,2.0058,4.9896,1.6691
0.4647,1.9981,4.9973,1.6818
0.4749,1.9956,4.982,1.6767
0.46725,2.0058,4.9922,1.6691
0.4698,2.0007,4.9922,1.6742
0.47745,1.9981,4.9871,1.6793
0.4698,2.0058,4.9947,1.6691
0.4698,2.0007,4.9947,1.6818
0.4749,2.0032,4.9896,1.6767
0.4698,2.0083,4.9998,1.6716
0.46725,2.0007,4.9998,1.6767
0.4749,2.0032,4.9973,1.6767
0.46725,2.0083,5.0126,1.6742
0.46725,1.9981,5.0177,1.6869
0.47999,2.0007,5.0049,1.6793
0.4749,2.0134,5.0151,1.6818
0.46725,2.0032,5.0228,1.6869
0.47999,2.0058,5.0151,1.6818
0.47235,2.0134,5.0228,1.6767
0.4749,2.0134,5.0228,1.6844
0.48254,2.0109,5.0202,1.6818
0.47745,2.0185,5.0279,1.6767
0.4698,2.0058,5.0355,1.6895
0.48254,2.0058,5.0253,1.6844
0.48254,2.0236,5.0228,1.6793
0.4698,2.0134,5.0381,1.6869
0.4749,2.0134,5.0304,1.6895
0.48254,2.0134,5.0279,1.6869
0.47745,2.0211,5.033,1.6869
0.4698,2.0134,5.0406,1.6869
0.47745,2.0134,5.0304,1.6844
0.47745,2.0109,5.0253,1.6869
0.4698,2.0211,5.0381,1.6793
0.4698,2.0083,5.0381,1.692
0.48509,2.0083,5.0253,1.6869
0.48254,2.0211,5.0253,1.6869
0.4749,2.0134,5.0304,1.6793
0.4698,2.0058,5.0381,1.692
0.48254,2.0083,5.0253,1.692
0.47745,2.0211,5.0304,1.6793
0.4698,2.016,5.0279,1.6844
0.47745,2.0083,5.0279,1.6844
0.4749,2.0134,5.0253,1.6844
0.47745,2.0109,5.0279,1.6869
0.4749,2.0109,5.0279,1.692
0.4749,2.0109,5.0228,1.6793
0.4749,2.0211,5.0253,1.6793
0.4698,2.0134,5.033,1.6895
0.47745,2.0058,5.0253,1.6895
0.47999,2.0134,5.0228,1.6844
0.4749,2.0185,5.0279,1.6767
0.46725,2.0109,5.033,1.6844
0.47745,2.0058,5.0253,1.6844
0.47999,2.0083,5.0228,1.6818
0.4749,2.016,5.0202,1.6767
0.4647,2.0083,5.0253,1.6818
0.47235,2.0032,5.0177,1.6869
0.48254,2.0032,5.0126,1.6818
0.47999,2.0109,5.01,1.6767
0.46725,2.0134,5.0202,1.6818
0.46725,2.0007,5.0177,1.6895
0.47999,1.9981,5.0024,1.6818
0.47235,2.0134,5.01,1.6742
0.4647,2.0058,5.0151,1.6767
0.47235,1.9981,5.0075,1.6844
0.47999,2.0032,4.9998,1.6767
0.47235,2.0083,5.0024,1.6691
0.4647,1.9981,5.0049,1.6767
0.4647,1.9956,5.0024,1.6818
0.47745,1.9956,4.9871,1.6818
0.47745,1.9981,4.9845,1.6691
0.46215,2.0083,4.9973,1.6716
0.46725,1.9981,4.9922,1.6742
0.47235,1.9905,4.9794,1.6742
0.46725,1.993,4.982,1.6742
0.46725,1.9956,4.982,1.6716
0.4596,1.9956,4.982,1.6716
0.47235,1.9879,4.9718,1.6767
0.47235,2.0032,4.9718,1.664
0.4596,1.9981,4.982,1.6691
0.4596,1.9879,4.982,1.6767
0.4698,1.9879,4.9667,1.6767
0.4698,1.9981,4.9667,1.6614
0.46215,1.9981,4.9718,1.6665
0.4596,1.9879,4.9743,1.6691
0.4647,1.9828,4.9667,1.6742
0.4698,1.9879,4.959,1.6665
0.46215,1.9956,4.9616,1.6614
0.45705,1.9879,4.9692,1.664
0.46215,1.9828,4.9616,1.6742
0.46725,1.9854,4.9539,1.6691
0.46215,1.9879,4.9565,1.6614
0.4545,1.9803,4.9616,1.6716
0.46725,1.9777,4.9514,1.6742
0.46725,1.9905,4.9514,1.6589
0.46215,1.993,4.9616,1.6589
0.4545,1.9803,4.9616,1.6716
0.46215,1.9777,4.9565,1.6716
0.46725,1.9854,4.9488,1.6589
0.4596,1.9879,4.9616,1.6589
0.4545,1.9854,4.959,1.6614
0.4596,1.9828,4.9539,1.6716
0.46725,1.9854,4.9463,1.6665
0.4596,1.993,4.9514,1.664
0.4596,1.9828,4.9565,1.6665
0.4596,1.9828,4.9514,1.664
0.4596,1.9828,4.9437,1.6589
0.45195,1.9905,4.9565,1.664
0.4545,1.9752,4.9565,1.6691
0.4647,1.9828,4.9437,1.664
0.45195,1.9879,4.9463,1.664
0.4596,1.9828,4.9488,1.6614
0.4596,1.9828,4.9514,1.6665
0.4596,1.9828,4.9514,1.6589
0.4596,1.9854,4.9514,1.664
0.4596,1.9828,4.9488,1.6665
0.4596,1.9828,4.9514,1.6665
0.46215,1.9828,4.9514,1.6665
0.4596,1.9828,4.9488,1.664
0.4596,1.9828,4.9488,1.6691
0.45705,1.9828,4.9488,1.6614
0.45705,1.9879,4.9463,1.6614
0.4545,1.9803,4.9539,1.6691
0.45705,1.9777,4.9412,1.6716
0.4647,1.9879,4.9412,1.6589
0.44941,1.9905,4.9514,1.664
0.45195,1.9726,4.9514,1.6691
0.4647,1.9828,4.9386,1.664
0.45705,1.9879,4.9437,1.6563
0.45195,1.9752,4.9514,1.6691
0.46725,1.9726,4.9386,1.664
0.45705,1.9879,4.9463,1.6563
0.44941,1.9803,4.9565,1.6665
0.4596,1.9752,4.9488,1.6716
0.4647,1.9828,4.9437,1.6589
0.4596,1.9879,4.9488,1.6589
0.4545,1.9854,4.959,1.6716
0.4596,1.9854,4.9514,1.6665
0.4596,1.9854,4.9488,1.6614
0.4545,1.9905,4.9616,1.6614
0.45195,1.9828,4.9616,1.6742
0.4647,1.9777,4.9488,1.6691
0.46725,1.9956,4.9514,1.6614
0.4545,1.9854,4.9616,1.6691
0.45705,1.9828,4.959,1.6742
0.4596,1.9879,4.959,1.6691
0.4647,1.9956,4.9565,1.664
0.4545,1.9854,4.9667,1.6691
0.4596,1.9803,4.959,1.6742
0.46725,1.9854,4.9514,1.6691
0.4596,1.9905,4.9565,1.6614
0.4545,1.9828,4.9641,1.6691
0.4647,1.9777,4.9488,1.6742
0.4647,1.9905,4.9488,1.6614
0.4545,1.9905,4.9616,1.6665
0.4596,1.9777,4.9514,1.6742
0.46215,1.9828,4.9437,1.6691
0.4596,1.9879,4.9514,1.664
0.4596,1.9828,4.959,1.6716
0.46215,1.9752,4.9412,1.6716
0.4647,1.9879,4.9412,1.6589
0.4545,1.9803,4.9539,1.6665
0.4596,1.9777,4.9463,1.6716
0.46215,1.9879,4.9386,1.6589
0.4545,1.9879,4.9539,1.6563
0.45195,1.9726,4.9514,1.6691
0.46215,1.9803,4.9361,1.6614
0.45705,1.9879,4.9488,1.6563
0.45195,1.9777,4.9463,1.6691
0.46215,1.9752,4.9412,1.6716
0.4647,1.9879,4.9335,1.6563
0.44941,1.9803,4.9463,1.6614
0.45705,1.9701,4.9412,1.6691
0.4647,1.9803,4.9361,1.6614
0.45195,1.9879,4.9488,1.6589
0.45195,1.9752,4.9514,1.6742
0.4647,1.9777,4.9437,1.6665
0.45705,1.9879,4.9488,1.6665
0.45195,1.9854,4.9565,1.6665
0.4596,1.9777,4.9514,1.6665
0.4596,1.9854,4.9514,1.6614
0.4545,1.9854,4.9616,1.6665
0.4596,1.9777,4.9514,1.6742
0.46725,1.993,4.9514,1.6614
0.4545,1.993,4.9641,1.6665
0.4596,1.9803,4.9616,1.6742
0.46725,1.9879,4.9616,1.6691
0.4545,1.9956,4.9616,1.6691
0.4596,1.9879,4.9641,1.6767
0.46725,1.9879,4.959,1.6716
0.4647,1.9981,4.9667,1.664
0.45705,1.9905,4.9743,1.6742
0.4698,1.9854,4.9641,1.6716
0.4647,1.9981,4.9718,1.6665
0.45705,1.993,4.982,1.6716
0.4647,1.9879,4.9769,1.6793
0.4698,1.9981,4.9718,1.6665
0.45705,2.0007,4.982,1.6742
0.4596,1.9879,4.982,1.6793
0.46725,1.993,4.9718,1.6716
0.46215,2.0007,4.9769,1.6665
0.4596,1.993,4.982,1.6716
0.4647,1.9854,4.9743,1.6793
0.4698,1.9854,4.9667,1.6691
0.4698,1.9981,4.9667,1.6665
0.46215,1.9905,4.9718,1.6742
0.4647,1.993,4.9718,1.6793
0.46215,1.9905,4.9718,1.6716
0.4647,1.9981,4.9692,1.6665
0.4596,1.9905,4.9794,1.6691
0.46215,1.9854,4.9718,1.6691
0.4698,1.9905,4.9641,1.6691
0.4647,1.9981,4.9692,1.6716
0.4596,1.9854,4.9769,1.6767
0.4698,1.9854,4.9667,1.6716
0.4698,1.9956,4.9641,1.664
0.4596,1.9905,4.9794,1.6742
0.4647,1.9905,4.9718,1.6716
0.4647,1.993,4.9743,1.6716
0.4647,1.993,4.9794,1.6716
0.4647,1.9879,4.9769,1.6793
0.4698,1.9981,4.9692,1.6665
0.4596,2.0007,4.9794,1.6742
0.4596,1.9879,4.9769,1.6793
0.4698,1.9905,4.9718,1.6716
0.46215,2.0007,4.9769,1.6691
0.4596,1.993,4.9871,1.6742
0.46215,1.9879,4.9871,1.6793
0.4698,1.9905,4.9743,1.6793
0.4698,2.0007,4.9743,1.6742
0.4596,2.0007,4.9896,1.6665
0.4647,1.9956,4.982,1.6716
0.4647,1.9879,4.9743,1.6793
0.46725,1.993,4.9769,1.6742
0.46725,1.9981,4.9871,1.6665
0.4596,1.9879,4.9871,1.6818
0.4698,1.9879,4.9718,1.6742
0.47235,2.0007,4.9794,1.6665
0.4596,1.9956,4.9845,1.6716
0.4647,1.9879,4.9794,1.6793
0.4698,1.9956,4.9718,1.6665
0.45705,2.0007,4.9871,1.6691
0.46215,1.9854,4.9769,1.6793
0.4698,1.993,4.9718,1.6742
0.4647,2.0007,4.9743,1.6716
0.4596,1.993,4.982,1.6742
0.46215,1.9879,4.9769,1.6716
0.4698,1.993,4.9769,1.6742
0.4647,1.993,4.9769,1.6742
0.45705,1.9879,4.982,1.6793
0.4698,1.9879,4.9743,1.6716
0.4647,1.993,4.9718,1.6742
0.46215,1.993,4.9718,1.6665
0.45705,1.9879,4.9794,1.6767
0.4698,1.9854,4.9667,1.6793
0.46725,1.9981,4.9667,1.664
0.4596,1.9981,4.982,1.6691
0.45705,1.9854,4.982,1.6793
0.4698,1.9854,4.9692,1.6742
0.4647,1.993,4.9769,1.6665
0.4647,1.993,4.9769,1.6742
0.4596,1.993,4.9743,1.6793
0.46725,1.9905,4.9769,1.6716
0.46215,2.0032,4.9769,1.6665
0.45705,1.9956,4.982,1.6716
0.46215,1.9879,4.9769,1.6793
0.4698,1.993,4.9692,1.6767
0.4647,1.9981,4.9769,1.6742
0.4596,1.993,4.982,1.6793
0.4698,1.9854,4.9718,1.6793
0.46725,1.9981,4.9718,1.6665
0.45705,2.0007,4.9794,1.6742
0.4647,1.9956,4.9871,1.6742
0.46215,1.9879,4.982,1.6742
0.46215,1.993,4.9769,1.6691
0.45705,1.993,4.9871,1.6793
0.46215,1.9879,4.982,1.6793
0.4698,2.0007,4.9743,1.6665
0.4596,2.0007,4.9845,1.6691
0.45705,1.9879,4.9845,1.6793
0.4698,1.993,4.9718,1.6742
0.46215,2.0007,4.9769,1.6691
0.4596,1.9956,4.9794,1.6767
0.4647,1.993,4.9794,1.6716
0.4698,1.9956,4.9794,1.6742
0.4647,1.993,4.982,1.6716
0.4647,1.9956,4.9871,1.6742
0.4698,1.9879,4.9718,1.6793
0.4698,2.0032,4.9718,1.6691
0.45705,1.993,4.9845,1.6742
0.4647,1.9879,4.9794,1.6793
0.47235,1.993,4.9718,1.6742
0.46215,1.9956,4.9794,1.6716
0.46215,1.993,4.9794,1.6742
0.4647,1.9956,4.9769,1.6716
0.46725,1.9981,4.9794,1.6665
0.45705,1.993,4.982,1.6742
0.4647,1.9879,4.9769,1.6793
0.4698,2.0007,4.9718,1.6665
0.45705,1.9956,4.982,1.6742
0.4647,1.9905,4.9769,1.6742
0.4698,1.9956,4.9769,1.6742
0.4647,2.0007,4.9769,1.6665
0.4647,1.993,4.982,1.6742
0.4647,1.993,4.9743,1.6716
0.46215,1.993,4.9743,1.6742
0.4647,1.9956,4.9769,1.6716
0.4596,1.993,4.9718,1.6793
0.4647,1.9905,4.9692,1.6716
0.46215,1.9981,4.9743,1.6691
0.45705,1.993,4.982,1.6742
0.46725,1.9879,4.9769,1.6793
0.4698,2.0007,4.9743,1.6691
0.45705,1.9956,4.9845,1.6742
0.4647,1.9905,4.9794,1.6742
0.4698,1.993,4.9769,1.6691
0.4596,2.0032,4.9845,1.6665
0.45705,1.9905,4.9845,1.6793
0.47235,1.9879,4.9718,1.6742
0.4647,2.0007,4.982,1.6665
0.4596,1.9956,4.9896,1.6716
0.46725,1.9879,4.982,1.6818
0.47235,1.9956,4.982,1.6742
0.46725,1.9981,4.9845,1.6742
0.46725,1.9956,4.9845,1.6767
0.46215,1.9956,4.9845,1.6767
0.46725,2.0032,4.9845,1.6691
0.4596,1.9981,4.9922,1.6742
0.4647,1.9956,4.9871,1.6793
0.46725,1.9956,4.9871,1.6767
0.46725,1.9981,4.9845,1.6742
0.4647,1.9905,4.9871,1.6818
0.47235,1.9956,4.982,1.6691
0.4647,2.0032,4.9947,1.6742
0.4647,1.9981,4.9871,1.6793
0.46725,1.9956,4.9871,1.6742
0.46725,2.0007,4.9845,1.6691
0.4596,1.9981,4.9896,1.6767
0.46215,1.9905,4.982,1.6818
0.47235,1.9981,4.9769,1.6742
0.4647,2.0032,4.982,1.6665
0.4596,1.9905,4.9922,1.6793
0.47235,1.9981,4.9769,1.6742
0.4596,2.0007,4.9871,1.6691
0.4596,1.9905,4.9896,1.6793
0.47235,1.9956,4.9743,1.6742
0.46725,1.9981,4.982,1.6742
0.4596,1.9879,4.9871,1.6818
