0.18685,2.2632,2.4993,1.5492
0.17155,2.2556,2.5146,1.5543
0.1792,2.253,2.5069,1.562
0.1843,2.2581,2.4993,1.5543
0.18175,2.2658,2.5044,1.5518
0.17155,2.253,2.512,1.5569
0.1792,2.253,2.5018,1.5645
0.1843,2.2658,2.5018,1.5518
0.17665,2.2658,2.5095,1.5518
0.169,2.2607,2.5146,1.5543
0.17665,2.2607,2.5095,1.5594
0.1843,2.2581,2.5018,1.5543
0.17665,2.2607,2.5069,1.5518
0.17155,2.2607,2.5146,1.5569
0.1792,2.253,2.5069,1.5569
0.18175,2.2581,2.4993,1.5543
0.17665,2.2632,2.5044,1.5492
0.17155,2.2632,2.512,1.5543
0.17155,2.2479,2.5095,1.5594
0.17665,2.2479,2.5018,1.5594
0.1843,2.2556,2.4942,1.5518
0.1792,2.2607,2.5095,1.5467
0.17155,2.2479,2.5095,1.562
0.18685,2.2479,2.5018,1.5569
0.17665,2.253,2.4993,1.5467
0.17155,2.253,2.5069,1.5594
0.17665,2.2479,2.5018,1.5569
0.1843,2.2607,2.4942,1.5518
0.1792,2.2607,2.5044,1.5441
0.169,2.2454,2.5044,1.5569
0.1843,2.2479,2.4967,1.5492
0.1792,2.2505,2.4993,1.5441
0.169,2.2479,2.5018,1.5518
0.17665,2.2454,2.4967,1.5569
0.18175,2.2505,2.4891,1.5441
0.17665,2.2556,2.4942,1.5416
0.169,2.2505,2.5018,1.5467
0.17665,2.2428,2.4942,1.5569
0.1792,2.2505,2.4891,1.5492
0.17665,2.2556,2.4967,1.5467
0.17155,2.2479,2.4942,1.5467
0.1792,2.2428,2.4967,1.5492
0.1843,2.2479,2.4891,1.5492
0.17665,2.2556,2.4942,1.5441
0.17155,2.2479,2.4993,1.5543
0.1843,2.2428,2.4967,1.5569
0.18175,2.2479,2.484,1.5467
0.17665,2.2556,2.4916,1.539
0.169,2.2479,2.4993,1.5543
0.17665,2.2428,2.4891,1.5492
0.18175,2.2454,2.484,1.5441
0.17665,2.2505,2.4865,1.5467
0.17155,2.2428,2.4865,1.5441
0.1792,2.2377,2.484,1.5441
0.17665,2.2403,2.484,1.5467
0.1792,2.2428,2.484,1.5416
0.17665,2.2403,2.484,1.5441
0.1792,2.2403,2.484,1.5416
0.1741,2.2428,2.484,1.5441
0.17155,2.2479,2.484,1.5365
0.17155,2.2403,2.4891,1.5416
0.17665,2.2326,2.484,1.5467
0.18175,2.2403,2.4764,1.5416
0.17665,2.2454,2.4891,1.5339
0.1741,2.2403,2.4891,1.5467
0.1843,2.2326,2.4764,1.5492
0.18175,2.2454,2.4764,1.5365
0.17155,2.2454,2.4891,1.5416
0.17155,2.2403,2.4814,1.5441
0.17665,2.2403,2.4814,1.5441
0.17665,2.2428,2.484,1.5441
0.17665,2.2403,2.484,1.5416
0.17665,2.2428,2.4865,1.5492
0.17665,2.2428,2.4865,1.5441
0.1792,2.2428,2.484,1.5441
0.17665,2.2428,2.4865,1.5441
0.1792,2.2377,2.4814,1.5518
0.1843,2.253,2.4789,1.539
0.17155,2.2505,2.4916,1.5467
0.17155,2.2352,2.4916,1.5467
0.1843,2.2377,2.4789,1.5518
0.1843,2.253,2.4789,1.5467
0.17665,2.2479,2.4865,1.5441
0.17155,2.2428,2.4916,1.5441
0.17665,2.2352,2.4814,1.5518
0.1843,2.2403,2.4764,1.5416
0.17665,2.2352,2.4789,1.5416
0.169,2.2403,2.484,1.539
0.17665,2.2301,2.4738,1.539
0.1792,2.2301,2.4764,1.5339
0.1792,2.2326,2.4738,1.5365
0.1741,2.2326,2.4738,1.5416
0.18175,2.2326,2.4687,1.539
0.1792,2.2377,2.4789,1.5314
0.17155,2.2326,2.4789,1.5441
0.1792,2.225,2.4738,1.5441
0.1843,2.2301,2.4662,1.5288
0.169,2.2377,2.4738,1.5365
0.1741,2.2326,2.4738,1.5365
0.17665,2.2301,2.4738,1.5365
0.1843,2.2301,2.4662,1.5365
0.17665,2.2377,2.4713,1.5365
0.169,2.2326,2.4789,1.5365
0.1741,2.225,2.4738,1.5416
0.1843,2.2301,2.4662,1.5314
0.17665,2.2352,2.4789,1.5314
0.169,2.2224,2.4764,1.5416
0.1741,2.2224,2.4636,1.5416
0.1843,2.2301,2.4611,1.5288
0.17665,2.2326,2.4687,1.5288
0.169,2.2224,2.4764,1.539
0.18175,2.2224,2.4636,1.5365
0.18175,2.2326,2.4636,1.5288
0.169,2.2301,2.4738,1.5365
0.1792,2.225,2.4713,1.5416
0.18175,2.2352,2.4636,1.5339
0.17665,2.2377,2.4713,1.5365
0.17155,2.2326,2.4789,1.5365
0.17665,2.2301,2.4687,1.539
0.18175,2.2301,2.4636,1.5288
0.17665,2.2352,2.4687,1.5288
0.169,2.2301,2.4738,1.5365
0.1741,2.2301,2.4687,1.539
0.1843,2.2275,2.4611,1.5365
0.1792,2.2326,2.4687,1.5288
0.169,2.2301,2.4738,1.5339
0.17665,2.2224,2.4687,1.5365
0.1843,2.2275,2.4585,1.5339
0.17665,2.2326,2.4687,1.5237
0.169,2.2275,2.4713,1.5314
0.17665,2.2224,2.4687,1.539
0.18175,2.2275,2.4611,1.5314
0.17665,2.2326,2.4687,1.5263
0.169,2.2199,2.4738,1.5314
0.17665,2.2199,2.4687,1.539
0.1843,2.2301,2.4687,1.5339
0.17665,2.2275,2.4687,1.5314
0.17665,2.2275,2.4687,1.5314
0.17665,2.225,2.4687,1.5365
0.1741,2.2352,2.4662,1.5263
0.169,2.225,2.4713,1.5314
0.17665,2.2173,2.4636,1.5365
0.18175,2.2301,2.4585,1.5263
0.17665,2.2326,2.4687,1.5263
0.17155,2.2199,2.4713,1.539
0.18175,2.2199,2.4585,1.539
0.1843,2.2326,2.456,1.5237
0.17155,2.225,2.4713,1.5314
0.1792,2.2173,2.4611,1.5365
0.1843,2.225,2.456,1.5263
0.17665,2.2301,2.4687,1.5237
0.169,2.2173,2.4687,1.5339
0.18175,2.2173,2.4585,1.5365
0.18175,2.2275,2.4585,1.5237
0.169,2.2275,2.4687,1.5314
0.169,2.2199,2.4713,1.5365
0.1741,2.2224,2.4636,1.5288
0.1741,2.2301,2.4636,1.5237
0.169,2.2224,2.4713,1.5314
0.17665,2.2224,2.4636,1.5365
0.1843,2.2301,2.456,1.5237
0.169,2.2224,2.4687,1.5339
0.17665,2.2173,2.4636,1.5365
0.17665,2.225,2.4636,1.5314
0.17665,2.225,2.4636,1.5314
0.1792,2.2199,2.4636,1.539
0.1843,2.2326,2.4585,1.5263
0.17155,2.2301,2.4713,1.5314
0.1741,2.2199,2.4636,1.539
0.18175,2.225,2.4611,1.5237
0.17155,2.2326,2.4687,1.5237
0.1741,2.2199,2.4662,1.5365
0.18175,2.225,2.4662,1.5339
0.17665,2.2275,2.4662,1.5237
0.169,2.225,2.4738,1.5365
0.1792,2.2199,2.4687,1.539
0.1843,2.2275,2.4611,1.5339
0.17665,2.2326,2.4662,1.5339
0.1741,2.2275,2.4687,1.539
0.1741,2.2275,2.4713,1.5365
0.1792,2.2352,2.4687,1.5263
0.17155,2.2301,2.4738,1.5365
0.17665,2.2199,2.4687,1.5339
0.17665,2.2275,2.4687,1.5365
0.17665,2.2301,2.4713,1.5339
0.17665,2.2326,2.4713,1.5416
0.18175,2.2301,2.4636,1.5365
0.17665,2.2403,2.4687,1.5314
0.169,2.2301,2.4764,1.5365
0.17665,2.225,2.4713,1.5365
0.17665,2.2301,2.4636,1.5365
0.17665,2.2301,2.4713,1.5365
0.17665,2.2301,2.4738,1.5416
0.17665,2.2301,2.4636,1.5365
0.1741,2.2377,2.4713,1.5288
0.169,2.2326,2.4764,1.5441
0.1843,2.2275,2.4738,1.5416
0.18175,2.2301,2.4611,1.5288
0.169,2.2352,2.4764,1.5314
0.17155,2.225,2.4789,1.5416
0.18175,2.2224,2.4636,1.5416
0.1843,2.2301,2.4636,1.5314
0.17665,2.2352,2.4687,1.5339
0.169,2.2301,2.4738,1.5365
0.17665,2.225,2.4687,1.5441
0.1843,2.2301,2.4636,1.5365
0.1792,2.2377,2.4687,1.5339
0.169,2.2301,2.4738,1.5365
0.169,2.225,2.4764,1.539
0.1843,2.2224,2.4636,1.5365
0.1843,2.2403,2.4636,1.5314
0.169,2.2352,2.4764,1.5314
0.17155,2.225,2.4789,1.5416
0.1843,2.225,2.4662,1.5365
0.1843,2.2352,2.4662,1.5314
0.169,2.2403,2.4814,1.5365
0.169,2.225,2.4814,1.5441
0.18175,2.225,2.4687,1.5441
0.18175,2.2403,2.4713,1.5314
0.169,2.2377,2.4814,1.5288
0.169,2.2275,2.484,1.5467
0.1843,2.2301,2.4738,1.5441
0.1843,2.2403,2.4713,1.5314
0.17665,2.2428,2.4764,1.5314
0.169,2.2301,2.484,1.5467
0.1792,2.2301,2.4738,1.5467
0.1843,2.2428,2.4738,1.5339
0.1792,2.2428,2.4814,1.5365
0.17155,2.2403,2.4865,1.5492
0.17665,2.2326,2.4764,1.5467
0.18175,2.2479,2.4764,1.5416
0.17155,2.2428,2.4891,1.5416
0.18685,2.2352,2.484,1.5492
0.1792,2.2403,2.4789,1.5365
0.169,2.2428,2.4916,1.5416
0.17665,2.2377,2.484,1.5467
0.17665,2.2428,2.484,1.539
0.169,2.2454,2.4942,1.5441
0.17665,2.2352,2.4865,1.5518
0.1843,2.2454,2.4891,1.5441
0.1792,2.2505,2.4891,1.5441
0.17155,2.2454,2.4942,1.5467
0.17665,2.2403,2.4865,1.5518
0.18175,2.253,2.484,1.5441
0.17155,2.2556,2.4993,1.5441
0.169,2.2428,2.4993,1.5569
0.1843,2.2428,2.4891,1.5518
0.1843,2.2556,2.4916,1.5441
0.17155,2.2505,2.5044,1.5518
0.17665,2.2454,2.4967,1.5569
0.1843,2.253,2.4942,1.5467
0.17665,2.2607,2.5018,1.5492
0.17155,2.253,2.5095,1.5594
0.1843,2.2505,2.4942,1.5594
0.1843,2.2607,2.5044,1.5492
0.1741,2.2581,2.512,1.562
0.1792,2.253,2.5018,1.5569
0.1843,2.2607,2.4993,1.5569
0.17665,2.2683,2.5069,1.5518
0.17155,2.2632,2.5146,1.5569
0.17155,2.2607,2.5069,1.5645
0.1792,2.2632,2.5146,1.5594
0.1792,2.2632,2.5095,1.562
0.1792,2.2734,2.5146,1.5543
0.17155,2.2632,2.5222,1.5671
0.1843,2.2658,2.5095,1.562
0.1792,2.2734,2.5146,1.5569
0.1741,2.2683,2.5197,1.5671
0.1792,2.2607,2.5095,1.5696
0.1843,2.2683,2.5095,1.5569
0.17155,2.276,2.5222,1.562
0.17155,2.2607,2.5197,1.5671
0.1843,2.2683,2.5069,1.562
0.17665,2.2734,2.5146,1.5543
0.17155,2.2683,2.5146,1.562
0.1792,2.2658,2.5171,1.562
0.1792,2.2658,2.5146,1.5543
0.1792,2.2658,2.512,1.562
0.1792,2.2581,2.512,1.5671
0.17665,2.2581,2.5044,1.5594
0.18175,2.2709,2.5095,1.5543
0.17155,2.2632,2.5146,1.5569
0.17665,2.253,2.5095,1.5645
0.1843,2.2632,2.5018,1.5543
0.17665,2.2709,2.5044,1.5518
0.17155,2.2607,2.5146,1.562
0.1843,2.2556,2.5018,1.5645
0.1843,2.2607,2.5018,1.5518
0.1792,2.2658,2.512,1.5518
0.17155,2.2607,2.5069,1.5594
0.1792,2.2632,2.5069,1.5569
0.1792,2.2607,2.5044,1.5492
0.18175,2.2581,2.5018,1.5543
0.17665,2.2581,2.5044,1.5594
0.17665,2.2581,2.5018,1.5543
0.1792,2.2581,2.5044,1.5467
0.17155,2.2556,2.5095,1.5543
0.169,2.2505,2.5095,1.5594
0.1843,2.253,2.4942,1.5543
0.1792,2.2632,2.5018,1.5518
0.17155,2.2581,2.5069,1.5569
0.1843,2.2505,2.4942,1.5594
0.1843,2.253,2.4967,1.5467
0.17155,2.2607,2.5044,1.5518
0.17155,2.2479,2.5069,1.5594
0.1843,2.253,2.4916,1.5492
0.1792,2.2581,2.4993,1.5467
0.17155,2.2556,2.5069,1.5543
0.17665,2.2581,2.5018,1.5543
0.17665,2.2607,2.4967,1.5543
0.17665,2.2683,2.5044,1.5569
0.17155,2.2607,2.5146,1.5569
0.1792,2.2581,2.5095,1.5569
0.1792,2.2632,2.5095,1.5569
0.18175,2.2607,2.512,1.5594
0.1792,2.2632,2.5146,1.5594
0.17665,2.2581,2.5146,1.5671
0.1843,2.2683,2.5095,1.5594
0.17665,2.2734,2.5146,1.5543
0.169,2.2683,2.5222,1.562
0.1792,2.2607,2.5171,1.5696
0.1843,2.2683,2.512,1.562
0.1792,2.276,2.5197,1.5569
0.17155,2.2683,2.5248,1.562
0.1792,2.2632,2.5197,1.5696
0.1843,2.2709,2.5095,1.5645
0.1792,2.276,2.5171,1.5569
0.17155,2.2683,2.5248,1.562
0.17665,2.2632,2.5171,1.5696
0.1843,2.2709,2.512,1.5569
0.1792,2.276,2.5248,1.5569
0.17155,2.2683,2.5248,1.5645
0.17665,2.2632,2.5146,1.5696
0.17665,2.2683,2.5146,1.562
0.17665,2.2709,2.5171,1.5569
0.18175,2.2683,2.5146,1.562
0.1792,2.2709,2.5146,1.562
0.17665,2.2683,2.5171,1.5594
0.1843,2.2734,2.5095,1.5569
0.169,2.276,2.5248,1.5543
0.17155,2.2632,2.5222,1.5671
0.18685,2.2581,2.5095,1.5594
0.17665,2.2734,2.5146,1.5543
0.17155,2.2658,2.5197,1.562
0.1792,2.2581,2.5146,1.5671
0.17665,2.2683,2.5069,1.5594
0.17665,2.2709,2.5095,1.5594
0.17155,2.2632,2.5171,1.5594
0.1792,2.2556,2.512,1.5543
0.1843,2.2632,2.5095,1.5594
0.18175,2.2683,2.5095,1.5518
0.169,2.2607,2.5171,1.5569
0.17665,2.2556,2.5095,1.562
0.1843,2.2632,2.5018,1.5518
0.169,2.2658,2.5069,1.5492
0.1741,2.2607,2.5146,1.5645
0.17665,2.253,2.5069,1.562
0.1843,2.2581,2.4993,1.5543
0.17665,2.2632,2.5044,1.5467
0.169,2.2556,2.5095,1.5594
0.1792,2.2505,2.5018,1.5594
0.1843,2.2556,2.4942,1.5467
0.17155,2.2632,2.5069,1.5441
0.169,2.2479,2.5069,1.5569
0.1843,2.2479,2.4942,1.5543
0.17665,2.2607,2.4967,1.5467
0.17665,2.253,2.5044,1.5467
0.17665,2.2454,2.4967,1.5569
0.1843,2.2505,2.4891,1.5416
0.17155,2.2556,2.4993,1.5416
0.17155,2.2454,2.5018,1.5543
0.1843,2.2428,2.484,1.5467
0.1843,2.253,2.484,1.539
0.169,2.2556,2.4967,1.5441
0.17155,2.2403,2.4916,1.5518
0.1843,2.2454,2.4814,1.5441
0.1792,2.2505,2.4865,1.5416
0.17155,2.2428,2.4942,1.5441
0.17665,2.2352,2.4865,1.5492
0.1843,2.2428,2.4764,1.5416
0.17665,2.2479,2.4814,1.5339
0.17155,2.2403,2.4891,1.539
0.1741,2.2326,2.4814,1.5467
0.18175,2.2377,2.4738,1.539
0.17665,2.2428,2.4764,1.5314
0.169,2.2352,2.4865,1.539
0.17665,2.2301,2.4764,1.5467
0.1843,2.2326,2.4713,1.5365
0.17665,2.2352,2.4789,1.5314
0.17155,2.2326,2.484,1.5416
0.1792,2.2275,2.4713,1.539
0.18175,2.2377,2.4713,1.5314
0.17155,2.2403,2.484,1.5314
0.169,2.2275,2.484,1.5416
0.1843,2.2326,2.4713,1.5365
0.17665,2.2403,2.4764,1.5365
0.169,2.2352,2.4814,1.5365
0.17665,2.2352,2.4764,1.5365
0.17665,2.2352,2.4789,1.5314
0.1741,2.2352,2.4738,1.5365
0.1741,2.2275,2.4738,1.5441
0.18175,2.2326,2.4687,1.5314
0.17665,2.2403,2.4738,1.5314
0.169,2.225,2.484,1.539
0.18175,2.2275,2.4662,1.5416
0.18175,2.2403,2.4687,1.5314
0.169,2.2326,2.4789,1.5365
0.1792,2.2326,2.4738,1.539
0.17665,2.2326,2.4687,1.5365
0.17665,2.2326,2.4738,1.5339
0.17665,2.2301,2.4738,1.5416
0.17665,2.2326,2.4738,1.5365
0.17665,2.2403,2.4738,1.5288
0.17155,2.2275,2.4789,1.5416
0.1843,2.225,2.4662,1.5365
0.17665,2.2377,2.4713,1.5263
0.17665,2.2326,2.4713,1.5339
0.1741,2.2301,2.4662,1.5339
0.17665,2.2377,2.4713,1.5263
0.17665,2.2301,2.4764,1.5339
0.17665,2.2301,2.4687,1.5339
0.1741,2.2352,2.4764,1.5263
0.17665,2.2275,2.4764,1.5339
0.17665,2.2301,2.4713,1.5339
0.17665,2.2352,2.4687,1.5263
0.169,2.2301,2.4764,1.5339
0.18175,2.225,2.4687,1.5365
0.18175,2.2352,2.4611,1.5263
0.17665,2.2275,2.4738,1.5314
0.1792,2.2224,2.4713,1.5314
0.17665,2.2275,2.4687,1.5263
0.169,2.2275,2.4662,1.5339
0.1741,2.2224,2.4687,1.5339
0.17665,2.2301,2.4687,1.5314
0.1741,2.2326,2.4662,1.5263
0.1792,2.2275,2.4687,1.5339
0.1792,2.2275,2.4713,1.5314
0.17665,2.2275,2.4636,1.5339
0.1792,2.2301,2.4687,1.5263
0.17155,2.2275,2.4738,1.5416
0.18175,2.225,2.4611,1.539
0.18175,2.2352,2.4611,1.5263
0.17665,2.2352,2.4687,1.5263
0.169,2.2301,2.4738,1.539
0.18175,2.2224,2.4636,1.539
0.18175,2.2326,2.4611,1.5263
0.169,2.2326,2.4738,1.5314
0.17665,2.2224,2.4636,1.5365
0.18175,2.2275,2.4611,1.5237
0.169,2.2301,2.4713,1.5288
0.17665,2.225,2.4662,1.5314
0.17665,2.2275,2.4662,1.5314
0.1843,2.2301,2.456,1.5212
0.16645,2.2224,2.4738,1.5314
0.17665,2.2199,2.4636,1.5365
0.1843,2.2275,2.4585,1.5314
0.17665,2.2326,2.4636,1.5237
0.17155,2.225,2.4687,1.5314
0.17665,2.225,2.4662,1.5314
0.17665,2.2326,2.4636,1.5237
0.169,2.225,2.4738,1.5365
0.1843,2.2199,2.4585,1.5314
0.1741,2.2326,2.4662,1.5263
0.17155,2.225,2.4738,1.5314
0.1792,2.2275,2.4662,1.5339
0.17665,2.2275,2.4687,1.5237
0.169,2.2275,2.4738,1.5314
0.17665,2.2199,2.4687,1.5365
0.1843,2.2352,2.4611,1.5288
0.169,2.2326,2.4764,1.5339
0.17665,2.2224,2.4687,1.539
0.17665,2.2301,2.4713,1.5365
0.17665,2.2352,2.4713,1.5339
0.17665,2.2301,2.4713,1.5339
0.1741,2.2301,2.4713,1.5339
0.1741,2.2377,2.4713,1.5263
0.169,2.2301,2.4789,1.5339
0.1741,2.2224,2.4713,1.539
0.1843,2.2326,2.4713,1.5365
0.17665,2.2326,2.4738,1.5314
0.17155,2.2326,2.4738,1.5416
0.17665,2.2326,2.4738,1.5365
0.1792,2.2377,2.4713,1.5339
0.17155,2.2326,2.4789,1.5365
0.169,2.2326,2.4713,1.5441
0.1741,2.2326,2.4738,1.5365
0.1792,2.2301,2.4687,1.5314
0.17665,2.2326,2.4738,1.5339
0.17665,2.2301,2.4713,1.539
0.17665,2.2301,2.4713,1.5365
0.1792,2.2326,2.4662,1.5314
0.17155,2.2377,2.4713,1.5314
0.169,2.2326,2.4789,1.5441
0.17665,2.2352,2.4738,1.5365
0.1843,2.2352,2.4687,1.5365
0.17665,2.2326,2.4764,1.5365
0.17155,2.2275,2.4814,1.5441
0.1843,2.2301,2.4713,1.5365
0.1843,2.2428,2.4764,1.5339
0.17155,2.2352,2.4814,1.539
