4.1405,0.66995,2.8103,2.0388
4.1533,0.66485,2.795,2.0465
4.1533,0.67505,2.8052,2.0337
4.1405,0.66995,2.8103,2.0414
4.1482,0.66995,2.8026,2.0388
4.1507,0.6776,2.8026,2.0337
4.1482,0.66995,2.8103,2.0414
4.1533,0.6725,2.7975,2.0337
4.1482,0.66995,2.8103,2.0388
4.1482,0.66995,2.8026,2.0414
4.1431,0.6776,2.8026,2.0337
4.1482,0.66485,2.8026,2.0465
4.1482,0.66995,2.8026,2.0388
4.1405,0.66995,2.8128,2.0465
4.1507,0.6623,2.7975,2.0414
4.1482,0.67505,2.8052,2.0414
4.1482,0.66485,2.8052,2.0465
4.1558,0.6776,2.7975,2.0414
4.1431,0.66485,2.8103,2.0465
4.1558,0.66995,2.8026,2.0414
4.1482,0.66995,2.8052,2.0337
4.1482,0.6674,2.8052,2.0388
4.1482,0.66995,2.8052,2.0388
4.1405,0.6725,2.8103,2.0414
4.1533,0.66485,2.8001,2.0465
4.1482,0.6776,2.8052,2.0337
4.1405,0.66995,2.8026,2.0388
4.1482,0.6725,2.8026,2.0414
4.1482,0.6776,2.8052,2.0337
4.1405,0.66485,2.8103,2.0414
4.1533,0.66485,2.7975,2.0388
4.1482,0.67505,2.8052,2.0337
4.1405,0.6725,2.8103,2.0388
4.1482,0.66995,2.8052,2.0388
4.1482,0.6776,2.8001,2.0363
4.1405,0.66485,2.8077,2.0465
4.1533,0.66995,2.7975,2.0414
4.1482,0.68015,2.8026,2.0363
4.1507,0.66995,2.8026,2.0465
4.1533,0.6725,2.8001,2.0414
4.1431,0.6776,2.8103,2.0363
4.1456,0.66485,2.8052,2.0465
4.1482,0.66995,2.7975,2.0414
4.1482,0.66995,2.8026,2.0465
4.1482,0.66485,2.8001,2.0465
4.1507,0.6776,2.8052,2.0363
4.1405,0.6725,2.8052,2.0414
4.1558,0.6725,2.795,2.0414
4.1431,0.6776,2.8103,2.0414
4.1482,0.66485,2.8026,2.0414
4.1456,0.68015,2.8052,2.0337
4.1456,0.66485,2.8103,2.0465
4.1507,0.6725,2.8026,2.0414
4.1405,0.6725,2.8103,2.0465
4.1558,0.66995,2.7975,2.0388
4.1507,0.66995,2.8026,2.0414
4.1507,0.66485,2.8052,2.049
4.1482,0.6776,2.8026,2.0363
4.1482,0.66995,2.8026,2.0414
4.1558,0.66995,2.7975,2.0337
4.1431,0.6776,2.8103,2.0414
4.1507,0.66485,2.8052,2.0414
4.1482,0.66995,2.8052,2.0337
4.1405,0.67505,2.8103,2.0465
4.1533,0.6725,2.7975,2.0414
4.1482,0.66995,2.8026,2.0414
4.1482,0.6674,2.8052,2.0465
4.1558,0.6725,2.7975,2.0363
4.1405,0.6725,2.8103,2.0465
4.1558,0.66485,2.8001,2.0388
4.1482,0.6725,2.8026,2.0337
4.1431,0.6623,2.8103,2.0414
4.1533,0.66485,2.7975,2.0414
4.1507,0.6776,2.8026,2.0337
4.1482,0.6725,2.8052,2.0388
4.1584,0.66995,2.8001,2.0337
4.1482,0.68015,2.8077,2.0337
4.1507,0.6674,2.8026,2.0465
4.1558,0.6725,2.8001,2.0414
4.1482,0.66995,2.8026,2.0388
4.1507,0.66485,2.7975,2.0465
4.1558,0.6776,2.7975,2.0337
4.1431,0.66995,2.8103,2.049
4.1558,0.6674,2.7975,2.0388
4.1507,0.6725,2.8026,2.0414
4.1482,0.6725,2.8026,2.049
4.1533,0.6725,2.7975,2.0363
4.1456,0.6725,2.8103,2.0414
4.1482,0.6674,2.8052,2.0414
4.1507,0.6725,2.8026,2.0414
4.1482,0.6725,2.8103,2.0414
4.1482,0.66485,2.8026,2.0465
4.1558,0.68015,2.7975,2.0337
4.1431,0.67505,2.8103,2.0388
4.1507,0.66485,2.8026,2.0414
4.1482,0.66995,2.8001,2.0363
4.1431,0.6725,2.8103,2.0414
4.1507,0.66485,2.8026,2.0465
4.1558,0.6776,2.7975,2.0363
4.1431,0.6725,2.8103,2.0465
4.1482,0.66995,2.8026,2.0439
4.1507,0.6776,2.8026,2.0363
4.1405,0.6725,2.8103,2.0465
4.1558,0.66485,2.7975,2.0414
4.1482,0.6776,2.8026,2.0337
4.1405,0.66485,2.8103,2.049
4.1507,0.6725,2.8001,2.0388
4.1507,0.6776,2.8077,2.0363
4.1431,0.6674,2.8103,2.0465
4.1533,0.66485,2.8026,2.0414
4.1507,0.6776,2.8001,2.0363
4.1431,0.6674,2.8026,2.049
4.1558,0.6725,2.8026,2.0388
4.1482,0.66995,2.8052,2.0414
4.1482,0.6674,2.7975,2.0465
4.1507,0.6776,2.8026,2.0363
4.1405,0.6674,2.8103,2.0465
4.1507,0.66995,2.8026,2.0414
4.1431,0.66995,2.8103,2.0414
4.1507,0.6725,2.8026,2.0414
4.1507,0.6776,2.8026,2.0337
4.1431,0.6623,2.8103,2.0465
4.1558,0.66995,2.8026,2.0414
4.1507,0.66995,2.8026,2.0439
4.1482,0.66485,2.8026,2.0465
4.1558,0.6776,2.795,2.0363
4.1431,0.66995,2.8103,2.0414
4.1482,0.66485,2.8026,2.0388
4.1507,0.66995,2.8052,2.0363
4.1431,0.6623,2.8103,2.0465
4.1584,0.66485,2.7975,2.0388
4.1507,0.6776,2.8103,2.0363
4.1456,0.66485,2.8103,2.0465
4.1558,0.6725,2.7975,2.0388
4.1507,0.67505,2.8052,2.0414
4.1482,0.6623,2.8052,2.0414
4.1558,0.66995,2.7975,2.0337
4.1431,0.68015,2.8103,2.0414
4.1507,0.66485,2.8026,2.0414
4.1482,0.66995,2.7975,2.0363
4.1507,0.6725,2.8103,2.0414
4.1558,0.66485,2.7975,2.0414
4.1507,0.6776,2.8026,2.0414
4.1482,0.66485,2.8052,2.0439
4.1584,0.6776,2.7975,2.0312
4.1507,0.66995,2.8026,2.0414
4.1558,0.66995,2.7975,2.0414
4.1431,0.67505,2.8103,2.0414
4.1507,0.66995,2.8026,2.0414
4.1507,0.6776,2.8001,2.0363
4.1482,0.6674,2.8026,2.0465
4.1609,0.66995,2.7975,2.0414
4.1456,0.66995,2.8077,2.0414
4.1507,0.66485,2.8001,2.0414
4.1507,0.6776,2.8001,2.0337
4.1507,0.66485,2.8026,2.0414
4.1507,0.6674,2.8026,2.0388
4.1456,0.66995,2.8103,2.0465
4.1558,0.66995,2.7975,2.0388
4.1507,0.66995,2.8001,2.0388
4.1609,0.66485,2.8001,2.0465
4.1507,0.6776,2.8026,2.0337
4.1456,0.6623,2.8103,2.0465
4.1584,0.66995,2.8001,2.0414
4.1456,0.6725,2.8077,2.0439
4.1584,0.6725,2.795,2.0439
4.1507,0.6776,2.8026,2.0414
4.1558,0.66485,2.8026,2.0388
4.1507,0.66995,2.8001,2.0363
4.1431,0.66995,2.8026,2.0388
4.1584,0.66995,2.7975,2.0388
4.1482,0.67505,2.8077,2.0363
4.1507,0.6623,2.8026,2.0465
4.1533,0.66995,2.8001,2.0414
4.1456,0.66995,2.8103,2.0414
4.1507,0.66485,2.795,2.0465
4.1584,0.6776,2.7975,2.0363
4.1456,0.66995,2.8103,2.0414
4.1533,0.66995,2.8001,2.0465
4.1584,0.6776,2.7975,2.0363
4.1507,0.66995,2.8026,2.0388
4.1507,0.6725,2.8001,2.0414
4.1507,0.67505,2.8026,2.0337
4.1456,0.66485,2.8103,2.0439
4.1584,0.66995,2.7975,2.0363
4.1533,0.66995,2.8001,2.0414
4.1482,0.6623,2.8001,2.0465
4.1584,0.67505,2.7975,2.0337
4.1482,0.66995,2.8077,2.0414
4.1533,0.66995,2.8026,2.0414
4.1507,0.67505,2.8001,2.0337
4.1482,0.6623,2.8077,2.0465
4.1609,0.6674,2.8026,2.0414
4.1482,0.66995,2.8077,2.0388
4.1609,0.66485,2.8026,2.0465
4.1533,0.6776,2.8001,2.0337
4.1533,0.6623,2.8026,2.0465
4.1609,0.6776,2.795,2.0337
4.1533,0.66995,2.8001,2.0414
4.1584,0.6674,2.7975,2.0414
4.1456,0.66995,2.8103,2.0465
4.1584,0.66485,2.795,2.0388
4.1507,0.6776,2.8001,2.0414
4.1507,0.66995,2.8026,2.0465
4.1609,0.66995,2.795,2.0363
4.1482,0.66995,2.8103,2.0414
4.1507,0.66995,2.8026,2.0414
4.1507,0.67505,2.8026,2.0363
4.1456,0.66485,2.8026,2.0465
4.1533,0.66995,2.7975,2.0414
4.1456,0.66995,2.8103,2.049
4.1609,0.66485,2.7975,2.0439
4.1507,0.66995,2.8052,2.0414
4.1507,0.66995,2.8052,2.0465
4.1584,0.66995,2.7975,2.0414
4.1456,0.67505,2.8103,2.0414
4.1507,0.66995,2.8026,2.0414
4.1507,0.6776,2.8026,2.0363
4.1456,0.6623,2.8103,2.0465
4.1558,0.66995,2.7975,2.0388
4.1507,0.66995,2.8052,2.0439
4.1507,0.66485,2.8052,2.0465
4.1533,0.66995,2.8001,2.0363
4.1456,0.66995,2.8128,2.0414
4.1482,0.6674,2.8077,2.049
4.1507,0.6776,2.8052,2.0363
4.1431,0.66485,2.8128,2.049
4.1558,0.6725,2.7975,2.0414
4.1456,0.6776,2.8128,2.0363
4.1482,0.6623,2.8052,2.0414
4.1507,0.66995,2.8077,2.0414
4.1456,0.66995,2.8128,2.0414
4.1558,0.66485,2.7975,2.0414
4.1482,0.66995,2.8077,2.0363
4.1507,0.66995,2.8026,2.049
4.1533,0.6725,2.8001,2.0363
4.1431,0.68015,2.8103,2.0414
4.1507,0.66485,2.8077,2.0414
4.1482,0.66995,2.8052,2.0363
4.1456,0.66995,2.8103,2.0465
4.1584,0.66995,2.8001,2.0414
4.1405,0.6776,2.8128,2.0337
4.1507,0.66485,2.8077,2.0465
4.1507,0.66995,2.8077,2.0363
4.1431,0.6725,2.8103,2.0439
4.1558,0.66485,2.8001,2.0388
4.1507,0.6776,2.8052,2.0363
4.1507,0.66485,2.8052,2.0465
4.1533,0.66995,2.8052,2.0439
4.1507,0.66995,2.8103,2.0388
4.1507,0.6623,2.8077,2.0465
4.1507,0.6776,2.8052,2.0337
4.1405,0.66995,2.8052,2.0414
4.1558,0.66995,2.8001,2.0337
4.1405,0.6776,2.8128,2.0337
4.1507,0.66485,2.8077,2.0465
4.1507,0.66995,2.8077,2.0414
4.1405,0.6674,2.8128,2.0414
4.1507,0.66995,2.8052,2.0439
4.1507,0.66995,2.8052,2.0337
4.1456,0.66995,2.8128,2.0465
4.1584,0.66995,2.8001,2.0414
4.1507,0.67505,2.8052,2.0414
4.1507,0.6623,2.8052,2.0465
4.1558,0.6776,2.8001,2.0363
4.1405,0.66995,2.8103,2.0414
4.1507,0.6725,2.8001,2.0388
4.1507,0.67505,2.8077,2.0363
4.1431,0.66485,2.8103,2.0465
4.1558,0.6674,2.8052,2.0414
4.1507,0.66995,2.8077,2.0414
4.1558,0.66485,2.8026,2.0465
4.1507,0.6725,2.8077,2.0388
4.1507,0.66995,2.8026,2.0465
4.1558,0.6776,2.8001,2.0363
4.1431,0.66995,2.8154,2.0414
4.1533,0.6674,2.8001,2.0414
4.1431,0.6776,2.8103,2.0414
4.1507,0.66995,2.8077,2.0388
4.1507,0.6776,2.8128,2.0363
4.1482,0.6623,2.8103,2.0465
4.1507,0.6725,2.8103,2.0337
4.1456,0.66485,2.8128,2.0465
4.1558,0.66995,2.8001,2.0439
4.1507,0.6776,2.8128,2.0414
4.1482,0.6674,2.8077,2.0414
4.1507,0.6776,2.8154,2.0337
4.1507,0.66995,2.8077,2.0414
4.1507,0.6776,2.8077,2.0337
4.1456,0.6623,2.8154,2.0465
4.1507,0.66995,2.8001,2.0388
4.1507,0.66995,2.8154,2.0414
4.1558,0.6623,2.8001,2.0414
4.1507,0.66995,2.8077,2.0414
4.1507,0.6623,2.8052,2.0465
4.1558,0.6776,2.7975,2.0337
4.1482,0.66995,2.8077,2.0414
4.1584,0.6674,2.8001,2.0388
4.1456,0.66995,2.8154,2.0414
4.1507,0.66995,2.8077,2.0414
4.1456,0.67505,2.8128,2.0414
4.1507,0.6674,2.8103,2.0414
4.1456,0.6776,2.8128,2.0337
4.1482,0.6674,2.8077,2.0414
4.1507,0.67505,2.8103,2.0337
4.1507,0.6623,2.8077,2.0465
4.1507,0.6776,2.8077,2.0337
4.1456,0.66485,2.8154,2.0465
4.1558,0.66995,2.8001,2.0363
4.1431,0.66995,2.8128,2.0414
4.1558,0.66995,2.8026,2.0388
4.1482,0.6776,2.8154,2.0414
4.1456,0.66995,2.8103,2.0414
4.1482,0.68015,2.8154,2.0363
4.1482,0.6674,2.8103,2.0414
4.1431,0.6776,2.8103,2.0363
4.1482,0.6623,2.8103,2.0414
4.1482,0.6776,2.8154,2.0337
4.1482,0.66485,2.8077,2.0465
4.1482,0.6776,2.8103,2.0337
4.1431,0.66485,2.8154,2.0465
4.1507,0.6725,2.8103,2.0337
4.1405,0.66485,2.8154,2.0465
4.1558,0.66995,2.8026,2.0414
4.1431,0.66995,2.8154,2.0465
4.1558,0.66995,2.8103,2.0414
4.1482,0.66995,2.8154,2.0465
4.1533,0.66995,2.8052,2.0414
4.1482,0.66995,2.8103,2.0414
4.1533,0.6623,2.8052,2.0465
4.1533,0.6776,2.8103,2.0337
4.1431,0.6674,2.8179,2.0414
4.1533,0.6725,2.8026,2.0414
4.1482,0.66995,2.8103,2.0388
4.1456,0.66485,2.8026,2.0465
4.1507,0.6776,2.8103,2.0388
4.1482,0.66995,2.8103,2.0465
4.1558,0.6776,2.8077,2.0363
4.1482,0.66995,2.8103,2.0465
4.1533,0.67505,2.8077,2.0337
4.1482,0.66485,2.8128,2.0465
4.1533,0.6776,2.8052,2.0337
4.1456,0.66995,2.8103,2.049
4.1507,0.6776,2.8077,2.0337
4.138,0.66995,2.8205,2.0414
4.1507,0.6776,2.8077,2.0388
4.1405,0.66995,2.8205,2.0414
4.1482,0.66995,2.8128,2.0388
4.1405,0.67505,2.8205,2.0414
4.1482,0.6623,2.8128,2.0388
4.1456,0.6776,2.8103,2.0363
4.138,0.66485,2.8205,2.0465
4.1431,0.6725,2.8077,2.0414
4.138,0.66995,2.8205,2.0414
4.1456,0.66995,2.8128,2.0414
4.138,0.6776,2.8205,2.0337
4.1431,0.66485,2.8154,2.0414
4.1431,0.66995,2.8154,2.0337
4.1405,0.66995,2.8128,2.0414
4.1507,0.66995,2.8077,2.0337
4.138,0.66995,2.8205,2.0414
4.1431,0.6725,2.8154,2.0414
4.1456,0.6776,2.8103,2.0363
4.1354,0.6623,2.8205,2.0465
4.1507,0.66995,2.8154,2.0414
4.138,0.66995,2.8205,2.0414
4.1431,0.66995,2.8128,2.0388
4.1431,0.68015,2.8128,2.0337
4.1431,0.66485,2.8154,2.0465
4.1507,0.6776,2.8103,2.0363
4.1354,0.6725,2.8205,2.0439
4.1456,0.66485,2.8154,2.0439
4.1431,0.6776,2.8154,2.0312
4.138,0.66485,2.8179,2.0465
4.1507,0.67505,2.8103,2.0337
4.1431,0.6725,2.8154,2.0439
4.1507,0.6776,2.8103,2.0337
4.1431,0.66995,2.8154,2.0414
4.1507,0.6776,2.8103,2.0337
4.138,0.66995,2.8205,2.0388
4.1507,0.66995,2.8103,2.0337
4.138,0.6725,2.8205,2.0414
4.1507,0.66995,2.8103,2.0388
4.138,0.66995,2.8205,2.0388
4.1456,0.66995,2.8154,2.0414
4.1405,0.6776,2.823,2.0337
4.1431,0.66485,2.8154,2.0414
4.1456,0.6776,2.8154,2.0363
4.1405,0.66485,2.8154,2.0465
4.1431,0.66995,2.8154,2.0363
4.138,0.66995,2.8205,2.0439
4.1507,0.66995,2.8103,2.0414
4.138,0.66995,2.8205,2.0414
4.1507,0.6623,2.8103,2.0414
4.1431,0.66995,2.8154,2.0414
4.1431,0.66485,2.8154,2.0465
4.1507,0.6776,2.8077,2.0337
4.138,0.66995,2.8205,2.0414
4.1456,0.66995,2.8154,2.0388
4.1431,0.6776,2.8154,2.0363
4.138,0.66485,2.8205,2.0465
4.1507,0.66995,2.8154,2.0388
4.138,0.66995,2.8205,2.0465
4.1507,0.66485,2.8077,2.0414
4.1456,0.6776,2.8154,2.0337
4.1456,0.6623,2.8154,2.0465
4.1507,0.67505,2.8103,2.0337
4.1456,0.6725,2.8179,2.0465
4.1507,0.66995,2.8103,2.0363
4.138,0.66995,2.8154,2.0414
4.1482,0.6725,2.8103,2.0363
4.138,0.6776,2.823,2.0388
4.1456,0.6623,2.8154,2.0414
4.1456,0.67505,2.8154,2.0337
4.1431,0.6623,2.8154,2.0465
4.1431,0.66995,2.8154,2.0363
4.138,0.6623,2.8205,2.0414
4.1507,0.66995,2.8103,2.0337
4.1405,0.66995,2.823,2.0414
4.1456,0.66995,2.8154,2.0439
4.138,0.6776,2.8205,2.0312
4.1456,0.6623,2.8179,2.0465
4.1456,0.6725,2.8154,2.0414
4.1405,0.6725,2.823,2.0414
4.1456,0.66995,2.8179,2.0414
4.1405,0.67505,2.8205,2.0363
4.1431,0.6623,2.8154,2.0465
4.1456,0.66995,2.8179,2.0337
4.1405,0.66995,2.823,2.0414
4.1533,0.66995,2.8154,2.0439
4.138,0.66995,2.8205,2.0465
4.1533,0.6623,2.8103,2.0414
4.1456,0.6776,2.8154,2.0414
4.1456,0.66995,2.8154,2.0465
4.1507,0.66995,2.8103,2.0414
4.138,0.66995,2.823,2.0388
4.1456,0.6623,2.8103,2.0465
4.1456,0.6776,2.8179,2.0337
4.1456,0.66995,2.8179,2.0465
4.1507,0.6725,2.8103,2.0363
4.138,0.66995,2.823,2.0414
4.1456,0.66995,2.8179,2.0388
4.138,0.67505,2.8179,2.0337
4.1456,0.6623,2.8179,2.0465
4.1456,0.66995,2.8154,2.0337
4.138,0.66995,2.823,2.049
4.1507,0.66995,2.8103,2.0414
4.1456,0.6674,2.8179,2.0414
4.1533,0.66485,2.8103,2.0465
4.1456,0.6776,2.8154,2.0337
4.1482,0.66995,2.823,2.0465
4.1507,0.6674,2.8154,2.0439
4.138,0.66995,2.823,2.0414
4.1533,0.66995,2.8103,2.0414
4.1482,0.66995,2.8179,2.0388
4.1507,0.6623,2.8179,2.0465
4.1482,0.67505,2.8154,2.0363
4.1456,0.6623,2.8179,2.0465
4.1507,0.6776,2.8179,2.0337
4.138,0.66995,2.8154,2.0414
4.1507,0.6674,2.8128,2.0414
4.138,0.6776,2.8205,2.0439
4.1431,0.66995,2.8179,2.0414
4.1456,0.67505,2.8179,2.0337
4.1456,0.6623,2.8205,2.0414
4.1456,0.66995,2.8179,2.0337
4.138,0.6623,2.823,2.0465
4.1507,0.66995,2.8128,2.0414
4.138,0.6674,2.8256,2.049
4.1507,0.66485,2.8154,2.0414
4.1456,0.66995,2.8179,2.0414
4.1456,0.66485,2.8179,2.0414
4.1456,0.6776,2.8256,2.0337
4.1456,0.66485,2.8179,2.0465
4.1456,0.6776,2.8179,2.0337
4.1431,0.66995,2.8179,2.0465
4.1507,0.6776,2.8103,2.0337
4.138,0.6674,2.8179,2.0414
4.1507,0.66995,2.8128,2.0414
4.138,0.66995,2.8179,2.0414
4.1507,0.66995,2.8103,2.0388
4.138,0.66995,2.823,2.0465
4.1507,0.6623,2.8128,2.0414
4.1456,0.6674,2.8179,2.0414
4.1482,0.66995,2.8179,2.0414
4.1456,0.6776,2.8179,2.0337
4.1405,0.66485,2.8256,2.0465
4.1507,0.66995,2.8205,2.0414
4.1405,0.66995,2.823,2.0414
4.1507,0.6623,2.8103,2.0414
4.1482,0.66995,2.823,2.0388
4.1533,0.6623,2.8103,2.0388
4.1482,0.66995,2.8179,2.0363
4.1456,0.6623,2.8128,2.0465
4.1507,0.67505,2.8077,2.0363
4.1456,0.66995,2.8154,2.0414
4.1507,0.6674,2.8128,2.0388
4.1456,0.6674,2.8154,2.0414
4.1456,0.66485,2.8179,2.0465
4.1533,0.67505,2.8128,2.0337
