3.7938,1.7661,3.8808,2.9058
3.7989,1.7661,3.8757,2.9058
3.7989,1.7712,3.8757,2.8956
3.7938,1.7789,3.8808,2.893
3.7836,1.7712,3.8885,2.9007
3.7938,1.7661,3.8834,2.9058
3.7989,1.7712,3.8783,2.9032
3.7913,1.7789,3.8834,2.893
3.7836,1.7712,3.891,2.9032
3.7913,1.7636,3.8834,2.9058
3.7989,1.7712,3.8757,2.9007
3.7887,1.7763,3.8834,2.8956
3.7811,1.7712,3.8885,2.9007
3.7913,1.7712,3.8834,2.9007
3.7989,1.7687,3.8783,2.9032
3.7887,1.7789,3.8834,2.8981
3.7811,1.7636,3.8936,2.9083
3.7887,1.7687,3.8808,2.9032
3.7913,1.7738,3.8885,2.8981
3.7811,1.7687,3.8936,2.9032
3.7836,1.7585,3.8834,2.9109
3.7938,1.7661,3.8808,2.9007
3.7811,1.7712,3.8961,2.9007
3.7811,1.7585,3.8987,2.9134
3.7913,1.7636,3.8859,2.9083
3.7836,1.7687,3.891,2.9007
3.7785,1.7559,3.9012,2.9134
3.7887,1.7559,3.8885,2.916
3.7913,1.7661,3.891,2.9058
3.776,1.7687,3.9012,2.9109
3.7836,1.7534,3.8961,2.9185
3.7913,1.761,3.891,2.9083
3.7836,1.7661,3.8987,2.9032
3.776,1.7661,3.9038,2.9109
3.7811,1.7534,3.9012,2.916
3.7836,1.7585,3.8961,2.9083
3.7811,1.761,3.9012,2.9032
3.7811,1.7585,3.9012,2.9083
3.7811,1.7585,3.9089,2.9083
3.7811,1.7534,3.9012,2.9109
3.7887,1.7585,3.8961,2.9109
3.7862,1.7636,3.8961,2.9032
3.776,1.7661,3.9089,2.9032
3.776,1.7585,3.9114,2.9185
3.7862,1.7534,3.9038,2.916
3.7862,1.7559,3.8961,2.9109
3.7836,1.7585,3.9038,2.9032
3.7836,1.7585,3.9012,2.9109
3.776,1.7559,3.9038,2.9109
3.7836,1.7508,3.9038,2.9185
3.7862,1.7585,3.8987,2.9109
3.7836,1.7636,3.9063,2.9032
3.7811,1.7585,3.9114,2.9109
3.7811,1.7585,3.9063,2.9185
3.7811,1.7559,3.9063,2.9109
3.7836,1.7585,3.9038,2.9083
3.7811,1.7585,3.9038,2.9083
3.7836,1.7585,3.9038,2.916
3.7887,1.7585,3.8961,2.9083
3.7836,1.7661,3.9038,2.9032
3.776,1.761,3.9114,2.9109
3.7836,1.761,3.9038,2.916
3.7836,1.7508,3.8987,2.916
3.7913,1.7585,3.8987,2.9007
3.7836,1.7636,3.9063,2.9007
3.7785,1.7636,3.9114,2.9083
3.776,1.7534,3.9114,2.9134
3.7887,1.7534,3.8987,2.916
3.7913,1.761,3.9012,2.9032
3.7862,1.7636,3.9114,2.9007
3.776,1.7585,3.9114,2.9083
3.7811,1.7508,3.9063,2.9134
3.7887,1.7585,3.9012,2.9083
3.7836,1.7636,3.9089,2.9032
3.7785,1.7559,3.914,2.9058
3.7811,1.7508,3.9089,2.9134
3.7862,1.7559,3.9038,2.9058
3.7811,1.7636,3.9114,2.9007
3.776,1.7661,3.914,2.9083
3.776,1.7559,3.9089,2.9083
3.7811,1.7508,3.9089,2.9083
3.7913,1.7559,3.9063,2.9109
3.7811,1.7559,3.9114,2.9083
3.7836,1.761,3.9114,2.9083
3.776,1.7559,3.9191,2.9083
3.776,1.7508,3.9191,2.9134
3.7887,1.7457,3.9089,2.9134
3.7862,1.7534,3.9063,2.9058
3.7836,1.7585,3.9114,2.9032
3.7836,1.7559,3.9114,2.9058
3.7785,1.7559,3.914,2.9083
3.7836,1.7508,3.9114,2.9134
3.7887,1.7559,3.9038,2.9058
3.7836,1.7636,3.9114,2.9032
3.7811,1.7585,3.9165,2.9058
3.7836,1.7534,3.9114,2.9134
3.7887,1.761,3.9038,2.9058
3.7836,1.7661,3.9063,2.9007
3.7785,1.7585,3.9114,2.9032
3.7811,1.7508,3.9089,2.9109
3.7887,1.7585,3.9012,2.9007
3.7836,1.7636,3.9089,2.9032
3.7735,1.7559,3.9165,2.9083
3.7836,1.7483,3.9114,2.9134
3.7887,1.7534,3.9063,2.9032
3.7811,1.7534,3.9165,2.9058
3.7785,1.7534,3.914,2.9109
3.776,1.7534,3.9242,2.9109
3.7811,1.7483,3.9165,2.9109
3.7862,1.7559,3.9114,2.9109
3.7811,1.7585,3.9191,2.9032
3.776,1.7534,3.9242,2.9083
3.776,1.7534,3.9165,2.9134
3.7836,1.7534,3.9165,2.9058
3.7887,1.7559,3.914,2.9083
3.7862,1.7585,3.9114,2.9032
3.7785,1.7585,3.9165,2.9083
3.7836,1.7534,3.9114,2.9058
3.7913,1.7559,3.9038,2.9058
3.7836,1.7636,3.9114,2.9007
3.776,1.7636,3.9191,2.9083
3.7785,1.7483,3.9191,2.916
3.7836,1.7534,3.9114,2.9083
3.7913,1.7534,3.9063,2.9083
3.7836,1.761,3.914,2.9007
3.7836,1.7559,3.9165,2.9083
3.7836,1.7534,3.9216,2.9083
3.7836,1.7534,3.914,2.9083
3.7887,1.7534,3.9089,2.9032
3.7836,1.761,3.914,2.9032
3.7836,1.7534,3.9165,2.9083
3.7836,1.7534,3.9216,2.9109
3.7836,1.7483,3.9165,2.916
3.7913,1.7483,3.9114,2.9109
3.7887,1.7534,3.9165,2.9032
3.7836,1.7534,3.9165,2.9083
3.7785,1.7534,3.9242,2.9083
3.7836,1.7457,3.9191,2.9083
3.7913,1.7534,3.9114,2.9083
3.7836,1.761,3.9191,2.9032
3.7836,1.7559,3.9165,2.9058
3.7785,1.7534,3.914,2.9083
3.7862,1.7483,3.9165,2.9134
3.7913,1.7534,3.9114,2.9032
3.7913,1.7585,3.9165,2.9032
3.7785,1.761,3.9216,2.9058
3.776,1.7483,3.9216,2.9134
3.7836,1.7508,3.9191,2.9134
3.7887,1.7534,3.9114,2.9007
3.7836,1.761,3.9165,2.9032
3.7785,1.7534,3.9242,2.9058
3.776,1.7457,3.9242,2.9109
3.7913,1.7483,3.914,2.9134
3.7887,1.7585,3.914,2.9032
3.7836,1.7585,3.9216,2.9007
3.776,1.7534,3.9267,2.9083
3.7785,1.7457,3.9267,2.9109
3.7913,1.7483,3.9165,2.9058
3.7913,1.7534,3.914,2.8981
3.7862,1.761,3.9267,2.8981
3.7811,1.7559,3.9216,2.9032
3.7836,1.7508,3.9165,2.9109
3.7938,1.7534,3.9114,2.9032
3.7862,1.7585,3.9165,2.8956
3.7862,1.7534,3.9165,2.9007
3.7913,1.761,3.9216,2.8981
3.7887,1.7585,3.914,2.9007
3.7913,1.7585,3.9114,2.9007
3.7887,1.7661,3.914,2.8981
3.7836,1.7636,3.9165,2.8981
3.7938,1.7559,3.9063,2.9032
3.7989,1.7585,3.8987,2.8981
3.8015,1.7687,3.9012,2.8905
3.7862,1.7712,3.9114,2.893
3.7862,1.7636,3.9089,2.9058
3.7989,1.7585,3.8987,2.8981
3.8015,1.7738,3.8961,2.8905
3.7887,1.7738,3.9063,2.8956
3.7887,1.7585,3.9089,2.9032
3.8015,1.7585,3.8936,2.8956
3.804,1.7738,3.8961,2.8905
3.7938,1.7712,3.9063,2.893
3.7913,1.761,3.9063,2.9032
3.7964,1.7585,3.891,2.9032
3.8015,1.7661,3.8936,2.8956
3.7938,1.7738,3.8961,2.8905
3.7887,1.7661,3.9063,2.9032
3.7938,1.761,3.8987,2.9032
3.804,1.7661,3.8885,2.8981
3.7964,1.7738,3.8987,2.893
3.7887,1.7687,3.9038,2.8981
3.7938,1.761,3.9012,2.9032
3.7938,1.7636,3.9012,2.9007
3.7913,1.7636,3.8936,2.893
3.7913,1.7712,3.9012,2.893
3.7862,1.7585,3.9089,2.9083
3.7964,1.7585,3.9012,2.9083
3.7938,1.761,3.8987,2.9032
3.7964,1.7687,3.9012,2.8956
3.7811,1.7687,3.914,2.8956
3.7811,1.7534,3.914,2.9109
3.7938,1.7534,3.9012,2.9109
3.7938,1.7636,3.9038,2.8981
3.7862,1.7661,3.9089,2.9032
3.7887,1.7585,3.9114,2.9083
3.7862,1.7585,3.9114,2.9032
3.7887,1.7534,3.9114,2.9058
3.7862,1.7636,3.914,2.9032
3.7862,1.7585,3.9216,2.9058
3.7862,1.7585,3.9114,2.9058
3.7862,1.7585,3.9114,2.9083
3.7862,1.7636,3.9114,2.9007
3.7811,1.7559,3.9165,2.9058
3.7862,1.7483,3.9114,2.9134
3.7938,1.7508,3.9063,2.9058
3.7938,1.7636,3.9063,2.9058
3.7836,1.7636,3.9191,2.9032
3.7785,1.7585,3.9191,2.9134
3.7836,1.7508,3.914,2.916
3.7913,1.7559,3.9063,2.9109
3.7938,1.7636,3.914,2.9007
3.776,1.7559,3.9216,2.9083
3.7836,1.7483,3.914,2.916
3.7913,1.7534,3.9089,2.9083
3.7862,1.761,3.9165,2.9032
3.7811,1.7559,3.9216,2.9083
3.7836,1.7483,3.9165,2.916
3.7913,1.7534,3.9165,2.9109
3.7836,1.761,3.9165,2.9083
3.7785,1.7559,3.9216,2.9083
3.7836,1.7457,3.9165,2.9134
3.7913,1.761,3.9089,2.9032
3.7836,1.761,3.9165,2.9032
3.7785,1.7534,3.9216,2.9134
3.7836,1.7483,3.9165,2.916
3.7913,1.761,3.9114,2.9083
3.7836,1.761,3.9191,2.9083
3.776,1.7534,3.9216,2.9109
3.776,1.7457,3.9216,2.9185
3.7913,1.7483,3.9089,2.9109
3.7887,1.7534,3.9191,2.9058
3.7785,1.7585,3.9165,2.9109
3.776,1.7457,3.9242,2.9185
3.7913,1.7457,3.9114,2.9109
3.7913,1.7585,3.9114,2.9058
3.7785,1.7585,3.9165,2.9109
3.776,1.7534,3.9242,2.9109
3.7836,1.7534,3.9191,2.9185
3.7913,1.7534,3.914,2.9083
3.7836,1.7585,3.9191,2.9032
3.776,1.7508,3.9242,2.9109
3.7836,1.7457,3.9191,2.9185
3.7862,1.7534,3.9114,2.9083
3.7836,1.761,3.9165,2.9032
3.7836,1.7559,3.9165,2.9109
3.7862,1.7559,3.9165,2.9185
3.7836,1.7559,3.914,2.9109
3.7862,1.7559,3.9165,2.9109
3.7862,1.7559,3.914,2.9109
3.7785,1.7559,3.9114,2.9109
3.7836,1.7559,3.9114,2.9109
3.7862,1.7534,3.9063,2.9109
3.7862,1.7636,3.9114,2.9032
3.7785,1.7559,3.9165,2.9109
3.7811,1.7559,3.9114,2.916
3.7862,1.7534,3.9114,2.9109
3.7836,1.7559,3.9114,2.9058
3.7836,1.7559,3.9114,2.9109
3.7862,1.7559,3.9114,2.9109
3.7862,1.7585,3.914,2.9109
3.7887,1.7559,3.9063,2.9109
3.7836,1.761,3.9114,2.9109
3.7836,1.7559,3.914,2.9109
3.7862,1.7483,3.9114,2.9185
3.7938,1.7534,3.9114,2.9134
3.7862,1.7585,3.9114,2.9134
3.7836,1.7534,3.9191,2.9109
3.7836,1.7483,3.9165,2.9211
3.7938,1.7559,3.9063,2.9058
3.7785,1.7636,3.9216,2.9058
3.7836,1.7585,3.9191,2.9185
3.7862,1.7483,3.9114,2.916
3.7938,1.7534,3.9063,2.9109
3.7938,1.7636,3.9063,2.9083
3.7785,1.761,3.9191,2.9058
3.7785,1.7432,3.9216,2.9185
3.7836,1.7457,3.914,2.9211
3.7836,1.7508,3.9191,2.9134
3.7887,1.7508,3.9114,2.9134
3.7836,1.7559,3.9191,2.9109
3.776,1.7483,3.9267,2.9134
3.7785,1.7406,3.9267,2.9211
3.7811,1.7432,3.9165,2.9236
3.7887,1.7483,3.914,2.916
3.7811,1.7559,3.9216,2.9083
3.776,1.7559,3.9267,2.916
3.7785,1.7432,3.9318,2.9236
3.7887,1.7406,3.9165,2.9211
3.7887,1.7508,3.9165,2.9134
3.7836,1.7534,3.9242,2.9058
3.776,1.7559,3.9293,2.9083
3.7785,1.7406,3.9293,2.9185
3.7913,1.7432,3.9165,2.9236
3.7913,1.7483,3.9165,2.9109
3.7836,1.7534,3.9216,2.9058
3.776,1.7559,3.9267,2.9134
3.7785,1.7508,3.9216,2.9134
3.7836,1.7508,3.9216,2.9109
3.7913,1.7483,3.9165,2.9109
3.7836,1.7585,3.9216,2.9058
3.7785,1.7508,3.9267,2.9134
3.7811,1.7457,3.9267,2.9185
3.7862,1.7457,3.914,2.9185
3.7913,1.7508,3.9114,2.9058
3.7836,1.7508,3.9191,2.9109
3.7862,1.7559,3.9216,2.9134
3.7811,1.7483,3.9267,2.9134
3.7862,1.7432,3.9191,2.9134
3.7913,1.7457,3.9114,2.9109
3.7938,1.7585,3.9114,2.9032
3.7836,1.7559,3.9216,2.9058
3.7785,1.7534,3.9267,2.9134
3.7862,1.7457,3.9191,2.9134
3.7913,1.7508,3.9114,2.9134
3.7862,1.7585,3.9165,2.9058
3.7785,1.7534,3.9242,2.9109
3.7811,1.7457,3.9242,2.9185
3.7938,1.7483,3.9114,2.9109
3.7938,1.761,3.9114,2.9058
3.7785,1.7636,3.9216,2.9058
3.7811,1.7508,3.9216,2.9185
3.7887,1.7483,3.914,2.9185
3.7938,1.7559,3.9089,2.9109
3.7913,1.7585,3.9114,2.9032
3.7887,1.7636,3.9191,2.9032
3.7836,1.7559,3.9191,2.9134
3.7913,1.7534,3.9114,2.9083
3.7964,1.7585,3.9089,2.9083
3.7862,1.7585,3.9089,2.9032
3.7913,1.7585,3.9089,2.9083
3.7913,1.7559,3.9114,2.9083
3.7913,1.7585,3.9114,2.9083
3.7938,1.7559,3.9114,2.9083
3.7913,1.7636,3.9114,2.9058
3.7836,1.7585,3.9165,2.9058
3.7913,1.7508,3.9114,2.9134
3.7913,1.7508,3.9038,2.9058
3.7964,1.7559,3.9114,2.9058
3.7887,1.7636,3.9114,2.9007
3.7836,1.7636,3.9191,2.9032
3.7836,1.7508,3.9216,2.9134
3.7862,1.7508,3.9165,2.9109
3.7938,1.7585,3.9114,2.9032
3.7862,1.7636,3.9114,2.9007
3.7811,1.7559,3.9216,2.9032
3.7862,1.7585,3.914,2.9109
3.7887,1.7508,3.914,2.9032
3.7964,1.7534,3.9089,2.9032
3.7862,1.761,3.9165,2.8981
3.7811,1.7636,3.9216,2.9058
3.7811,1.7508,3.9242,2.9109
3.7938,1.7534,3.9089,2.9109
3.7964,1.7585,3.9089,2.9007
3.7862,1.7661,3.914,2.8981
3.7811,1.7585,3.9216,2.9032
3.7913,1.7508,3.914,2.9109
3.7938,1.7585,3.9063,2.9032
3.7964,1.7636,3.9038,2.8956
3.7862,1.7636,3.9165,2.9032
3.7836,1.7508,3.9165,2.9083
3.7964,1.7534,3.9038,2.9109
3.7938,1.7661,3.9012,2.9007
3.7887,1.7661,3.9089,2.9007
3.7887,1.761,3.9063,2.9032
3.7811,1.761,3.914,2.9032
3.7887,1.7559,3.9063,2.9058
3.7938,1.761,3.9012,2.9032
3.7862,1.7661,3.9038,2.9083
3.7836,1.761,3.9114,2.9058
3.7836,1.7534,3.9038,2.9134
3.7938,1.761,3.8987,2.9058
3.7862,1.7636,3.9038,2.9058
3.7811,1.7585,3.9114,2.9083
3.7862,1.7534,3.9063,2.9083
3.7862,1.761,3.9038,2.9083
3.7862,1.761,3.9012,2.9058
3.7836,1.7534,3.9038,2.9134
3.7938,1.761,3.8961,2.9109
3.7938,1.7661,3.9012,2.9032
3.7785,1.7661,3.9114,2.9032
3.7811,1.761,3.9114,2.916
3.7836,1.7534,3.9038,2.9134
3.7862,1.7508,3.8987,2.9109
3.7938,1.761,3.9038,2.9109
3.7862,1.7661,3.9012,2.9058
3.7811,1.761,3.9063,2.9083
3.7811,1.7534,3.9089,2.916
3.7862,1.7559,3.8987,2.9134
3.7913,1.7636,3.8987,2.9032
3.7836,1.7636,3.9012,2.9032
3.7862,1.7636,3.9012,2.9083
3.7836,1.7636,3.9012,2.9083
3.7836,1.7559,3.9012,2.916
3.7938,1.7559,3.8936,2.9058
3.7862,1.7636,3.8987,2.9007
3.7862,1.7636,3.8987,2.9058
3.7887,1.761,3.9038,2.9109
3.7836,1.7636,3.8987,2.9083
3.7938,1.761,3.8987,2.9083
3.7862,1.7687,3.8961,2.9083
3.7785,1.7687,3.9038,2.9109
3.7811,1.7559,3.9012,2.916
3.7836,1.7559,3.8987,2.9134
3.7938,1.761,3.891,2.9083
3.7862,1.761,3.8961,2.9109
3.7836,1.7687,3.8961,2.9109
3.7785,1.7636,3.9038,2.9109
3.7836,1.7585,3.8987,2.9185
3.7913,1.7559,3.891,2.916
3.7913,1.7636,3.8936,2.9058
3.7862,1.7687,3.8961,2.9058
3.7785,1.7636,3.9012,2.916
3.7836,1.7534,3.8885,2.9185
3.7913,1.7636,3.891,2.9032
3.7862,1.7687,3.8961,2.9058
3.7785,1.7585,3.9012,2.916
3.7913,1.7585,3.891,2.9185
3.7913,1.7687,3.891,2.9032
3.7836,1.7636,3.8961,2.9083
3.7836,1.7585,3.8961,2.916
3.7913,1.7636,3.8885,2.9032
3.7836,1.7687,3.8961,2.9007
3.7785,1.7636,3.9012,2.9083
3.7836,1.7636,3.8961,2.9083
3.7913,1.7661,3.8859,2.9083
3.7836,1.7738,3.8936,2.9058
3.7811,1.7661,3.8987,2.9058
3.7836,1.761,3.8961,2.9058
3.7938,1.761,3.8859,2.9083
3.7913,1.7738,3.8834,2.9007
3.7811,1.7738,3.8961,2.9007
3.7811,1.7687,3.8961,2.9134
3.7887,1.7636,3.8859,2.9109
3.7938,1.7687,3.8808,2.9058
3.7887,1.7661,3.891,2.9007
3.7862,1.7687,3.8859,2.9032
3.7811,1.7712,3.8859,2.9058
3.7836,1.7636,3.8834,2.9134
3.7938,1.7636,3.8808,2.9058
3.7938,1.7789,3.8808,2.8981
3.7887,1.7789,3.8859,2.8981
3.7811,1.7712,3.891,2.9032
3.7887,1.7636,3.8859,2.9083
3.7913,1.7738,3.8859,2.9032
3.7887,1.7738,3.8859,2.9032
3.7913,1.7789,3.8808,2.8981
3.7836,1.7712,3.8859,2.9058
3.7887,1.7712,3.8834,2.9058
3.7887,1.7661,3.8834,2.9032
3.7938,1.7712,3.8757,2.9032
3.7862,1.7814,3.8808,2.8981
3.7836,1.7712,3.891,2.9032
3.7887,1.7712,3.8859,2.9109
3.7938,1.7687,3.8732,2.9032
3.7938,1.7738,3.8732,2.8981
3.7887,1.7789,3.8808,2.8981
3.7836,1.7763,3.8859,2.9032
3.7887,1.7687,3.8808,2.9109
3.7887,1.7738,3.8808,2.9032
3.7913,1.7763,3.8706,2.8981
3.7862,1.7814,3.8834,2.8981
3.7785,1.7738,3.8834,2.9032
3.7887,1.7712,3.8757,2.9109
3.7887,1.7738,3.8783,2.9032
3.7887,1.7738,3.8757,2.9032
3.7913,1.784,3.8757,2.9007
3.7836,1.7763,3.8808,2.9058
3.7862,1.7763,3.8757,2.9109
3.7887,1.7687,3.8757,2.9032
3.7938,1.7738,3.8681,2.9032
3.7887,1.784,3.8732,2.9032
3.7836,1.784,3.8757,2.9032
3.7887,1.7763,3.8732,2.9083
3.7887,1.7789,3.8732,2.9058
3.7913,1.7763,3.8732,2.9032
3.7887,1.784,3.8757,2.8981
3.7811,1.7789,3.8808,2.9032
3.7811,1.7712,3.8783,2.9109
3.7938,1.7712,3.8655,2.9109
3.7964,1.7738,3.8681,2.8981
3.7862,1.7814,3.8732,2.8981
3.7862,1.7763,3.8732,2.9058
3.7887,1.7763,3.8706,2.9109
3.7862,1.7738,3.8732,2.9058
3.7887,1.7763,3.8732,2.9058
3.7862,1.784,3.8757,2.9007
3.7836,1.7763,3.8808,2.9032
3.7862,1.7712,3.8732,2.9083
3.7938,1.7687,3.8655,2.9032
3.7964,1.784,3.8655,2.8981
