2.0706,2.4697,4.2377,2.791
2.0732,2.4723,4.2377,2.7834
2.0655,2.4697,4.2453,2.791
2.0706,2.4646,4.2377,2.7936
2.0808,2.4723,4.2326,2.7885
2.0706,2.4774,4.2377,2.7834
2.0655,2.4774,4.2428,2.7885
2.0655,2.4672,4.2377,2.7987
2.0757,2.4672,4.23,2.7936
2.0706,2.4799,4.2351,2.7834
2.063,2.4748,4.2428,2.791
2.0732,2.4672,4.2351,2.7987
2.0757,2.4723,4.23,2.791
2.0706,2.4799,4.2351,2.7885
2.0604,2.4748,4.2402,2.791
2.0681,2.4697,4.2326,2.7987
2.0783,2.4748,4.2275,2.791
2.0732,2.4825,4.2351,2.791
2.0655,2.4748,4.2377,2.791
2.0681,2.4697,4.2326,2.7987
2.0732,2.4748,4.2249,2.791
2.0706,2.4825,4.23,2.791
2.0655,2.4723,4.2377,2.7936
2.0681,2.4672,4.23,2.791
2.0706,2.4748,4.23,2.791
2.0706,2.4748,4.2275,2.7834
2.0681,2.4774,4.2275,2.791
2.0706,2.4774,4.2249,2.791
2.0757,2.4774,4.2275,2.791
2.0706,2.485,4.2224,2.7885
2.0706,2.4799,4.2224,2.791
2.0706,2.4723,4.2224,2.791
2.0757,2.4799,4.2147,2.791
2.0706,2.4799,4.2173,2.7859
2.063,2.4774,4.2198,2.791
2.0681,2.4748,4.2173,2.791
2.0757,2.4799,4.2096,2.7936
2.0706,2.4876,4.2173,2.7834
2.063,2.4799,4.2147,2.791
2.0706,2.4748,4.2173,2.7961
2.0783,2.4825,4.2096,2.791
2.0706,2.4876,4.2147,2.7834
2.0655,2.4876,4.2198,2.791
2.0681,2.485,4.2122,2.7961
2.0706,2.4825,4.2122,2.791
2.0681,2.4825,4.2122,2.791
2.0681,2.485,4.2122,2.7885
2.0706,2.485,4.2122,2.7987
2.0706,2.4825,4.2122,2.7885
2.0681,2.4876,4.2096,2.7834
2.063,2.485,4.2173,2.791
2.0681,2.4774,4.2096,2.791
2.0681,2.485,4.202,2.791
2.0681,2.4927,4.2071,2.791
2.0681,2.4876,4.2096,2.791
2.0681,2.4825,4.2071,2.7936
2.0706,2.4927,4.2071,2.7859
2.0681,2.4876,4.2045,2.791
2.0655,2.4901,4.2045,2.7961
2.0681,2.4876,4.202,2.791
2.0706,2.4876,4.202,2.7834
2.0681,2.4901,4.202,2.791
2.0681,2.4876,4.1994,2.7961
2.0681,2.4876,4.1994,2.791
2.0681,2.4927,4.202,2.7859
2.0681,2.4901,4.1969,2.791
2.0604,2.4927,4.1994,2.7936
2.0681,2.485,4.1969,2.7936
2.0706,2.4876,4.1893,2.791
2.0655,2.4978,4.1969,2.7936
2.0579,2.4876,4.2045,2.7936
2.0681,2.485,4.1969,2.8012
2.0706,2.4901,4.1918,2.7936
2.0655,2.4952,4.1969,2.7885
2.0579,2.4901,4.2045,2.7936
2.0604,2.485,4.2045,2.7987
2.0706,2.485,4.1867,2.7961
2.0706,2.4978,4.1893,2.7859
2.0579,2.4978,4.1994,2.7961
2.0579,2.4825,4.202,2.8012
2.0706,2.485,4.1918,2.8012
2.0706,2.4876,4.1842,2.7885
2.0655,2.4978,4.202,2.7885
2.0553,2.485,4.1994,2.8012
2.0604,2.485,4.1918,2.8012
2.0706,2.4901,4.1842,2.7885
2.063,2.4952,4.1893,2.7885
2.0579,2.4927,4.1969,2.8038
2.063,2.4876,4.1893,2.8012
2.0681,2.4927,4.1816,2.7961
2.063,2.4978,4.1943,2.7885
2.0579,2.4927,4.1943,2.8012
2.0655,2.4876,4.1842,2.8012
2.0681,2.4927,4.1791,2.791
2.0579,2.5003,4.1918,2.791
2.0528,2.4876,4.1918,2.8012
2.0681,2.4876,4.1791,2.7987
2.0681,2.4978,4.1791,2.7885
2.0553,2.4952,4.1918,2.7936
2.063,2.4876,4.1842,2.8012
2.0655,2.4952,4.1765,2.7936
2.063,2.5029,4.1816,2.7859
2.0579,2.4978,4.1842,2.7961
2.063,2.4978,4.1765,2.8012
2.0655,2.4927,4.1765,2.7936
2.063,2.4978,4.1689,2.7936
2.0655,2.508,4.174,2.7834
2.0579,2.5003,4.1791,2.7961
2.0655,2.5029,4.174,2.7987
2.0604,2.5029,4.174,2.7885
2.0655,2.508,4.1689,2.7859
2.0579,2.508,4.1765,2.791
2.0579,2.4952,4.1765,2.7987
2.0706,2.4978,4.1638,2.791
2.0681,2.5105,4.1638,2.7859
2.0655,2.5029,4.1663,2.7961
2.0604,2.5029,4.174,2.7987
2.0706,2.4978,4.1612,2.7936
2.0706,2.5105,4.1663,2.7859
2.0579,2.5029,4.174,2.791
2.0655,2.4978,4.1663,2.7987
2.063,2.5054,4.1663,2.7936
2.063,2.5105,4.1638,2.7834
2.0553,2.4978,4.1714,2.7987
2.0706,2.5054,4.1587,2.791
2.0655,2.5131,4.1638,2.7859
2.0655,2.5054,4.1689,2.791
2.0655,2.5054,4.1561,2.791
2.0655,2.5105,4.1612,2.7834
2.0553,2.5003,4.1663,2.7961
2.0655,2.5003,4.1587,2.7987
2.0732,2.5054,4.1536,2.7834
2.0579,2.5156,4.1663,2.7859
2.0553,2.5105,4.1638,2.7987
2.0706,2.5029,4.1536,2.7961
2.0681,2.5131,4.1536,2.7859
2.0579,2.5131,4.1638,2.791
2.0579,2.5003,4.1638,2.7987
2.0681,2.5003,4.1536,2.7936
2.063,2.5156,4.1587,2.7859
2.0553,2.5054,4.1663,2.7987
2.0604,2.5003,4.1612,2.7987
2.0706,2.508,4.1536,2.7936
2.063,2.5131,4.1561,2.7885
2.0604,2.508,4.1561,2.7987
2.063,2.508,4.1587,2.791
2.063,2.5131,4.1561,2.7859
2.0579,2.5029,4.1638,2.791
2.0681,2.5029,4.1536,2.7961
2.0681,2.508,4.1485,2.7834
2.0553,2.5182,4.1536,2.791
2.0604,2.508,4.1536,2.7885
2.063,2.508,4.151,2.791
2.063,2.5105,4.1536,2.7885
2.063,2.5105,4.1485,2.791
2.063,2.5105,4.1536,2.7987
2.0655,2.5131,4.1459,2.791
2.0604,2.5182,4.151,2.7859
2.0579,2.5105,4.1561,2.7936
2.063,2.5054,4.1485,2.791
2.0681,2.5105,4.1434,2.791
2.063,2.5182,4.1485,2.791
2.0604,2.5105,4.1485,2.8012
2.0681,2.508,4.1459,2.7961
2.0604,2.5131,4.151,2.7859
2.0604,2.5105,4.1612,2.7961
2.063,2.508,4.1536,2.8012
2.0604,2.5105,4.1459,2.7936
2.0579,2.5105,4.1536,2.7885
2.0553,2.508,4.1561,2.791
2.0604,2.5029,4.1536,2.7987
2.0681,2.5105,4.1459,2.791
2.063,2.5182,4.1485,2.7885
2.0579,2.5131,4.1561,2.791
2.063,2.5054,4.1485,2.7987
2.0681,2.5131,4.1408,2.791
2.0604,2.5182,4.1485,2.791
2.0604,2.5131,4.1561,2.791
2.0604,2.5029,4.151,2.7936
2.063,2.5105,4.151,2.7859
2.063,2.5131,4.1485,2.791
2.0604,2.5105,4.151,2.7961
2.0681,2.5131,4.1459,2.7936
2.063,2.5131,4.1561,2.7885
2.0553,2.508,4.1587,2.7961
2.063,2.5029,4.1536,2.7961
2.0706,2.5105,4.1459,2.7936
2.063,2.5131,4.1536,2.7936
2.0553,2.508,4.1587,2.7936
2.0604,2.5003,4.1561,2.7987
2.0681,2.508,4.1485,2.7936
2.0604,2.508,4.1587,2.7961
2.0528,2.5054,4.1561,2.791
2.0604,2.4978,4.1587,2.8012
2.0655,2.5054,4.1536,2.7961
2.0604,2.5105,4.1612,2.7885
2.0579,2.5054,4.1587,2.7961
2.0604,2.5054,4.1663,2.7961
2.0604,2.4978,4.1612,2.7936
2.0655,2.5029,4.1561,2.7961
2.063,2.5131,4.1612,2.791
2.0604,2.5029,4.1638,2.7961
2.0604,2.5054,4.1714,2.8012
2.0655,2.4978,4.1612,2.8012
2.0655,2.508,4.1638,2.791
2.0604,2.508,4.174,2.7961
2.0604,2.4978,4.1689,2.8012
2.0681,2.4978,4.1663,2.791
2.063,2.508,4.1714,2.7885
2.0579,2.5029,4.1765,2.7987
2.0655,2.4952,4.1689,2.7961
2.0732,2.5029,4.1612,2.7834
2.0655,2.5131,4.1663,2.7834
2.0579,2.508,4.1714,2.7936
2.0706,2.5003,4.1638,2.7961
2.0732,2.5054,4.1587,2.7834
2.0604,2.5131,4.1714,2.7834
2.0604,2.5003,4.1689,2.7936
2.0732,2.4978,4.1587,2.7885
2.0655,2.5156,4.1638,2.7834
2.0604,2.508,4.1714,2.7859
2.0655,2.5003,4.1638,2.7961
2.0732,2.5054,4.1587,2.7859
2.0757,2.5131,4.1638,2.7783
2.0604,2.5131,4.1714,2.7859
2.063,2.5029,4.1689,2.791
2.0732,2.5003,4.1561,2.7936
2.0732,2.5105,4.1587,2.7834
2.063,2.5131,4.174,2.7808
2.063,2.508,4.174,2.7936
2.0681,2.5029,4.1663,2.7961
2.0732,2.508,4.1612,2.7783
2.0706,2.5156,4.1663,2.7783
2.0681,2.508,4.174,2.7885
2.0681,2.5054,4.1663,2.7936
2.0706,2.508,4.1689,2.7859
2.0706,2.5054,4.1663,2.7808
2.0706,2.5054,4.1663,2.7885
2.0681,2.508,4.1663,2.7936
2.0681,2.5054,4.1663,2.7885
2.0706,2.5029,4.1689,2.7783
2.0706,2.5054,4.1689,2.7859
2.0706,2.5054,4.1689,2.7859
2.0706,2.5003,4.1714,2.7885
2.0783,2.508,4.1638,2.7783
2.0706,2.5105,4.1689,2.7783
2.063,2.5054,4.1765,2.791
2.0706,2.5054,4.1689,2.791
2.0706,2.5054,4.174,2.7859
2.0783,2.5054,4.1638,2.7885
2.0706,2.508,4.1714,2.7783
2.063,2.5054,4.1791,2.7859
2.0732,2.4978,4.1714,2.791
2.0783,2.5029,4.1663,2.7783
2.063,2.5105,4.1765,2.7783
2.0681,2.5054,4.1765,2.791
2.0706,2.4978,4.1689,2.791
2.0808,2.5029,4.1663,2.7834
2.0732,2.508,4.174,2.7783
2.0655,2.5029,4.1816,2.7834
2.0706,2.4952,4.174,2.791
2.0783,2.5029,4.1689,2.7834
2.0732,2.508,4.1765,2.7783
2.0681,2.5003,4.1842,2.7859
2.0706,2.4952,4.1765,2.791
2.0808,2.5003,4.174,2.7885
2.0732,2.5054,4.1765,2.7834
2.0655,2.4978,4.1816,2.7859
2.0732,2.4978,4.1816,2.7885
2.0732,2.4978,4.1842,2.7834
2.0706,2.4978,4.1842,2.7859
2.0706,2.4952,4.1842,2.7885
2.0706,2.4952,4.1867,2.7885
2.0706,2.4952,4.1867,2.7808
2.0655,2.4952,4.1918,2.7885
2.0706,2.4876,4.1893,2.7961
2.0706,2.4978,4.1943,2.7859
2.0706,2.4901,4.1994,2.791
2.0732,2.4876,4.1969,2.791
2.0706,2.4901,4.1969,2.7885
2.0706,2.4876,4.1969,2.7885
2.0706,2.4876,4.1994,2.791
2.0706,2.4876,4.202,2.791
2.0757,2.485,4.2045,2.791
2.0681,2.4876,4.2045,2.791
2.0681,2.485,4.2071,2.791
2.0783,2.4774,4.1994,2.7987
2.0757,2.4901,4.202,2.7859
2.0681,2.4901,4.2096,2.7885
2.063,2.4799,4.2173,2.7936
2.0681,2.4748,4.2096,2.8012
2.0783,2.4825,4.2071,2.7936
2.0681,2.4901,4.2122,2.7936
2.0655,2.4799,4.2224,2.7936
2.063,2.4723,4.2249,2.7987
2.0732,2.4748,4.2096,2.7936
2.0732,2.485,4.2122,2.7885
2.0604,2.4774,4.2275,2.7936
2.0681,2.4723,4.2198,2.7987
2.0757,2.4774,4.2173,2.7961
2.0681,2.4748,4.2224,2.7885
2.0681,2.4774,4.2249,2.791
2.0681,2.4774,4.2224,2.7936
2.0681,2.4825,4.2224,2.7859
2.063,2.4774,4.23,2.7987
2.0681,2.4723,4.2249,2.7987
2.0757,2.4748,4.2173,2.7885
2.0604,2.4825,4.2326,2.7885
2.0604,2.4697,4.2326,2.8012
2.0757,2.4672,4.2198,2.7961
2.0681,2.4799,4.2275,2.7885
2.0604,2.4748,4.2351,2.7961
2.0681,2.4672,4.23,2.7987
2.0681,2.4723,4.23,2.7987
2.0681,2.4697,4.2326,2.7961
2.0681,2.4723,4.23,2.8012
2.0706,2.4697,4.2275,2.7961
2.0681,2.4774,4.2326,2.791
2.0604,2.4723,4.2377,2.8038
2.0655,2.4646,4.2275,2.8012
2.0732,2.4774,4.2275,2.7885
2.0604,2.4799,4.23,2.7961
2.0681,2.4723,4.23,2.8012
2.0732,2.4723,4.2249,2.7961
2.0681,2.4799,4.23,2.7961
2.0604,2.4748,4.23,2.7961
2.0681,2.4723,4.2275,2.7961
2.0732,2.4799,4.2249,2.7885
2.0655,2.4825,4.2326,2.7936
2.0655,2.4672,4.2326,2.8012
2.0757,2.4748,4.2198,2.7961
2.0681,2.4825,4.2275,2.7885
2.0604,2.4697,4.2326,2.7987
2.0757,2.4697,4.2173,2.791
2.0757,2.4799,4.2173,2.7859
2.063,2.4876,4.23,2.7885
2.0655,2.4723,4.23,2.7987
2.0783,2.4748,4.2147,2.791
2.0706,2.4799,4.2224,2.7834
2.0732,2.485,4.2275,2.7834
2.063,2.4748,4.2275,2.7961
2.0783,2.4723,4.2147,2.7885
2.0783,2.4876,4.2224,2.7834
2.0655,2.4799,4.2275,2.7885
2.0706,2.4748,4.2198,2.7961
2.0783,2.4825,4.2147,2.7885
2.0732,2.4876,4.2275,2.7783
2.0655,2.4774,4.2275,2.7961
2.0808,2.4774,4.2122,2.7936
2.0783,2.4901,4.2147,2.7808
2.0681,2.4901,4.2249,2.7808
2.0681,2.4774,4.2249,2.7936
2.0808,2.4774,4.2122,2.7885
2.0783,2.4876,4.2096,2.7808
2.0681,2.4876,4.2224,2.7859
2.0681,2.4774,4.2224,2.7961
2.0808,2.4774,4.2122,2.7885
2.0732,2.4901,4.2224,2.7808
2.0681,2.485,4.2224,2.7859
2.0706,2.4774,4.2173,2.7961
2.0808,2.4825,4.2096,2.791
2.0732,2.4901,4.2173,2.7834
2.0655,2.4825,4.2173,2.7885
2.0706,2.4774,4.2122,2.7961
2.0783,2.4799,4.2147,2.7885
2.0732,2.4876,4.2198,2.7834
2.0655,2.4799,4.2275,2.791
2.0706,2.4748,4.2224,2.7885
2.0783,2.4876,4.2173,2.7834
2.0706,2.4876,4.23,2.7834
2.0681,2.4774,4.2326,2.7936
2.0706,2.4748,4.2173,2.7961
2.0783,2.4799,4.2173,2.7885
2.0732,2.4774,4.2249,2.7885
2.0706,2.4723,4.2249,2.7936
2.0783,2.4774,4.2198,2.7885
2.0706,2.4876,4.2275,2.7808
2.0681,2.4799,4.2326,2.7936
2.0808,2.4723,4.2147,2.7885
2.0808,2.4876,4.2147,2.7808
2.0681,2.4799,4.2275,2.7885
2.0706,2.4748,4.2224,2.7961
2.0706,2.4799,4.2173,2.7885
2.0732,2.4799,4.2224,2.7859
2.0757,2.4825,4.2224,2.7859
2.0732,2.4799,4.2224,2.7859
2.0732,2.4901,4.2173,2.7783
2.0681,2.4774,4.2275,2.7885
2.0706,2.4774,4.2173,2.7936
2.0808,2.4901,4.2147,2.7834
2.0681,2.4901,4.2249,2.7783
2.0681,2.4774,4.2249,2.7936
2.0783,2.4825,4.2122,2.7859
2.0732,2.4901,4.2198,2.7783
2.0681,2.485,4.2224,2.7859
2.0757,2.4774,4.2198,2.7859
2.0732,2.4825,4.2173,2.7859
2.0732,2.4825,4.2173,2.7859
2.0706,2.4825,4.2173,2.7936
2.0732,2.4825,4.2198,2.7885
2.0732,2.4876,4.2173,2.7834
2.0681,2.4799,4.2275,2.7859
2.0732,2.4748,4.2173,2.7961
2.0808,2.4825,4.2122,2.7885
2.0732,2.4876,4.2173,2.7885
2.0655,2.4825,4.2275,2.791
2.0732,2.4799,4.2198,2.7885
2.0732,2.4876,4.2173,2.7808
2.0681,2.4825,4.2275,2.7885
2.0732,2.4774,4.2147,2.7961
2.0783,2.4825,4.2122,2.7834
2.0757,2.4876,4.2173,2.7834
2.0681,2.4748,4.2249,2.7961
2.0808,2.4774,4.2096,2.7961
2.0783,2.4876,4.2122,2.7834
2.0681,2.4799,4.2224,2.7885
2.0732,2.4774,4.2173,2.7961
2.0808,2.4825,4.2096,2.7885
2.0732,2.4901,4.2173,2.7808
2.0757,2.485,4.2224,2.7885
2.0732,2.4799,4.2122,2.7859
2.0808,2.4927,4.2045,2.7783
2.0706,2.4901,4.2198,2.7859
2.0681,2.4799,4.2173,2.7961
2.0859,2.4876,4.2045,2.7885
2.0757,2.485,4.2096,2.7859
2.0783,2.4876,4.2096,2.7936
2.0834,2.4876,4.2045,2.7834
2.0783,2.4952,4.2071,2.7783
2.0706,2.4825,4.2173,2.7936
2.0808,2.4774,4.2045,2.7885
2.0757,2.4952,4.2096,2.7783
2.0783,2.4876,4.2173,2.7859
2.0783,2.485,4.2096,2.7859
2.0783,2.4952,4.2071,2.7783
2.0706,2.4876,4.2173,2.791
2.0834,2.4799,4.2071,2.7936
2.0783,2.4952,4.2071,2.7783
2.0706,2.4825,4.2147,2.791
2.0859,2.4825,4.2096,2.7834
2.0834,2.4952,4.2071,2.7783
2.0732,2.4799,4.2173,2.7859
2.0757,2.4799,4.2122,2.7834
2.0783,2.4927,4.2096,2.7783
2.0706,2.4774,4.2173,2.791
2.0834,2.4799,4.202,2.7936
2.0783,2.4952,4.2096,2.7783
2.0706,2.4876,4.2173,2.7859
2.0757,2.4799,4.2122,2.7936
2.0757,2.4876,4.2096,2.7885
2.0783,2.485,4.2122,2.7859
2.0808,2.4799,4.2096,2.7936
2.0859,2.4927,4.2071,2.7757
2.0706,2.4876,4.2173,2.7859
2.0757,2.4799,4.2122,2.7859
2.0783,2.485,4.2096,2.7783
2.0706,2.4799,4.2147,2.7859
2.0859,2.4799,4.2045,2.7859
2.0783,2.4927,4.2096,2.7757
2.0706,2.4799,4.2173,2.7936
2.0808,2.4876,4.2045,2.7859
2.0783,2.4927,4.2096,2.7808
2.0783,2.4876,4.2096,2.7885
2.0859,2.4901,4.2045,2.7834
2.0783,2.4978,4.2071,2.7808
2.0783,2.4901,4.2071,2.7885
2.0859,2.4927,4.1994,2.7834
2.0808,2.4978,4.2096,2.7783
2.0732,2.4825,4.2096,2.791
2.0859,2.4901,4.1969,2.7808
2.0783,2.4978,4.2071,2.7834
2.0783,2.4901,4.2045,2.7885
2.0834,2.4901,4.202,2.7834
2.0808,2.4978,4.2071,2.7783
2.0757,2.4825,4.2122,2.7885
2.0859,2.4901,4.1969,2.7834
2.0783,2.4901,4.2071,2.7757
2.0808,2.4901,4.2071,2.7834
2.0783,2.4901,4.2071,2.7859
2.0783,2.4978,4.2071,2.7757
2.0706,2.4901,4.2147,2.791
2.0859,2.485,4.202,2.7859
2.0783,2.4952,4.2071,2.7859
2.0783,2.4876,4.2147,2.7834
2.0757,2.4876,4.2096,2.7859
2.0783,2.4952,4.2096,2.7783
2.0706,2.4876,4.2147,2.7834
2.0783,2.4876,4.2045,2.7859
2.0732,2.4952,4.2173,2.7859
2.0783,2.4799,4.2071,2.791
2.0859,2.4901,4.2045,2.7859
2.0783,2.4876,4.2122,2.7834
2.0808,2.4799,4.2122,2.7936
2.0859,2.4927,4.2071,2.7783
2.0706,2.485,4.2198,2.7859
2.0783,2.4876,4.2122,2.7885
2.0808,2.4876,4.2096,2.7834
2.0732,2.4876,4.2198,2.7834
2.0808,2.4825,4.2071,2.791
2.0859,2.4952,4.2071,2.7757
