0.43411,1.8808,3.1238,1.539
0.43666,1.8834,3.1289,1.5339
0.43411,1.8808,3.1263,1.5365
0.42901,1.8834,3.1365,1.5365
0.43666,1.8757,3.1289,1.5365
0.44176,1.8834,3.1238,1.5365
0.44176,1.8885,3.1263,1.5339
0.43666,1.8885,3.1365,1.5314
0.42901,1.8834,3.1365,1.5365
0.43666,1.8783,3.1314,1.5467
0.44176,1.8783,3.1263,1.5365
0.44176,1.8859,3.1263,1.5288
0.43666,1.8885,3.134,1.5339
0.43666,1.8808,3.134,1.5314
0.43156,1.8834,3.1416,1.5365
0.43666,1.8808,3.134,1.5416
0.43666,1.8732,3.134,1.5441
0.44176,1.8808,3.1289,1.5365
0.43921,1.8834,3.1314,1.5288
0.43666,1.8859,3.134,1.5314
0.43921,1.8808,3.1365,1.5339
0.43666,1.8808,3.1365,1.5339
0.43666,1.8732,3.1365,1.5416
0.44176,1.8808,3.134,1.5314
0.43666,1.8859,3.1365,1.5339
0.43156,1.8808,3.1442,1.5339
0.43156,1.8808,3.1442,1.5365
0.43666,1.8757,3.1365,1.5441
0.44176,1.8757,3.1391,1.539
0.43666,1.8783,3.1314,1.5365
0.44176,1.8859,3.1314,1.5314
0.43666,1.8859,3.1365,1.5314
0.43666,1.8859,3.1442,1.5365
0.43156,1.8757,3.1442,1.5441
0.43666,1.8757,3.1365,1.5365
0.44431,1.8757,3.1314,1.5441
0.44176,1.8808,3.134,1.5365
0.44431,1.8859,3.1314,1.5314
0.43156,1.8859,3.1467,1.5314
0.43411,1.8808,3.1442,1.5416
0.44176,1.8732,3.1365,1.5441
0.44176,1.8834,3.1314,1.5365
0.44176,1.8859,3.134,1.5314
0.42901,1.8859,3.1391,1.5339
0.43156,1.8808,3.1442,1.5365
0.43921,1.8783,3.1416,1.5365
0.44431,1.8783,3.1314,1.5365
0.43921,1.8808,3.1442,1.5314
0.42901,1.8808,3.1467,1.5365
0.43666,1.8732,3.1365,1.5416
0.44176,1.8783,3.134,1.5365
0.44176,1.8859,3.134,1.5288
0.43666,1.8834,3.1365,1.5314
0.43156,1.8808,3.1467,1.5365
0.43666,1.8808,3.1391,1.5416
0.43666,1.8808,3.1391,1.5365
0.44176,1.8732,3.1289,1.5365
0.44176,1.8808,3.1314,1.5288
0.43666,1.8834,3.1365,1.5314
0.43666,1.8808,3.1365,1.5365
0.42901,1.8859,3.1442,1.5365
0.42901,1.8808,3.1416,1.539
0.43411,1.8732,3.1365,1.5467
0.43411,1.8808,3.1365,1.5365
0.43666,1.8808,3.1365,1.539
0.43921,1.8859,3.1289,1.5339
0.43666,1.8834,3.1365,1.5314
0.43156,1.8783,3.1416,1.539
0.42901,1.8783,3.134,1.5416
0.43666,1.8757,3.134,1.5467
0.43921,1.8732,3.134,1.539
0.44176,1.8808,3.1289,1.539
0.44176,1.8808,3.1289,1.5314
0.43411,1.8783,3.134,1.5365
0.43411,1.8859,3.134,1.5339
0.43666,1.8859,3.134,1.5339
0.43666,1.8834,3.1314,1.5365
0.42901,1.8808,3.1365,1.539
0.42646,1.8757,3.1391,1.5467
0.43921,1.8757,3.1289,1.5467
0.44176,1.8808,3.1263,1.5339
0.43666,1.8808,3.1314,1.5365
0.43666,1.8859,3.1314,1.5339
0.42646,1.8859,3.1391,1.5416
0.42901,1.8808,3.1391,1.5492
0.43411,1.8732,3.134,1.5467
0.43411,1.8808,3.1314,1.5467
0.43921,1.8808,3.1263,1.539
0.44176,1.8808,3.1263,1.539
0.43411,1.891,3.1314,1.5365
0.42646,1.8885,3.1416,1.5339
0.42901,1.8808,3.1391,1.5416
0.43666,1.8834,3.134,1.5467
0.43411,1.8732,3.1263,1.5467
0.43921,1.8808,3.1263,1.5339
0.44431,1.8859,3.1263,1.5339
0.43411,1.8859,3.1365,1.5339
0.42646,1.8808,3.1365,1.5416
0.42646,1.8808,3.1314,1.5416
0.43411,1.8732,3.1314,1.5416
0.43921,1.8808,3.1263,1.5416
0.43411,1.8859,3.1289,1.5365
0.43666,1.8834,3.1289,1.539
0.43411,1.8808,3.1365,1.5467
0.43411,1.8757,3.1289,1.5467
0.43411,1.8808,3.1289,1.5416
0.43411,1.8834,3.1289,1.5416
0.42646,1.8859,3.1263,1.5365
0.42901,1.8834,3.1314,1.5467
0.43411,1.8808,3.1263,1.5492
0.43156,1.8808,3.1263,1.5416
0.43921,1.8808,3.1263,1.5416
0.43156,1.8885,3.1238,1.5441
0.42646,1.8834,3.1314,1.539
0.42901,1.8757,3.1314,1.5467
0.43411,1.8757,3.1161,1.5518
0.43921,1.8885,3.1187,1.5441
0.43411,1.8885,3.1238,1.5441
0.42901,1.8808,3.1263,1.5441
0.42901,1.8757,3.1314,1.5492
0.43411,1.8783,3.1238,1.5416
0.43921,1.8834,3.1136,1.5441
0.43921,1.8834,3.1161,1.5365
0.43156,1.8885,3.1212,1.539
0.42646,1.8885,3.1289,1.5365
0.42646,1.8808,3.1263,1.5416
0.43156,1.8834,3.1212,1.5441
0.42901,1.8757,3.1212,1.5518
0.43921,1.8757,3.1161,1.5441
0.43921,1.8808,3.1161,1.5441
0.43411,1.8808,3.1212,1.539
0.43156,1.8885,3.1212,1.5441
0.42646,1.8834,3.1263,1.5467
0.42646,1.8783,3.1263,1.5518
0.43156,1.8757,3.1212,1.5518
0.43411,1.8808,3.1212,1.5467
0.43666,1.8834,3.1136,1.5441
0.43666,1.8859,3.1136,1.5416
0.43411,1.8885,3.1212,1.5365
0.43156,1.8885,3.1263,1.5467
0.42646,1.8834,3.1289,1.5441
0.43411,1.8834,3.1187,1.5492
0.42901,1.8757,3.1212,1.5441
0.43666,1.8834,3.1136,1.5441
0.43921,1.891,3.1161,1.5365
0.42646,1.891,3.1212,1.539
0.43156,1.8834,3.1212,1.5441
0.43411,1.8834,3.1212,1.5467
0.43156,1.8757,3.1238,1.5441
0.43921,1.8834,3.1161,1.5441
0.43156,1.8885,3.1212,1.5365
0.42646,1.8859,3.1212,1.5441
0.43156,1.8834,3.1212,1.5416
0.43411,1.8757,3.1238,1.5441
0.43666,1.8834,3.1161,1.5441
0.43411,1.8885,3.1212,1.5365
0.42646,1.8808,3.1289,1.5441
0.43156,1.8757,3.1238,1.5492
0.43921,1.8757,3.1161,1.5441
0.43666,1.8834,3.1161,1.5365
0.43156,1.8885,3.1212,1.5365
0.42646,1.8834,3.1289,1.5416
0.43411,1.8757,3.1238,1.5492
0.43411,1.8783,3.1187,1.5441
0.43921,1.8834,3.1187,1.5365
0.43411,1.8885,3.1238,1.5365
0.42646,1.8834,3.1314,1.5416
0.42901,1.8757,3.134,1.5467
0.43921,1.8757,3.1161,1.5467
0.43921,1.8834,3.1212,1.539
0.43156,1.8859,3.1263,1.5365
0.42646,1.891,3.1314,1.5339
0.42901,1.8757,3.1289,1.5467
0.43921,1.8757,3.1263,1.5467
0.43921,1.8834,3.1187,1.5416
0.43411,1.8834,3.1263,1.5365
0.43411,1.8885,3.1289,1.5365
0.42646,1.8859,3.1263,1.5492
0.43411,1.8834,3.1263,1.5518
0.44176,1.8783,3.1136,1.5492
0.43921,1.8834,3.111,1.5441
0.43156,1.8885,3.1187,1.5365
0.43411,1.8834,3.1161,1.5441
0.43156,1.8834,3.1187,1.5467
0.42901,1.8783,3.1187,1.5441
0.43666,1.8808,3.1136,1.5467
0.43921,1.891,3.1136,1.539
0.43156,1.891,3.1161,1.5365
0.42646,1.8834,3.1263,1.5467
0.43411,1.8834,3.1212,1.5518
0.43156,1.8783,3.1187,1.5441
0.43921,1.8859,3.1136,1.5441
0.43156,1.8885,3.1161,1.5365
0.42646,1.8834,3.1238,1.5416
0.43156,1.8859,3.1187,1.5492
0.43411,1.8834,3.1187,1.5416
0.42901,1.8834,3.1161,1.5365
0.43156,1.8859,3.1187,1.5467
0.43411,1.8859,3.1187,1.5492
0.43156,1.8834,3.1187,1.5416
0.43921,1.8859,3.1161,1.5441
0.43411,1.891,3.1187,1.5441
0.42646,1.8834,3.1238,1.5467
0.42646,1.8783,3.1238,1.5518
0.43921,1.8783,3.111,1.5492
0.43921,1.8859,3.1085,1.5441
0.43156,1.8859,3.1085,1.5467
0.43411,1.8936,3.1161,1.539
0.42646,1.891,3.1187,1.5441
0.42646,1.8859,3.1212,1.5441
0.42646,1.8783,3.1212,1.5492
0.42901,1.8783,3.1161,1.5441
0.43666,1.8834,3.111,1.5441
0.43666,1.8936,3.111,1.5365
0.42901,1.891,3.1263,1.5365
0.42646,1.8859,3.1238,1.5441
0.43411,1.8859,3.1187,1.5492
0.43411,1.8808,3.1187,1.5441
0.43921,1.8859,3.1136,1.539
0.43921,1.8936,3.1136,1.5365
0.43411,1.891,3.1263,1.5339
0.42646,1.8859,3.1263,1.539
0.43156,1.8859,3.1263,1.5416
0.43411,1.8757,3.1212,1.5416
0.43921,1.8859,3.1136,1.5365
0.43921,1.8885,3.1136,1.5365
0.43411,1.891,3.1212,1.5365
0.43156,1.8936,3.1263,1.5416
0.42901,1.8808,3.1263,1.5492
0.43921,1.8808,3.1212,1.5467
0.43156,1.8834,3.1212,1.539
0.43921,1.8834,3.1136,1.5416
0.43156,1.891,3.1212,1.5339
0.42646,1.8885,3.1289,1.5365
0.42646,1.8834,3.1289,1.5416
0.43411,1.8783,3.1238,1.5467
0.43666,1.8783,3.1136,1.5492
0.44176,1.8834,3.1136,1.5416
0.43921,1.8834,3.1238,1.5416
0.43156,1.8885,3.1212,1.539
0.42646,1.891,3.1263,1.5365
0.42646,1.8808,3.1289,1.5441
0.43411,1.8783,3.1212,1.5492
0.43411,1.8834,3.1238,1.5441
0.43666,1.8834,3.1161,1.5441
0.42646,1.891,3.1212,1.5365
0.43156,1.8859,3.1212,1.5441
0.43411,1.8834,3.1187,1.5416
0.43156,1.8757,3.1212,1.5416
0.43666,1.8808,3.1136,1.5441
0.43921,1.891,3.1161,1.5365
0.43156,1.8885,3.1212,1.5365
0.42646,1.8834,3.1314,1.5467
0.43156,1.8834,3.1212,1.5518
0.43411,1.8834,3.1187,1.5441
0.43921,1.8834,3.1212,1.5441
0.43411,1.8885,3.1238,1.5441
0.42646,1.8834,3.1263,1.5441
0.43156,1.8783,3.1212,1.5492
0.43921,1.8808,3.1161,1.5467
0.43156,1.8834,3.1187,1.5365
0.43156,1.8859,3.1212,1.5441
0.43411,1.8834,3.1212,1.5441
0.43411,1.8757,3.1212,1.5492
0.43666,1.8859,3.1136,1.539
0.43156,1.891,3.1212,1.5416
0.43411,1.891,3.1263,1.5441
0.42646,1.8859,3.1263,1.5492
0.43411,1.8783,3.1187,1.5518
0.43921,1.8834,3.1136,1.539
0.43156,1.891,3.1187,1.5365
0.42646,1.8834,3.1238,1.5441
0.43411,1.8859,3.1187,1.5518
0.43666,1.8757,3.1136,1.5416
0.43921,1.891,3.1136,1.539
0.42391,1.8885,3.1212,1.5441
0.42646,1.8834,3.1263,1.5467
0.43156,1.8783,3.1212,1.5518
0.43411,1.8834,3.1212,1.5441
0.43156,1.8834,3.1136,1.5441
0.43156,1.8885,3.1187,1.539
0.42901,1.891,3.1161,1.5467
0.42391,1.8859,3.1238,1.5467
0.43411,1.8783,3.1187,1.5518
0.43666,1.8757,3.111,1.5518
0.43921,1.8834,3.1136,1.5441
0.43411,1.891,3.1161,1.5365
0.43156,1.891,3.1212,1.539
0.42391,1.8834,3.1238,1.5518
0.43411,1.8757,3.1187,1.5518
0.43666,1.8834,3.111,1.5467
0.43156,1.8885,3.1187,1.539
0.42646,1.8885,3.1161,1.5467
0.42391,1.8834,3.1238,1.5441
0.42901,1.8783,3.1187,1.5518
0.43921,1.8783,3.111,1.5518
0.43921,1.8834,3.111,1.5467
0.43921,1.8885,3.1136,1.5365
0.43156,1.8885,3.1238,1.539
0.43156,1.8834,3.1161,1.5441
0.42901,1.8834,3.1263,1.5441
0.42646,1.8783,3.1238,1.5518
0.43411,1.8834,3.1161,1.5441
0.43921,1.8834,3.1085,1.5441
0.43666,1.8834,3.1085,1.539
0.43411,1.8885,3.1161,1.539
0.43156,1.8859,3.1161,1.5467
0.42391,1.8859,3.1238,1.5467
0.42646,1.8808,3.1238,1.5492
0.42901,1.8783,3.1161,1.5492
0.42901,1.8834,3.1187,1.5441
0.43921,1.8834,3.1161,1.5467
0.43156,1.8936,3.1161,1.5365
0.43156,1.8885,3.1238,1.5365
0.42646,1.8834,3.1263,1.5416
0.42646,1.8783,3.1263,1.5467
0.43156,1.8808,3.1187,1.5467
0.43921,1.8859,3.1136,1.539
0.43921,1.8936,3.1136,1.5365
0.42646,1.8936,3.1263,1.5365
0.42646,1.8834,3.1263,1.539
0.42901,1.8808,3.1263,1.5441
0.43411,1.8783,3.1187,1.5467
0.43921,1.8859,3.1136,1.539
0.43921,1.8834,3.1161,1.5441
0.43156,1.8834,3.1187,1.5416
0.42646,1.8859,3.1263,1.539
0.43156,1.8808,3.1187,1.5467
0.43411,1.8859,3.1161,1.5416
0.43921,1.8834,3.1136,1.5416
0.43921,1.891,3.1136,1.5339
0.42646,1.8936,3.1187,1.5365
0.42646,1.8834,3.1212,1.5492
0.43411,1.8885,3.1187,1.5492
0.43156,1.8808,3.1187,1.5416
0.43666,1.8859,3.111,1.5441
0.43921,1.8936,3.111,1.5365
0.43411,1.891,3.1238,1.5365
0.42646,1.8859,3.1238,1.5492
0.43411,1.8859,3.1161,1.5467
0.43156,1.8808,3.1161,1.5416
0.43921,1.8808,3.111,1.5416
0.43666,1.8885,3.111,1.5365
0.43156,1.8936,3.1161,1.5365
0.43156,1.8834,3.1161,1.5416
0.43156,1.8859,3.1212,1.5441
0.43411,1.8808,3.1212,1.5492
0.43921,1.8783,3.111,1.5467
0.43666,1.891,3.111,1.5365
0.43156,1.8936,3.1161,1.5365
0.42646,1.8859,3.1212,1.5441
0.43411,1.8859,3.1161,1.5492
0.43411,1.8808,3.1161,1.5441
0.43666,1.8859,3.111,1.5441
0.43666,1.8859,3.1059,1.539
0.43156,1.8936,3.1161,1.539
0.43156,1.8885,3.1161,1.5441
0.42391,1.8859,3.1161,1.5467
0.43411,1.8808,3.1161,1.5492
0.43921,1.8808,3.1085,1.5441
0.43666,1.8859,3.1136,1.5441
0.43156,1.8885,3.1161,1.5365
0.42646,1.891,3.1161,1.5441
0.43156,1.8834,3.1161,1.5441
0.43156,1.8783,3.1161,1.5492
0.42901,1.8859,3.1187,1.5441
0.42901,1.8834,3.111,1.539
0.43156,1.8936,3.1161,1.539
0.43411,1.8834,3.1187,1.5441
0.42646,1.8808,3.1238,1.5518
0.43156,1.8783,3.1187,1.5492
0.43411,1.8859,3.1187,1.5416
0.43156,1.8859,3.1136,1.5441
0.43411,1.891,3.1187,1.5365
0.43156,1.8834,3.1212,1.5416
0.42391,1.8834,3.1263,1.5441
0.42646,1.8757,3.1263,1.5492
0.43411,1.8757,3.1136,1.5492
0.43921,1.8834,3.1136,1.5416
0.43411,1.8834,3.1136,1.5441
0.43411,1.8885,3.1187,1.5441
0.42646,1.8885,3.1263,1.5467
0.42646,1.8834,3.1289,1.5492
0.43411,1.8757,3.1238,1.5467
0.43411,1.8834,3.1238,1.5416
0.43921,1.8834,3.1187,1.5441
0.43411,1.8834,3.1238,1.5339
0.43411,1.8885,3.1238,1.5416
0.42901,1.8834,3.1314,1.5416
0.42901,1.8757,3.1314,1.5492
0.43156,1.8783,3.1238,1.5492
0.43411,1.8834,3.1238,1.5441
0.43156,1.8834,3.1238,1.5416
0.43411,1.8885,3.1212,1.5365
0.43156,1.8834,3.1289,1.5416
0.43156,1.8834,3.1289,1.5492
0.43411,1.8757,3.1212,1.5492
0.43666,1.8783,3.1161,1.5518
0.43921,1.8834,3.1161,1.5441
0.43411,1.8834,3.1212,1.5365
0.43156,1.8885,3.1212,1.5416
0.42391,1.8834,3.1263,1.5441
0.42646,1.8757,3.1263,1.5492
0.43921,1.8783,3.1238,1.5518
0.43921,1.8834,3.1136,1.5365
0.43156,1.8885,3.1212,1.5365
0.43156,1.8834,3.1212,1.5416
0.42646,1.8834,3.1212,1.5441
0.42646,1.8757,3.1289,1.5518
0.43156,1.8757,3.1161,1.5492
0.43921,1.8808,3.1161,1.5365
0.43156,1.8834,3.1212,1.539
0.42901,1.8885,3.1212,1.5416
0.42391,1.8808,3.1263,1.5441
0.42646,1.8834,3.1263,1.5492
0.43156,1.8757,3.1212,1.5492
0.43411,1.8757,3.1136,1.5416
0.43666,1.8834,3.1136,1.5416
0.42901,1.8885,3.1212,1.5339
0.42646,1.8885,3.1263,1.5365
0.42646,1.8783,3.1289,1.5416
0.42646,1.8834,3.1212,1.5492
0.43411,1.8757,3.1161,1.5492
0.43666,1.8834,3.1187,1.5441
0.43156,1.8834,3.1212,1.5441
0.43411,1.8885,3.1263,1.5365
0.42646,1.8834,3.1263,1.5492
0.43411,1.8757,3.1212,1.5518
0.43156,1.8834,3.1238,1.5441
0.43411,1.8834,3.1212,1.5441
0.43156,1.8885,3.1212,1.5365
0.42901,1.8885,3.1161,1.5365
0.42391,1.8834,3.1263,1.5518
0.43156,1.8808,3.1187,1.5518
0.43156,1.8732,3.1212,1.5518
0.43666,1.8808,3.1136,1.5467
0.43921,1.8808,3.1136,1.539
0.43156,1.8859,3.1212,1.539
0.43156,1.8885,3.1187,1.5467
0.42391,1.8808,3.1238,1.5467
0.42391,1.8783,3.1238,1.5543
0.42901,1.8732,3.1187,1.5518
0.43156,1.8757,3.1212,1.5467
0.43666,1.8808,3.1136,1.5467
0.43156,1.8808,3.1212,1.5467
0.42901,1.8859,3.1212,1.539
0.42391,1.8859,3.1263,1.5467
0.42646,1.8783,3.1263,1.5518
0.42901,1.8732,3.1212,1.5543
0.43666,1.8732,3.1136,1.5543
0.43666,1.8808,3.1136,1.5467
0.42901,1.8808,3.1187,1.5416
0.42901,1.8859,3.1187,1.5467
0.42391,1.8808,3.1238,1.5467
0.42391,1.8732,3.1238,1.5543
0.43156,1.8757,3.111,1.5543
0.42901,1.8808,3.1161,1.5492
0.43666,1.8808,3.1136,1.5467
0.43156,1.8859,3.1161,1.5416
0.42646,1.8859,3.1238,1.5467
0.42391,1.8732,3.1263,1.5543
0.42901,1.8706,3.1187,1.5543
0.42901,1.8808,3.1136,1.5467
0.43156,1.8757,3.111,1.5492
0.43156,1.8859,3.1212,1.5441
0.43156,1.8783,3.1187,1.5467
0.42391,1.8783,3.1263,1.5467
0.42391,1.8757,3.1187,1.5569
0.43666,1.8732,3.1212,1.5543
0.43666,1.8808,3.1136,1.5467
0.43156,1.8859,3.1212,1.5416
0.43156,1.8808,3.1212,1.5492
0.43411,1.8808,3.1238,1.5467
0.43156,1.8808,3.1238,1.5441
0.43666,1.8808,3.1187,1.5467
0.43666,1.8808,3.1238,1.539
0.43156,1.8859,3.1238,1.5441
0.42646,1.8808,3.1289,1.5441
0.43156,1.8757,3.1238,1.5492
0.43666,1.8808,3.1161,1.5441
0.43411,1.8859,3.1212,1.5365
0.43156,1.8808,3.1238,1.5467
0.43156,1.8808,3.1238,1.5492
0.43156,1.8757,3.1238,1.5441
0.43921,1.8808,3.1187,1.5416
0.43411,1.8859,3.1263,1.5416
0.42646,1.8808,3.1314,1.539
0.42646,1.8808,3.1238,1.5416
0.43921,1.8706,3.1263,1.5467
0.43921,1.8808,3.1212,1.5416
0.43411,1.8808,3.1187,1.5339
0.43411,1.8859,3.134,1.5365
0.42901,1.8808,3.134,1.5416
0.43411,1.8783,3.1289,1.5416
0.43411,1.8732,3.1289,1.539
0.43921,1.8808,3.1238,1.539
0.43921,1.8885,3.1238,1.5339
0.42901,1.8859,3.1365,1.5339
0.42901,1.8808,3.1365,1.5467
0.43411,1.8757,3.1314,1.5467
