3.9442,0.77447,2.6905,1.6869
3.9442,0.76937,2.6905,1.6895
3.9468,0.76682,2.6956,1.6869
3.9493,0.76682,2.6905,1.6895
3.9442,0.76937,2.693,1.6869
3.9442,0.76682,2.6905,1.6869
3.9417,0.76937,2.6905,1.6869
3.9519,0.76682,2.6854,1.692
3.9442,0.77447,2.693,1.6818
3.9366,0.76682,2.6981,1.6869
3.9442,0.76172,2.6905,1.6946
3.9493,0.76682,2.6854,1.6895
3.9468,0.77447,2.693,1.6818
3.9366,0.76682,2.693,1.6869
3.9442,0.76172,2.6905,1.6895
3.9442,0.76682,2.6879,1.6869
3.9442,0.76682,2.6905,1.6895
3.9442,0.76682,2.6905,1.6869
3.9417,0.76682,2.6905,1.6869
3.9468,0.76937,2.6905,1.6869
3.9468,0.76937,2.6905,1.6895
3.9442,0.76937,2.6905,1.6971
3.9519,0.76937,2.6854,1.6895
3.9442,0.77192,2.6905,1.6818
3.9366,0.76937,2.6905,1.6895
3.9442,0.76682,2.6905,1.6895
3.9442,0.76682,2.693,1.6818
3.9366,0.77447,2.6981,1.6895
3.9366,0.76172,2.6956,1.6971
3.9468,0.76682,2.6828,1.6895
3.9417,0.77447,2.6905,1.6818
3.9366,0.76682,2.6956,1.6869
3.9417,0.76937,2.6905,1.6869
3.9493,0.76682,2.6905,1.6895
3.9442,0.76682,2.6905,1.6895
3.9442,0.76172,2.6905,1.6971
3.9493,0.76937,2.6854,1.6818
3.9417,0.77447,2.6879,1.6844
3.9366,0.76682,2.6879,1.6895
3.9417,0.76682,2.6905,1.6895
3.9417,0.76937,2.6905,1.6844
3.9417,0.76682,2.6879,1.6895
3.9417,0.76937,2.6879,1.6895
3.9493,0.76172,2.6854,1.6869
3.9442,0.77447,2.6879,1.6844
3.9366,0.76682,2.6956,1.6971
3.9442,0.76427,2.6879,1.6971
3.9493,0.77447,2.6803,1.6844
3.9417,0.77447,2.6956,1.6844
3.9366,0.76172,2.6956,1.6971
3.9468,0.76682,2.6828,1.6895
3.9442,0.77192,2.6905,1.6844
3.9366,0.76682,2.6956,1.6895
3.9442,0.76172,2.6828,1.6971
3.9468,0.76937,2.6828,1.6844
3.9391,0.77447,2.6905,1.6844
3.934,0.76682,2.6981,1.6971
3.9493,0.76172,2.6828,1.6997
3.9493,0.77447,2.6803,1.6818
3.9366,0.77447,2.6981,1.6895
3.9417,0.76172,2.6905,1.6971
3.9442,0.76682,2.6854,1.6869
3.9442,0.77447,2.6905,1.6818
3.9366,0.76937,2.6981,1.6869
3.9442,0.76172,2.6905,1.6946
3.9493,0.77447,2.6854,1.6895
3.9442,0.77447,2.693,1.6818
3.9366,0.76937,2.6981,1.6869
3.9442,0.75917,2.6905,1.6971
3.9519,0.76937,2.6854,1.6844
3.9442,0.77447,2.693,1.6818
3.9391,0.76937,2.6981,1.6946
3.9417,0.76172,2.693,1.6946
3.9519,0.77447,2.6879,1.6818
3.9391,0.77192,2.6981,1.6844
3.9391,0.76937,2.6981,1.6895
3.9442,0.76172,2.6905,1.6946
3.9519,0.76682,2.6854,1.6869
3.9417,0.76937,2.693,1.6844
3.9468,0.76682,2.6905,1.6895
3.9442,0.76937,2.693,1.6895
3.9442,0.76682,2.6905,1.692
3.9519,0.76682,2.693,1.6895
3.9442,0.77447,2.693,1.6895
3.9391,0.76682,2.6981,1.6895
3.9468,0.76427,2.693,1.6946
3.9519,0.76682,2.6879,1.6869
3.9493,0.77447,2.6854,1.6818
3.9366,0.77447,2.6981,1.6895
3.9391,0.76172,2.6981,1.6971
3.9493,0.76172,2.6854,1.6946
3.9519,0.76682,2.6905,1.6869
3.9468,0.76937,2.693,1.6869
3.9442,0.76682,2.6981,1.6971
3.9442,0.76172,2.693,1.692
3.9493,0.76682,2.6854,1.6844
3.9417,0.77447,2.6905,1.6818
3.9391,0.76682,2.6981,1.6869
3.9417,0.76172,2.693,1.6971
3.9493,0.76937,2.6854,1.6895
3.9442,0.76937,2.693,1.6818
3.9442,0.77447,2.6879,1.6818
3.9366,0.76937,2.693,1.6895
3.9442,0.76172,2.6905,1.6895
3.9493,0.76682,2.6854,1.6895
3.9519,0.77447,2.6854,1.6818
3.9391,0.77447,2.6981,1.6844
3.9366,0.76172,2.6981,1.6971
3.9442,0.76172,2.6905,1.6946
3.9519,0.76682,2.6854,1.6895
3.9442,0.76682,2.6905,1.6818
3.9417,0.76937,2.6905,1.6895
3.9391,0.76172,2.6981,1.6971
3.9519,0.76172,2.6905,1.6946
3.9519,0.77447,2.6854,1.6818
3.9391,0.77447,2.6981,1.6818
3.9391,0.76172,2.6981,1.6971
3.9442,0.76172,2.6854,1.6971
3.9544,0.76682,2.6854,1.6844
3.9468,0.77447,2.6905,1.6818
3.9417,0.77192,2.6981,1.6895
3.9391,0.76172,2.6981,1.6971
3.9519,0.76172,2.6956,1.6895
3.9468,0.76682,2.6879,1.6869
3.9417,0.77447,2.693,1.6844
3.9417,0.76937,2.7007,1.6895
3.9468,0.76682,2.693,1.6971
3.9468,0.76937,2.6956,1.6869
3.9544,0.76682,2.6879,1.6895
3.9493,0.77447,2.693,1.6818
3.9417,0.77447,2.7007,1.6895
3.9417,0.75917,2.7007,1.6946
3.9468,0.76172,2.6956,1.6895
3.957,0.76427,2.6905,1.6895
3.9468,0.77447,2.6956,1.6844
3.9493,0.76682,2.6956,1.6946
3.9468,0.76682,2.693,1.6946
3.9468,0.76682,2.6956,1.6869
3.9468,0.76682,2.6956,1.6869
3.9493,0.76937,2.6956,1.6895
3.9442,0.76682,2.6956,1.6869
3.9442,0.76172,2.693,1.6869
3.9493,0.76427,2.6879,1.6895
3.9493,0.76682,2.6956,1.6895
3.9417,0.76682,2.7007,1.6869
3.9468,0.76172,2.6956,1.6946
3.9544,0.76682,2.6879,1.6869
3.9493,0.77447,2.6956,1.6818
3.9417,0.76682,2.7032,1.6895
3.9417,0.76172,2.7007,1.6946
3.9544,0.76172,2.6879,1.6895
3.9544,0.77447,2.6879,1.6818
3.9442,0.77447,2.7032,1.6844
3.9442,0.76172,2.7007,1.6971
3.9468,0.76172,2.6879,1.6946
3.9544,0.76682,2.6879,1.6818
3.9468,0.77447,2.693,1.6818
3.9417,0.76682,2.7032,1.6895
3.9493,0.76172,2.6956,1.6971
3.957,0.76682,2.6879,1.6869
3.9468,0.77192,2.693,1.6818
3.9442,0.76682,2.7007,1.6869
3.9468,0.76172,2.6956,1.6971
3.957,0.76682,2.6879,1.6818
3.9493,0.77447,2.6956,1.6818
3.9417,0.76682,2.7032,1.6946
3.9493,0.76172,2.6905,1.6971
3.957,0.76937,2.6879,1.6818
3.9417,0.77192,2.7032,1.6818
3.9417,0.76682,2.6956,1.6895
3.9493,0.76682,2.6956,1.6895
3.957,0.76682,2.6956,1.692
3.9493,0.76682,2.6956,1.6895
3.9493,0.76682,2.7007,1.6869
3.9493,0.76682,2.6956,1.6895
3.9493,0.76682,2.6956,1.6895
3.9493,0.76682,2.6981,1.6869
3.9519,0.76682,2.6981,1.6971
3.9493,0.75917,2.6905,1.6971
3.957,0.76682,2.693,1.6818
3.9519,0.76682,2.6956,1.6895
3.9519,0.76682,2.6956,1.6971
3.9468,0.76682,2.6981,1.6895
3.957,0.76427,2.6905,1.6844
3.9493,0.77447,2.6956,1.6844
3.9417,0.76682,2.7032,1.6971
3.9519,0.76172,2.693,1.6971
3.957,0.76682,2.6879,1.6895
3.9519,0.77192,2.6956,1.6844
3.9468,0.76172,2.7007,1.6946
3.9544,0.75917,2.6981,1.6971
3.957,0.77447,2.6879,1.6844
3.9417,0.77447,2.7007,1.6844
3.9442,0.76172,2.7007,1.6946
3.9493,0.76172,2.6956,1.6971
3.957,0.77447,2.6879,1.6818
3.9442,0.77447,2.693,1.6818
3.9417,0.76682,2.7007,1.6895
3.9493,0.76682,2.6956,1.6997
3.9493,0.76682,2.6956,1.6895
3.9544,0.76937,2.6956,1.6895
3.9493,0.77447,2.693,1.6895
3.9442,0.76682,2.7032,1.6895
3.9493,0.76172,2.6956,1.6946
3.9544,0.76172,2.6879,1.6895
3.957,0.77447,2.6879,1.6818
3.9493,0.77447,2.693,1.6818
3.9417,0.76682,2.7007,1.6895
3.9468,0.76172,2.6956,1.6946
3.9544,0.76682,2.6879,1.6869
3.9544,0.77447,2.6905,1.6844
3.9417,0.77447,2.6981,1.6844
3.9417,0.76682,2.6981,1.6946
3.9493,0.76172,2.693,1.6946
3.957,0.77447,2.6879,1.6895
3.9493,0.77192,2.693,1.6818
3.9493,0.76682,2.6956,1.6895
3.9417,0.76172,2.6981,1.6946
3.9544,0.75917,2.6879,1.6971
3.957,0.76682,2.6956,1.692
3.9493,0.77447,2.6956,1.6844
3.9442,0.76937,2.7007,1.6895
3.9468,0.76172,2.693,1.6971
3.9544,0.76682,2.6905,1.6895
3.957,0.77447,2.6879,1.6818
3.9442,0.77447,2.7007,1.6818
3.9442,0.76172,2.7007,1.6946
3.9544,0.76172,2.6879,1.6971
3.9544,0.77192,2.6879,1.6844
3.9493,0.77447,2.6956,1.6895
3.9442,0.76682,2.7007,1.6895
3.9493,0.76172,2.6956,1.6971
3.957,0.76172,2.6905,1.6869
3.957,0.77447,2.6905,1.6844
3.9417,0.77447,2.7032,1.6844
3.9417,0.76427,2.7032,1.6895
3.9493,0.76172,2.693,1.6869
3.9493,0.76682,2.693,1.6895
3.9493,0.77447,2.6956,1.6844
3.9417,0.76937,2.7007,1.6895
3.9468,0.76682,2.6956,1.6946
3.9468,0.76682,2.6956,1.6895
3.9544,0.76937,2.6879,1.6895
3.9493,0.77447,2.693,1.6818
3.9417,0.77447,2.7007,1.6895
3.9417,0.76172,2.6981,1.6946
3.9544,0.75917,2.6879,1.6895
3.957,0.77447,2.6879,1.6818
3.9417,0.77447,2.7007,1.6869
3.9417,0.76172,2.6981,1.6946
3.9468,0.76682,2.693,1.6869
3.9468,0.76682,2.693,1.6818
3.9493,0.76682,2.6956,1.6895
3.9468,0.76937,2.6956,1.6971
3.9493,0.76682,2.693,1.6869
3.9468,0.76682,2.693,1.6895
3.9468,0.76682,2.6956,1.6895
3.9468,0.76682,2.6956,1.6971
3.9519,0.76427,2.6879,1.692
3.9468,0.77447,2.693,1.6818
3.9417,0.76682,2.7007,1.6895
3.9468,0.76172,2.693,1.6946
3.9468,0.76937,2.6956,1.6895
3.9468,0.76937,2.693,1.6895
3.9468,0.76937,2.6905,1.6869
3.9468,0.76682,2.7007,1.6869
3.9468,0.76682,2.693,1.6895
3.9519,0.76682,2.6879,1.6895
3.9468,0.77447,2.6905,1.6818
3.9417,0.76682,2.6981,1.6895
3.9468,0.76172,2.693,1.6971
3.9544,0.76172,2.6879,1.6895
3.9519,0.77447,2.6879,1.6818
3.9417,0.77702,2.6981,1.6844
3.9442,0.76427,2.6981,1.6971
3.9544,0.76427,2.6956,1.6869
3.9519,0.76937,2.6879,1.6895
3.9468,0.77447,2.693,1.6895
3.9468,0.76682,2.6956,1.6895
3.9468,0.76937,2.6956,1.6895
3.9468,0.76682,2.693,1.6844
3.9468,0.76682,2.7007,1.6895
3.9468,0.76172,2.6956,1.6946
3.9544,0.76682,2.6854,1.6895
3.9468,0.77447,2.6956,1.6844
3.9417,0.76937,2.7007,1.6895
3.9468,0.76172,2.693,1.6971
3.9544,0.76682,2.6854,1.6869
3.9468,0.77447,2.6981,1.6844
3.9417,0.76427,2.6981,1.6946
3.9468,0.76172,2.6956,1.6946
3.9544,0.76937,2.6879,1.6895
3.9468,0.77447,2.693,1.6818
3.9468,0.76937,2.7007,1.6895
3.9468,0.76937,2.693,1.6869
3.9544,0.76937,2.693,1.6895
3.9468,0.77447,2.693,1.6895
3.9417,0.76682,2.6981,1.6895
3.9468,0.76427,2.6956,1.692
3.957,0.76682,2.6956,1.6895
3.9493,0.76682,2.6956,1.6895
3.9468,0.76682,2.693,1.6946
3.9468,0.76427,2.693,1.6895
3.9544,0.76937,2.6956,1.6869
3.9468,0.76682,2.6956,1.6895
3.9468,0.76682,2.7007,1.6895
3.9468,0.75917,2.6879,1.6971
3.9544,0.76682,2.6879,1.6818
3.9417,0.77447,2.7007,1.6793
3.9417,0.76682,2.6956,1.6869
3.9468,0.76172,2.6956,1.6869
3.9468,0.76682,2.6879,1.6895
3.9468,0.77447,2.6956,1.6818
3.9391,0.76682,2.6981,1.6895
3.9468,0.75917,2.6956,1.6946
3.9493,0.76937,2.6956,1.6895
3.9468,0.76682,2.6956,1.6818
3.9468,0.76427,2.693,1.6895
3.9417,0.76682,2.693,1.6895
3.9468,0.76172,2.693,1.6895
3.9468,0.76682,2.693,1.6895
3.9468,0.77447,2.693,1.6895
3.9468,0.76682,2.7007,1.6895
3.9468,0.76172,2.6956,1.6895
3.9544,0.76682,2.6956,1.6895
3.9493,0.77192,2.693,1.6895
3.9417,0.76682,2.7007,1.6895
3.9493,0.76172,2.6956,1.6895
3.9544,0.76937,2.6879,1.6818
3.9417,0.77447,2.7007,1.6818
3.9417,0.75917,2.6981,1.6971
3.9519,0.76172,2.6956,1.6971
3.9544,0.76937,2.6879,1.6844
3.9417,0.77192,2.6956,1.6895
3.9468,0.76682,2.693,1.6895
3.9468,0.76682,2.693,1.6895
3.9544,0.77192,2.6879,1.6818
3.9417,0.77447,2.7007,1.6895
3.9468,0.76172,2.6956,1.6946
3.9519,0.76682,2.6879,1.6869
3.9468,0.77447,2.693,1.6869
3.9417,0.76937,2.6981,1.6895
3.9468,0.76172,2.6956,1.6997
3.9544,0.76682,2.6879,1.6844
3.9493,0.77447,2.693,1.6844
3.9417,0.76682,2.7007,1.6895
3.9544,0.76172,2.693,1.6971
3.9544,0.76682,2.6879,1.6844
3.9442,0.77447,2.6981,1.6895
3.9442,0.76172,2.7007,1.6971
3.957,0.76682,2.6879,1.6895
3.9493,0.77447,2.693,1.6844
3.9417,0.76682,2.6981,1.6895
3.9493,0.76682,2.693,1.6895
3.9519,0.76937,2.693,1.6895
3.9493,0.76682,2.693,1.6895
3.9519,0.76172,2.6956,1.6971
3.957,0.76937,2.6879,1.692
3.9493,0.77447,2.693,1.6844
3.9442,0.76682,2.7007,1.6971
3.957,0.76172,2.6879,1.6946
3.9519,0.77447,2.693,1.6844
3.9442,0.76682,2.6981,1.6895
3.9493,0.76172,2.693,1.6971
3.957,0.76427,2.6956,1.6869
3.9493,0.77447,2.693,1.6895
3.9442,0.76682,2.693,1.6895
3.9493,0.76682,2.6956,1.692
3.9493,0.76682,2.693,1.6844
3.9519,0.76682,2.693,1.6895
3.9493,0.76937,2.7007,1.6971
3.957,0.76172,2.6879,1.6971
3.9544,0.76682,2.6854,1.6869
3.9519,0.77192,2.6956,1.6818
3.9442,0.76937,2.7007,1.692
3.9493,0.76427,2.693,1.6971
3.9544,0.76682,2.6879,1.6895
3.957,0.77447,2.6956,1.6818
3.9442,0.76937,2.6981,1.6971
3.9493,0.76172,2.6956,1.6971
3.957,0.76682,2.6879,1.6869
3.9519,0.77447,2.693,1.6869
3.9442,0.76937,2.6981,1.6997
3.957,0.76172,2.6879,1.6895
3.9493,0.77447,2.693,1.6818
3.9442,0.76427,2.7007,1.692
3.9493,0.76172,2.6956,1.6997
3.9544,0.76682,2.693,1.6895
3.9468,0.76682,2.693,1.6895
3.9468,0.76682,2.693,1.6895
3.9493,0.76682,2.6956,1.692
3.9544,0.76937,2.693,1.692
3.9493,0.76682,2.693,1.6895
3.9493,0.76682,2.693,1.6895
3.9493,0.76172,2.693,1.6895
3.9493,0.76682,2.693,1.692
3.9493,0.76937,2.6905,1.6895
3.9442,0.76172,2.6981,1.6971
3.957,0.76172,2.6879,1.6971
3.957,0.77447,2.6879,1.6844
3.9493,0.76682,2.693,1.6895
3.9493,0.76682,2.693,1.6971
3.9493,0.76682,2.693,1.692
3.9519,0.76682,2.693,1.6946
3.9493,0.76682,2.693,1.6895
3.9468,0.76172,2.6981,1.6997
3.9519,0.76172,2.6879,1.6971
3.957,0.76682,2.693,1.692
3.9519,0.76682,2.693,1.6895
3.9442,0.76172,2.6981,1.6971
3.957,0.76172,2.6879,1.692
3.957,0.77447,2.6879,1.6844
3.9442,0.77447,2.6981,1.6946
3.9493,0.76172,2.6905,1.6971
3.957,0.76682,2.6879,1.6895
3.9493,0.77447,2.6905,1.692
3.9493,0.76682,2.693,1.692
3.9468,0.76682,2.693,1.692
3.9468,0.77447,2.693,1.6869
3.9417,0.76937,2.6981,1.6997
3.9493,0.76172,2.6854,1.6997
3.9544,0.77447,2.6828,1.6869
3.9417,0.77447,2.6981,1.6869
3.9417,0.76172,2.6956,1.6997
3.9544,0.76172,2.6905,1.692
3.9468,0.77447,2.6905,1.6869
3.9417,0.76937,2.6981,1.692
3.9468,0.76172,2.6905,1.6997
3.9544,0.76937,2.6828,1.692
3.9468,0.77447,2.6905,1.6844
3.9417,0.76682,2.6981,1.6997
3.9468,0.76172,2.6879,1.6997
3.9544,0.77447,2.6828,1.6844
3.9417,0.77447,2.6956,1.6946
3.9417,0.76172,2.6956,1.6997
3.9468,0.76682,2.6905,1.692
3.9468,0.76937,2.6879,1.6869
3.9468,0.76937,2.6879,1.692
3.9391,0.76172,2.6956,1.6997
3.9544,0.76172,2.6828,1.6971
3.9544,0.77447,2.6854,1.6869
3.9417,0.77447,2.693,1.692
3.9417,0.77192,2.6956,1.6946
3.9468,0.76172,2.6905,1.6971
3.9519,0.76937,2.6828,1.692
3.9468,0.76682,2.6905,1.6844
3.9468,0.76682,2.6905,1.6895
3.9468,0.76937,2.6879,1.6997
3.9544,0.76172,2.6905,1.6895
3.9468,0.76937,2.6879,1.6869
3.9417,0.77447,2.6956,1.692
3.9417,0.76427,2.6981,1.6997
3.957,0.76427,2.6828,1.692
3.9468,0.76937,2.693,1.6869
3.9468,0.76682,2.6879,1.6895
3.9468,0.76682,2.6879,1.6971
3.9468,0.76172,2.6828,1.6997
3.9544,0.77702,2.6828,1.6844
3.9417,0.77702,2.6879,1.6869
3.9417,0.76682,2.6879,1.692
3.9468,0.76172,2.6905,1.692
3.9468,0.76937,2.6828,1.6895
3.9493,0.77447,2.6879,1.6869
3.9417,0.76172,2.6956,1.6971
3.9519,0.76172,2.6828,1.6997
3.9519,0.77447,2.6828,1.6869
3.9468,0.77702,2.6905,1.6869
3.9417,0.76427,2.6981,1.6997
3.9468,0.76427,2.6828,1.6997
3.9544,0.76937,2.6879,1.692
3.9468,0.77447,2.6879,1.6869
3.9417,0.76937,2.6956,1.6946
3.9468,0.76172,2.6905,1.6997
3.9544,0.76682,2.6828,1.6869
3.9468,0.77447,2.693,1.6869
3.9442,0.76172,2.693,1.6946
3.9544,0.76427,2.6879,1.6997
3.9544,0.77447,2.6828,1.6869
3.9468,0.77702,2.6956,1.6869
3.9417,0.76172,2.6956,1.6971
3.9544,0.76172,2.6828,1.692
3.9493,0.77447,2.6879,1.6869
3.9442,0.76937,2.6956,1.6946
3.9468,0.76172,2.6828,1.6997
3.9544,0.77702,2.6803,1.6844
3.9391,0.76682,2.693,1.692
3.9468,0.76427,2.6905,1.6997
3.9519,0.76937,2.6828,1.6946
3.9468,0.77447,2.6879,1.6869
3.9391,0.76937,2.6956,1.6997
3.9468,0.76172,2.6803,1.6997
3.957,0.77447,2.6828,1.6869
3.9417,0.77702,2.6956,1.6946
3.9417,0.76427,2.6956,1.6997
3.9519,0.76172,2.6879,1.6997
3.9544,0.77447,2.6828,1.6869
3.9493,0.77702,2.6854,1.6869
3.9417,0.76937,2.6956,1.6997
3.9468,0.76172,2.6879,1.6997
3.957,0.76682,2.6828,1.6844
