1.13,1.0243,1.9691,1.5314
1.1351,1.0192,1.9564,1.5314
1.1428,1.0243,1.9564,1.5186
1.1351,1.0294,1.9666,1.5186
1.13,1.0166,1.9666,1.5314
1.1351,1.0192,1.9589,1.5314
1.1428,1.0268,1.9538,1.5186
1.1377,1.0294,1.9615,1.5186
1.13,1.0166,1.9691,1.5314
1.1351,1.0192,1.9589,1.5314
1.1453,1.0243,1.9538,1.5186
1.13,1.0319,1.9615,1.5161
1.13,1.0243,1.9666,1.5237
1.1351,1.0192,1.9615,1.5339
1.1428,1.0268,1.9538,1.5263
1.1351,1.0319,1.9589,1.5186
1.1326,1.0268,1.964,1.5263
1.1377,1.0192,1.9589,1.5314
1.1428,1.0243,1.9538,1.5212
1.1377,1.0243,1.9589,1.5186
1.1377,1.0268,1.9615,1.5237
1.1351,1.0243,1.9589,1.5237
1.1351,1.0192,1.9615,1.5237
1.1428,1.0268,1.9538,1.5237
1.1351,1.0294,1.9615,1.5186
1.13,1.0319,1.9666,1.5237
1.13,1.0192,1.964,1.5314
1.1377,1.0192,1.9589,1.5314
1.1453,1.0243,1.9538,1.5186
1.1351,1.0294,1.9589,1.5186
1.1351,1.0243,1.9589,1.5237
1.1351,1.0268,1.9589,1.5237
1.1377,1.0192,1.9615,1.5237
1.1428,1.0268,1.9538,1.5237
1.1351,1.0294,1.9589,1.5186
1.13,1.0243,1.9666,1.5237
1.1351,1.0192,1.9589,1.5314
1.1402,1.0243,1.9538,1.5263
1.1428,1.0294,1.9538,1.5212
1.13,1.0294,1.964,1.5186
1.13,1.0243,1.9666,1.5237
1.1326,1.0192,1.9666,1.5314
1.1428,1.0192,1.9538,1.5339
1.1428,1.0268,1.9538,1.5263
1.1351,1.0243,1.9589,1.5237
1.1377,1.0294,1.9589,1.5263
1.1275,1.0268,1.9666,1.5212
1.1377,1.0243,1.9615,1.5263
1.1351,1.0192,1.9615,1.5314
1.1428,1.0243,1.9564,1.5186
1.1351,1.0294,1.9589,1.5186
1.13,1.0294,1.964,1.5186
1.13,1.0192,1.964,1.5288
1.1351,1.0192,1.9538,1.5314
1.1453,1.0243,1.9513,1.5186
1.1377,1.0243,1.9589,1.5186
1.1326,1.0319,1.964,1.5186
1.1326,1.0268,1.964,1.5314
1.1377,1.0217,1.9589,1.5314
1.1351,1.0268,1.9589,1.5237
1.1428,1.0268,1.9538,1.5161
1.1351,1.0345,1.9589,1.5212
1.1377,1.0268,1.9589,1.5263
1.13,1.0192,1.964,1.5314
1.1428,1.0217,1.9513,1.5263
1.1428,1.0294,1.9538,1.5212
1.1351,1.0268,1.9564,1.5263
1.1377,1.0192,1.9589,1.5339
1.1428,1.0268,1.9513,1.5263
1.1326,1.0319,1.9564,1.5186
1.13,1.0268,1.964,1.5263
1.1351,1.0217,1.9589,1.5314
1.1428,1.0243,1.9513,1.5263
1.1351,1.0319,1.9564,1.5212
1.1326,1.0268,1.964,1.5263
1.1351,1.0192,1.9564,1.5314
1.1428,1.0243,1.9513,1.5263
1.1326,1.0319,1.9564,1.5212
1.13,1.0243,1.964,1.5263
1.1377,1.0192,1.9564,1.5314
1.1428,1.0268,1.9538,1.5186
1.1377,1.0319,1.9589,1.5212
1.13,1.0294,1.964,1.5263
1.1351,1.0268,1.9564,1.5314
1.1351,1.0268,1.9564,1.5263
1.1377,1.0294,1.9538,1.5186
1.1377,1.0268,1.964,1.5263
1.1351,1.0268,1.9538,1.5314
1.1351,1.0268,1.9538,1.5237
1.1351,1.0268,1.9487,1.5263
1.1377,1.0319,1.9538,1.5212
1.13,1.0319,1.964,1.5263
1.13,1.0294,1.9538,1.5263
1.1351,1.0268,1.9564,1.5263
1.1402,1.0268,1.9513,1.5263
1.1377,1.037,1.9538,1.5237
1.13,1.0268,1.9615,1.5314
1.1377,1.0217,1.9538,1.5339
1.1428,1.0294,1.9513,1.5263
1.1351,1.0319,1.964,1.5212
1.1326,1.0268,1.964,1.5263
1.1377,1.0192,1.9564,1.5339
1.1428,1.0268,1.9513,1.5263
1.1351,1.0345,1.9538,1.5212
1.13,1.0268,1.9615,1.5263
1.1351,1.0217,1.9538,1.5314
1.1428,1.0268,1.9487,1.5288
1.1351,1.0345,1.9538,1.5186
1.1326,1.0294,1.9615,1.5263
1.1351,1.0268,1.9538,1.5339
1.1351,1.0268,1.9538,1.5263
1.1428,1.0345,1.9487,1.5186
1.13,1.0345,1.9615,1.5263
1.1351,1.0217,1.9564,1.5339
1.1428,1.0268,1.9487,1.5263
1.1402,1.0319,1.9487,1.5212
1.13,1.0345,1.9589,1.5237
1.13,1.0217,1.9589,1.5339
1.1351,1.0217,1.9538,1.5314
1.1428,1.0294,1.9513,1.5263
1.1402,1.037,1.9487,1.5212
1.13,1.0319,1.9538,1.5212
1.1275,1.0294,1.9615,1.5339
1.1351,1.0192,1.9538,1.5339
1.1377,1.0294,1.9538,1.5263
1.1351,1.0268,1.9538,1.5212
1.1377,1.0345,1.9538,1.5263
1.13,1.0294,1.9615,1.5288
1.1351,1.0217,1.9538,1.5314
1.1428,1.0294,1.9462,1.5263
1.1351,1.0294,1.9462,1.5212
1.1377,1.0345,1.9589,1.5186
1.13,1.0294,1.9615,1.5263
1.1351,1.0217,1.9538,1.5339
1.1428,1.0268,1.9462,1.5237
1.1351,1.037,1.9538,1.5212
1.13,1.0294,1.9589,1.5263
1.13,1.0217,1.9615,1.5339
1.1428,1.0243,1.9462,1.5365
1.1428,1.0268,1.9487,1.5212
1.13,1.0345,1.9538,1.5237
1.13,1.0294,1.9615,1.5339
1.1351,1.0243,1.9538,1.5339
1.1402,1.0345,1.9462,1.5263
1.1351,1.0319,1.9538,1.5237
1.1326,1.0268,1.9589,1.5263
1.1351,1.0243,1.9538,1.5339
1.1402,1.0294,1.9462,1.5263
1.1351,1.0345,1.9538,1.5212
1.1351,1.0294,1.9538,1.5263
1.13,1.0243,1.964,1.5339
1.1351,1.0217,1.9487,1.5365
1.1428,1.0294,1.9462,1.5237
1.1351,1.0319,1.9538,1.5186
1.13,1.0268,1.9589,1.5288
1.1351,1.0243,1.9538,1.5339
1.1428,1.0294,1.9487,1.5263
1.1351,1.0345,1.9564,1.5212
1.1351,1.0294,1.9564,1.5263
1.13,1.0192,1.9615,1.5339
1.1428,1.0243,1.9538,1.5339
1.1428,1.0268,1.9462,1.5237
1.1351,1.0345,1.9538,1.5212
1.1275,1.0294,1.9589,1.5263
1.1351,1.0217,1.9538,1.5314
1.1428,1.0294,1.9462,1.5263
1.1428,1.0345,1.9462,1.5237
1.13,1.037,1.9589,1.5263
1.13,1.0243,1.9615,1.5339
1.1402,1.0243,1.9462,1.5365
1.1402,1.0319,1.9487,1.5212
1.13,1.037,1.9538,1.5186
1.1326,1.0294,1.9513,1.5263
1.1351,1.0217,1.9538,1.5339
1.1326,1.0294,1.9462,1.5288
1.1351,1.0345,1.9513,1.5263
1.13,1.0294,1.9564,1.5288
1.1351,1.0217,1.9538,1.5365
1.1428,1.0268,1.9436,1.5263
1.1351,1.0345,1.9538,1.5212
1.13,1.0268,1.9589,1.5314
1.1326,1.0243,1.9538,1.5339
1.1351,1.0294,1.9538,1.5288
1.1428,1.0294,1.9462,1.5288
1.1351,1.0294,1.9513,1.5314
1.1275,1.0243,1.9564,1.5365
1.1402,1.0294,1.9462,1.5288
1.1351,1.0345,1.9513,1.5212
1.13,1.0294,1.9589,1.5263
1.1326,1.0243,1.9538,1.5263
1.1351,1.0294,1.9487,1.5314
1.1351,1.0294,1.9513,1.5263
1.1351,1.0294,1.9513,1.5339
1.1326,1.0294,1.9462,1.5263
1.1351,1.0294,1.9513,1.5212
1.1326,1.0294,1.9513,1.5288
1.1275,1.0294,1.9513,1.5263
1.1377,1.0243,1.9487,1.5365
1.1428,1.0294,1.9436,1.5263
1.1351,1.037,1.9487,1.5237
1.13,1.0294,1.9564,1.5263
1.1351,1.0217,1.9513,1.5365
1.1428,1.0243,1.9436,1.5288
1.1402,1.0345,1.9513,1.5237
1.13,1.037,1.9564,1.5288
1.13,1.0294,1.9589,1.5339
1.1351,1.0268,1.9538,1.5339
1.1428,1.0294,1.9436,1.5263
1.1351,1.0294,1.9513,1.5237
1.1351,1.0294,1.9513,1.5288
1.1326,1.0294,1.9564,1.5365
1.1377,1.0243,1.9513,1.5365
1.1428,1.0294,1.9436,1.5288
1.1351,1.0345,1.9513,1.5212
1.1351,1.0294,1.9513,1.5288
1.1275,1.0294,1.9564,1.5263
1.1351,1.0294,1.9513,1.5288
1.1428,1.0294,1.9436,1.5288
1.1351,1.0345,1.9487,1.5212
1.13,1.037,1.9564,1.5288
1.13,1.0243,1.9589,1.5365
1.1326,1.0243,1.9513,1.5288
1.1428,1.0319,1.9487,1.5288
1.1351,1.0396,1.9513,1.5263
1.13,1.0319,1.9564,1.5314
1.13,1.0243,1.9538,1.5365
1.1402,1.0268,1.9436,1.5263
1.1326,1.0294,1.9487,1.5314
1.1326,1.0294,1.9487,1.5288
1.1275,1.0294,1.9538,1.5339
1.1351,1.0243,1.9411,1.5339
1.1428,1.037,1.9436,1.5212
1.1351,1.037,1.9538,1.5237
1.13,1.0217,1.9564,1.5365
1.1402,1.0243,1.9411,1.5365
1.1428,1.0294,1.9436,1.5288
1.1326,1.037,1.9487,1.5263
1.1326,1.0294,1.9538,1.5263
1.1351,1.0243,1.9487,1.5263
1.1428,1.0294,1.9436,1.5288
1.1351,1.037,1.9487,1.5237
1.13,1.0294,1.9589,1.5339
1.1351,1.0243,1.9487,1.5339
1.1428,1.0294,1.9436,1.5263
1.1351,1.0294,1.9513,1.5237
1.13,1.0294,1.9589,1.5263
1.1351,1.0243,1.9513,1.5339
1.1402,1.0294,1.9436,1.5314
1.1428,1.037,1.9436,1.5212
1.13,1.0345,1.9589,1.5212
1.13,1.0243,1.9564,1.5288
1.1377,1.0243,1.9487,1.5339
1.1428,1.0294,1.9462,1.5212
1.1351,1.037,1.9589,1.5237
1.13,1.0294,1.9589,1.5365
1.1377,1.0243,1.9487,1.5339
1.1428,1.0294,1.9462,1.5288
1.1351,1.0294,1.9538,1.5212
1.1351,1.0268,1.9538,1.5263
1.1351,1.0294,1.9513,1.5263
1.1377,1.0294,1.9538,1.5288
1.1428,1.0294,1.9462,1.5288
1.1351,1.0345,1.9538,1.5288
1.13,1.0345,1.9589,1.5263
1.1275,1.0217,1.9615,1.5339
1.1377,1.0243,1.9487,1.5339
1.1402,1.0294,1.9462,1.5288
1.1351,1.0345,1.9538,1.5212
1.13,1.037,1.9589,1.5263
1.13,1.0268,1.9615,1.5339
1.1351,1.0217,1.9564,1.5339
1.1428,1.0294,1.9487,1.5288
1.1377,1.0268,1.9538,1.5263
1.1377,1.0294,1.9538,1.5263
1.13,1.0294,1.9615,1.5263
1.1351,1.0217,1.9538,1.5288
1.1428,1.0294,1.9487,1.5288
1.1377,1.0345,1.9538,1.5212
1.1326,1.0345,1.9615,1.5288
1.1377,1.0217,1.9538,1.5339
1.1428,1.0268,1.9462,1.5288
1.1377,1.0345,1.9513,1.5212
1.13,1.0345,1.9615,1.5263
1.13,1.0243,1.9615,1.5365
1.1351,1.0268,1.9564,1.5288
1.1428,1.0294,1.9513,1.5263
1.1351,1.0345,1.9538,1.5237
1.13,1.0268,1.9589,1.5288
1.1377,1.0243,1.9538,1.5314
1.1428,1.0217,1.9487,1.5288
1.1428,1.0345,1.9487,1.5212
1.1377,1.0345,1.9589,1.5212
1.13,1.0294,1.964,1.5288
1.1351,1.0268,1.9564,1.5263
1.1351,1.0217,1.9564,1.5263
1.1428,1.0268,1.9513,1.5288
1.1428,1.0345,1.9513,1.5212
1.1351,1.0345,1.9564,1.5237
1.13,1.0268,1.964,1.5365
1.1377,1.0268,1.9564,1.5263
1.1351,1.0243,1.9589,1.5263
1.1428,1.0268,1.9513,1.5263
1.1428,1.0345,1.9513,1.5212
1.13,1.0319,1.9564,1.5212
1.13,1.0268,1.964,1.5263
1.1351,1.0192,1.9589,1.5314
1.1428,1.0192,1.9513,1.5263
1.1428,1.0268,1.9513,1.5212
1.1377,1.0319,1.9589,1.5237
1.13,1.0319,1.964,1.5288
1.13,1.0166,1.9666,1.5339
1.1351,1.0217,1.9615,1.5314
1.1402,1.0243,1.9615,1.5263
1.1351,1.0268,1.9538,1.5237
1.13,1.0319,1.9666,1.5212
1.13,1.0268,1.9666,1.5339
1.1351,1.0192,1.9589,1.5339
1.1453,1.0243,1.9564,1.5237
1.1377,1.0319,1.9615,1.5186
1.1326,1.0268,1.9691,1.5263
1.1377,1.0217,1.9564,1.5339
1.1453,1.0243,1.9564,1.5314
1.1351,1.0294,1.964,1.5212
1.1326,1.0166,1.9691,1.5263
1.1377,1.0166,1.964,1.5339
1.1377,1.0243,1.9589,1.5263
1.1377,1.0268,1.964,1.5186
1.1377,1.0243,1.964,1.5263
1.1402,1.0243,1.9666,1.5263
1.1377,1.0166,1.964,1.5339
1.1428,1.0243,1.9589,1.5186
1.1377,1.0294,1.964,1.5212
1.1326,1.0243,1.9717,1.5263
1.1326,1.0243,1.9717,1.5339
1.1377,1.0166,1.9666,1.5314
1.1402,1.0243,1.964,1.5263
1.1402,1.0243,1.9666,1.5237
1.1402,1.0243,1.9666,1.5263
1.13,1.0243,1.9742,1.5339
1.1377,1.0192,1.9666,1.5339
1.1453,1.0217,1.9615,1.5263
1.1453,1.0319,1.964,1.5212
1.1326,1.0319,1.9768,1.5237
1.1326,1.0166,1.9768,1.5314
1.1377,1.0166,1.9691,1.5314
1.1428,1.0243,1.964,1.5212
1.1377,1.0294,1.9691,1.5212
1.1326,1.0217,1.9793,1.5263
1.1377,1.0192,1.9717,1.5365
1.1377,1.0243,1.9717,1.5263
1.1453,1.0243,1.9666,1.5186
1.1377,1.0268,1.9717,1.5186
1.13,1.0243,1.9793,1.5263
1.1377,1.0141,1.9742,1.5339
1.1453,1.0217,1.9666,1.5212
1.1402,1.0268,1.9717,1.5212
1.1377,1.0217,1.9742,1.5237
1.1402,1.0217,1.9742,1.5339
1.1351,1.0243,1.9742,1.5237
1.1377,1.0217,1.9742,1.5237
1.1377,1.0217,1.9742,1.5237
1.1377,1.0217,1.9819,1.5263
1.1402,1.0217,1.9742,1.5263
1.1377,1.0192,1.9742,1.5263
1.1377,1.0217,1.9742,1.5263
1.1377,1.0141,1.9742,1.5314
1.1453,1.0217,1.9691,1.5263
1.1377,1.0217,1.9742,1.5186
1.1377,1.0217,1.9742,1.5263
1.1326,1.0192,1.9742,1.5237
1.1377,1.0166,1.9768,1.5314
1.1377,1.0192,1.9742,1.5237
1.1377,1.0217,1.9691,1.5237
1.1453,1.0268,1.9717,1.5186
1.1377,1.0268,1.9819,1.5186
1.1326,1.0217,1.9793,1.5237
1.1326,1.0141,1.9819,1.5314
1.1377,1.0141,1.9666,1.5314
1.1453,1.0192,1.9691,1.5186
1.1402,1.0268,1.9768,1.5186
1.1351,1.0192,1.9742,1.5237
1.1377,1.0192,1.9768,1.5263
1.1377,1.0141,1.9768,1.5237
1.1479,1.0141,1.9717,1.5263
1.1428,1.0294,1.9717,1.5161
1.1428,1.0268,1.9768,1.5186
1.1326,1.0192,1.9844,1.5339
1.1377,1.0192,1.9793,1.5237
1.1377,1.0141,1.9819,1.5263
1.1453,1.0192,1.9717,1.5237
1.1479,1.0243,1.9742,1.5186
1.1402,1.0268,1.9819,1.5186
1.1326,1.0243,1.9869,1.5237
1.1377,1.0166,1.9819,1.5263
1.1377,1.0141,1.9793,1.5237
1.1428,1.0192,1.9742,1.5263
1.1402,1.0268,1.9793,1.5212
1.1377,1.0192,1.9793,1.5237
1.1326,1.0192,1.9819,1.5237
1.1402,1.0141,1.9819,1.5263
1.1453,1.0192,1.9768,1.5186
1.1402,1.0268,1.9793,1.5186
1.1402,1.0192,1.9819,1.5237
1.1377,1.0192,1.9819,1.5237
1.1377,1.0115,1.9819,1.5314
1.1453,1.0192,1.9742,1.5237
1.1377,1.0192,1.9819,1.5237
1.1402,1.0243,1.9793,1.5237
1.1326,1.0192,1.9895,1.5237
1.1326,1.009,1.9895,1.5314
1.1377,1.0115,1.9819,1.5237
1.1453,1.0115,1.9768,1.5237
1.1453,1.0217,1.9768,1.5186
1.1402,1.0243,1.9819,1.5186
1.1402,1.0192,1.9819,1.5212
1.1326,1.0192,1.9895,1.5237
1.1402,1.0115,1.9844,1.5288
1.1479,1.0115,1.9768,1.5314
1.1453,1.0166,1.9768,1.5161
1.1377,1.0217,1.9844,1.5186
1.1377,1.0243,1.9895,1.5186
1.1326,1.0166,1.9895,1.5288
1.1402,1.0166,1.9819,1.5288
1.1377,1.0192,1.9844,1.5237
1.1453,1.0192,1.9793,1.5237
1.1402,1.0243,1.9844,1.5161
1.1402,1.0166,1.9844,1.5237
1.1326,1.0192,1.992,1.5237
1.1402,1.0166,1.9819,1.5212
1.1402,1.009,1.9844,1.5237
1.1453,1.0115,1.9793,1.5237
1.1453,1.0243,1.9768,1.5161
1.1402,1.0243,1.9844,1.5161
1.1326,1.0192,1.992,1.5237
1.1326,1.009,1.9895,1.5288
1.1453,1.0115,1.9793,1.5314
1.1479,1.0243,1.9793,1.5186
1.1377,1.0243,1.9819,1.5186
1.1326,1.0243,1.9895,1.5237
1.1326,1.0115,1.9895,1.5314
1.1402,1.009,1.9844,1.5288
1.1453,1.0192,1.9793,1.5212
1.1377,1.0243,1.9844,1.5161
1.1377,1.0217,1.9844,1.5237
1.1326,1.0192,1.9895,1.5237
1.1326,1.009,1.992,1.5288
1.1402,1.0115,1.9869,1.5237
1.1479,1.0166,1.9793,1.5237
1.1479,1.0217,1.9793,1.5161
1.1326,1.0192,1.9895,1.5161
1.1326,1.0166,1.9895,1.5237
1.1377,1.009,1.9844,1.5288
1.1377,1.0141,1.9869,1.5263
1.1402,1.0166,1.9844,1.5237
1.1377,1.0243,1.9819,1.5161
1.1402,1.0217,1.9895,1.5237
1.1326,1.0115,1.9895,1.5314
1.1377,1.0141,1.9819,1.5314
1.1453,1.009,1.9768,1.5237
1.1453,1.0192,1.9768,1.5161
1.1377,1.0243,1.9819,1.5186
1.1326,1.0166,1.9895,1.5212
1.1326,1.009,1.9869,1.5314
1.1453,1.0115,1.9742,1.5288
1.1453,1.0166,1.9768,1.5161
1.1377,1.0166,1.9819,1.5186
1.1377,1.0166,1.9819,1.5237
1.1326,1.0166,1.9819,1.5212
1.1326,1.0115,1.9895,1.5288
1.1377,1.0115,1.9844,1.5314
1.1453,1.0192,1.9768,1.5237
1.1453,1.0243,1.9768,1.5186
1.13,1.0243,1.9869,1.5161
1.1326,1.009,1.9869,1.5314
1.1402,1.0115,1.9844,1.5314
1.1453,1.0166,1.9793,1.5161
1.1377,1.0166,1.9819,1.5186
1.1402,1.0243,1.9819,1.5212
1.1326,1.0192,1.9895,1.5237
1.1377,1.0115,1.9844,1.5314
1.1453,1.009,1.9768,1.5237
1.1428,1.0243,1.9768,1.5186
1.1377,1.0217,1.9819,1.5161
1.1377,1.0243,1.9895,1.5212
1.1377,1.0166,1.9844,1.5237
1.1377,1.0115,1.9819,1.5212
1.1428,1.0166,1.9793,1.5237
1.1428,1.0217,1.9768,1.5161
1.1402,1.0166,1.9844,1.5212
1.1326,1.0166,1.9895,1.5237
1.1377,1.009,1.9793,1.5288
1.1453,1.0166,1.9793,1.5161
1.1377,1.0217,1.9844,1.5186
1.1402,1.0166,1.992,1.5237
1.1402,1.0166,1.9819,1.5314
1.1453,1.009,1.9793,1.5288
1.1453,1.0166,1.9793,1.5237
1.1377,1.0217,1.9844,1.5161
1.1326,1.0166,1.992,1.5212
1.1402,1.009,1.9869,1.5314
