1.5506,0.96311,2.5197,1.0953
1.5557,0.96311,2.512,1.103
1.5583,0.96311,2.512,1.0953
1.5659,0.96311,2.5044,1.0979
1.5583,0.96821,2.512,1.0902
1.5506,0.97331,2.5197,1.0953
1.5506,0.95547,2.5171,1.1004
1.5583,0.95802,2.512,1.103
1.5634,0.96311,2.5044,1.0953
1.5608,0.96311,2.512,1.0953
1.5557,0.96821,2.5146,1.0979
1.5506,0.96311,2.5171,1.0953
1.5583,0.96311,2.512,1.1004
1.5634,0.95802,2.5044,1.0953
1.5634,0.97076,2.5069,1.0877
1.5583,0.96821,2.512,1.0877
1.5583,0.96311,2.512,1.0928
1.5583,0.96311,2.512,1.0928
1.5608,0.95547,2.5146,1.0953
1.5659,0.96311,2.5069,1.0953
1.5583,0.96821,2.512,1.0877
1.5532,0.96311,2.5171,1.0953
1.5583,0.95547,2.512,1.103
1.5634,0.96311,2.5069,1.0877
1.5583,0.96821,2.5146,1.0877
1.5532,0.96821,2.5171,1.0953
1.5506,0.95547,2.5171,1.1004
1.5659,0.95547,2.5146,1.0953
1.5583,0.96566,2.512,1.0953
1.5557,0.96821,2.512,1.0877
1.5583,0.96311,2.5197,1.0953
1.5583,0.96311,2.5146,1.0928
1.5608,0.95802,2.5146,1.0928
1.5659,0.96311,2.5069,1.0928
1.5583,0.96821,2.5146,1.0928
1.5506,0.96821,2.5171,1.0928
1.5532,0.95802,2.5197,1.1004
1.5608,0.96311,2.5146,1.0902
1.5583,0.96566,2.5146,1.0851
1.5583,0.96566,2.5146,1.0902
1.5583,0.96566,2.5146,1.0902
1.5583,0.96566,2.5146,1.0902
1.5634,0.96566,2.5069,1.0851
1.5608,0.97331,2.512,1.0826
1.5608,0.96566,2.5146,1.0902
1.5583,0.96566,2.5197,1.0902
1.5608,0.95802,2.5146,1.0979
1.5659,0.97331,2.5095,1.0902
1.5608,0.97076,2.5146,1.0851
1.5532,0.97331,2.5197,1.0826
1.5608,0.96821,2.5197,1.0902
1.5608,0.96056,2.5146,1.0953
1.5583,0.96311,2.5146,1.0902
1.5634,0.96566,2.512,1.0902
1.5634,0.96566,2.512,1.0877
1.5557,0.96821,2.5197,1.0877
1.5608,0.96566,2.5146,1.0902
1.5685,0.96566,2.5095,1.0877
1.5608,0.97076,2.5146,1.0851
1.5557,0.96566,2.5197,1.0877
1.5634,0.96311,2.5146,1.0953
1.5685,0.96566,2.5069,1.0877
1.5608,0.97331,2.5146,1.0851
1.5557,0.96821,2.5197,1.0877
1.5583,0.96056,2.5197,1.0928
1.5608,0.96311,2.5069,1.0953
1.5685,0.96566,2.5095,1.0902
1.5608,0.97076,2.5146,1.0851
1.5557,0.96566,2.5222,1.0902
1.5608,0.96056,2.5146,1.0979
1.5685,0.96311,2.5095,1.0851
1.5608,0.96566,2.5146,1.0851
1.5608,0.97076,2.5146,1.0902
1.5557,0.96566,2.5197,1.0877
1.5608,0.95802,2.5146,1.0979
1.5659,0.95802,2.5095,1.0979
1.5659,0.96566,2.5095,1.0826
1.5608,0.97076,2.5146,1.0851
1.5608,0.96566,2.5146,1.0877
1.5557,0.96566,2.5146,1.0902
1.5608,0.96056,2.5146,1.0979
1.5659,0.96566,2.5069,1.0902
1.5685,0.96566,2.5095,1.0851
1.5608,0.97331,2.5146,1.0851
1.5608,0.96566,2.5146,1.0902
1.5608,0.96566,2.5146,1.0902
1.5583,0.95802,2.5146,1.0979
1.5634,0.95802,2.512,1.0902
1.5659,0.96566,2.5069,1.0877
1.5583,0.97076,2.5146,1.0851
1.5608,0.96311,2.5146,1.0902
1.5557,0.96566,2.5146,1.0928
1.5583,0.95802,2.5146,1.0928
1.5659,0.95802,2.5069,1.0902
1.5659,0.97076,2.5095,1.0851
1.5608,0.97076,2.5146,1.0851
1.5532,0.96311,2.5197,1.0953
1.5532,0.95547,2.5197,1.0979
1.5608,0.96056,2.5069,1.0979
1.5659,0.96311,2.5095,1.0902
1.5608,0.96311,2.5146,1.0877
1.5608,0.96311,2.5146,1.0928
1.5532,0.96566,2.5197,1.0902
1.5608,0.95802,2.5146,1.0979
1.5685,0.96311,2.5095,1.0877
1.5608,0.97076,2.5146,1.0851
1.5557,0.97076,2.5197,1.0902
1.5532,0.95802,2.5197,1.0979
1.5659,0.96056,2.5146,1.0902
1.5685,0.96566,2.5095,1.0928
1.5608,0.96566,2.5146,1.0902
1.5583,0.96566,2.5197,1.0902
1.5608,0.96056,2.5146,1.0877
1.5685,0.96566,2.5095,1.0902
1.5685,0.97331,2.5095,1.0851
1.5532,0.97076,2.5197,1.0902
1.5532,0.96056,2.5222,1.0979
1.5608,0.96056,2.5069,1.0979
1.5634,0.96566,2.5095,1.0851
1.5608,0.96821,2.5146,1.0826
1.5608,0.96566,2.5146,1.0877
1.5608,0.96566,2.5146,1.0902
1.5608,0.96056,2.5146,1.0902
1.5685,0.96311,2.5095,1.0902
1.5659,0.97076,2.5095,1.0826
1.5557,0.97076,2.5222,1.0826
1.5557,0.96566,2.5222,1.0953
1.5608,0.96056,2.5146,1.0979
1.5608,0.96311,2.5146,1.0902
1.5608,0.96566,2.5146,1.0902
1.5583,0.97076,2.5146,1.0851
1.5557,0.96311,2.5222,1.0902
1.5608,0.95802,2.5171,1.0979
1.5659,0.96311,2.5095,1.0902
1.5659,0.96821,2.512,1.0851
1.5506,0.96821,2.5222,1.0826
1.5557,0.95802,2.5197,1.0979
1.5583,0.95802,2.5171,1.0979
1.5685,0.96311,2.5095,1.0902
1.5659,0.96311,2.5146,1.0902
1.5608,0.97076,2.5171,1.0902
1.5532,0.97076,2.5222,1.0902
1.5557,0.95802,2.5222,1.0979
1.5583,0.95802,2.5171,1.0979
1.5685,0.96311,2.5095,1.0902
1.5583,0.96566,2.5146,1.0851
1.5532,0.96821,2.5222,1.0851
1.5557,0.96566,2.5222,1.0953
1.5608,0.95802,2.5069,1.0979
1.5659,0.96311,2.5095,1.0928
1.5608,0.97076,2.5171,1.0928
1.5557,0.96566,2.5222,1.0928
1.5532,0.95802,2.5222,1.0979
1.5608,0.96566,2.5171,1.0902
1.5659,0.96311,2.5095,1.0902
1.5583,0.97076,2.5146,1.0928
1.5557,0.96821,2.5197,1.0928
1.5557,0.95547,2.5222,1.1004
1.5659,0.95802,2.5146,1.1004
1.5659,0.96311,2.5095,1.0953
1.5583,0.96821,2.5171,1.0877
1.5532,0.96311,2.5248,1.0953
1.5583,0.95547,2.5146,1.1004
1.5634,0.96056,2.5095,1.0953
1.5583,0.96821,2.5146,1.0877
1.5506,0.96311,2.5248,1.0979
1.5583,0.95802,2.5146,1.0979
1.5583,0.96056,2.5171,1.0953
1.5659,0.96821,2.512,1.0877
1.5506,0.96821,2.5222,1.0902
1.5557,0.95547,2.5222,1.103
1.5608,0.95547,2.5069,1.0979
1.5634,0.96311,2.5095,1.0877
1.5583,0.96821,2.5171,1.0953
1.5506,0.96311,2.5197,1.0928
1.5583,0.95547,2.5171,1.1004
1.5634,0.96311,2.5095,1.0953
1.5583,0.96311,2.5146,1.0877
1.5583,0.96311,2.5146,1.0928
1.5532,0.96311,2.5222,1.0953
1.5583,0.95547,2.5146,1.103
1.5634,0.96311,2.5095,1.0953
1.5659,0.96821,2.5146,1.0877
1.5532,0.96821,2.5222,1.0953
1.5532,0.95547,2.5222,1.1004
1.5634,0.95547,2.5146,1.0928
1.5583,0.96311,2.5146,1.0953
1.5583,0.96056,2.5146,1.0928
1.5532,0.96311,2.5222,1.0928
1.5532,0.95547,2.5222,1.0979
1.5634,0.95547,2.5171,1.0953
1.5634,0.96311,2.5095,1.0953
1.5659,0.96311,2.5146,1.0902
1.5583,0.96056,2.5146,1.0928
1.5532,0.96311,2.5222,1.0928
1.5583,0.95547,2.5171,1.0953
1.5659,0.96311,2.5095,1.0928
1.5583,0.96821,2.5146,1.0877
1.5506,0.96311,2.5222,1.0928
1.5608,0.95802,2.5146,1.0979
1.5634,0.96311,2.512,1.0928
1.5608,0.96821,2.5146,1.0877
1.5583,0.96311,2.5146,1.0928
1.5583,0.96056,2.5146,1.1004
1.5634,0.95547,2.512,1.0928
1.5659,0.96821,2.512,1.0851
1.5532,0.96311,2.5222,1.0928
1.5583,0.95802,2.5171,1.0979
1.5659,0.95802,2.512,1.0928
1.5659,0.96821,2.512,1.0928
1.5583,0.96821,2.5146,1.0877
1.5532,0.96311,2.5222,1.0928
1.5532,0.95547,2.5248,1.1004
1.5583,0.95547,2.5146,1.0979
1.5634,0.96311,2.5095,1.0928
1.5608,0.97076,2.5171,1.0877
1.5532,0.96056,2.5222,1.0928
1.5608,0.95547,2.5171,1.0979
1.5659,0.96311,2.5095,1.0928
1.5583,0.96821,2.5146,1.0877
1.5532,0.96311,2.5222,1.0979
1.5583,0.95547,2.5146,1.0979
1.5659,0.96311,2.512,1.0953
1.5583,0.96311,2.5146,1.0877
1.5583,0.96311,2.5171,1.0928
1.5532,0.96566,2.5248,1.0953
1.5583,0.95292,2.5146,1.0979
1.5659,0.96311,2.512,1.0953
1.5583,0.96821,2.5171,1.0877
1.5532,0.96311,2.5222,1.0928
1.5583,0.95547,2.5171,1.0979
1.5659,0.96311,2.5095,1.0928
1.5583,0.97076,2.5146,1.0877
1.5532,0.96056,2.5222,1.0928
1.5557,0.95547,2.5146,1.0979
1.5659,0.95547,2.5095,1.0928
1.5634,0.96821,2.5095,1.0877
1.5608,0.96311,2.5146,1.0928
1.5583,0.96311,2.5171,1.0902
1.5583,0.96311,2.5146,1.0979
1.5659,0.96311,2.5095,1.0928
1.5583,0.96821,2.5146,1.0851
1.5608,0.97076,2.5248,1.0902
1.5557,0.95802,2.5222,1.0979
1.5659,0.95802,2.5095,1.0928
1.5685,0.97076,2.5095,1.0851
1.5557,0.97076,2.5248,1.0851
1.5532,0.95802,2.5222,1.0979
1.5583,0.95802,2.5095,1.0979
1.5685,0.97076,2.5095,1.0851
1.5557,0.97076,2.5146,1.0851
1.5557,0.95802,2.5222,1.0979
1.5608,0.96056,2.5171,1.0979
1.5659,0.96311,2.5095,1.0851
1.5608,0.96566,2.5171,1.0826
1.5557,0.97076,2.5248,1.0902
1.5583,0.95802,2.5222,1.0979
1.5608,0.95802,2.5146,1.0877
1.5685,0.96566,2.5095,1.0877
1.5608,0.96566,2.5146,1.0877
1.5557,0.96566,2.5171,1.0877
1.5608,0.96056,2.5146,1.0902
1.5634,0.96566,2.5146,1.0877
1.5608,0.96821,2.5171,1.0877
1.5608,0.96566,2.5146,1.0877
1.5608,0.96056,2.5171,1.0877
1.5685,0.96311,2.512,1.0877
1.5608,0.96566,2.5146,1.0826
1.5608,0.96566,2.5146,1.0877
1.5532,0.96566,2.5248,1.0877
1.5583,0.96056,2.5171,1.0928
1.5685,0.96056,2.5095,1.0928
1.5685,0.96821,2.5095,1.0826
1.5634,0.97076,2.5197,1.08
1.5608,0.96821,2.5146,1.0851
1.5608,0.96821,2.5146,1.0902
1.5634,0.96821,2.5146,1.0851
1.5685,0.96821,2.5146,1.0851
1.5634,0.97331,2.5171,1.0851
1.5583,0.96821,2.5248,1.0851
1.5608,0.96311,2.5146,1.0902
1.5685,0.96311,2.5095,1.0902
1.571,0.96821,2.5095,1.0775
1.5634,0.97331,2.5146,1.0775
1.5634,0.96821,2.5146,1.0826
1.5583,0.96821,2.5146,1.0826
1.5634,0.96056,2.5146,1.0826
1.571,0.96056,2.5095,1.0851
1.571,0.96821,2.5095,1.0749
1.5634,0.97586,2.5146,1.0749
1.5583,0.96821,2.5222,1.0826
1.5659,0.96821,2.5146,1.0877
1.5634,0.96821,2.5146,1.08
1.5634,0.96821,2.5095,1.0749
1.5634,0.97586,2.5146,1.0749
1.5583,0.97076,2.5248,1.0851
1.5583,0.96311,2.5146,1.0902
1.571,0.96311,2.512,1.0877
1.571,0.96821,2.5095,1.0749
1.5659,0.97586,2.5146,1.0775
1.5583,0.96821,2.5197,1.08
1.5659,0.96821,2.5171,1.0877
1.5659,0.96311,2.5146,1.0826
1.571,0.96821,2.512,1.08
1.571,0.97841,2.512,1.0749
1.5583,0.97586,2.5222,1.0749
1.5583,0.96566,2.5222,1.0877
1.5634,0.96311,2.5146,1.0877
1.571,0.96821,2.5095,1.0724
1.5634,0.97841,2.5146,1.0724
1.5583,0.96821,2.5222,1.0826
1.5634,0.97076,2.5146,1.0877
1.5634,0.97076,2.5146,1.08
1.5634,0.96821,2.5146,1.0826
1.5634,0.96821,2.5146,1.0826
1.5583,0.96821,2.5222,1.0826
1.5557,0.96311,2.5222,1.0877
1.5659,0.96311,2.5146,1.0826
1.5685,0.96821,2.5095,1.0826
1.5685,0.97841,2.5069,1.0749
1.5583,0.97841,2.512,1.0775
1.5583,0.97076,2.5197,1.0826
1.5583,0.96311,2.5197,1.0877
1.571,0.96311,2.5069,1.0877
1.571,0.97841,2.5069,1.0749
1.5634,0.96821,2.5146,1.0749
1.5634,0.96821,2.5146,1.0826
1.5583,0.97076,2.5146,1.0826
1.5634,0.96311,2.5146,1.0877
1.571,0.96311,2.5095,1.0851
1.571,0.97586,2.5095,1.0749
1.5634,0.97586,2.5146,1.0749
1.5557,0.96821,2.5197,1.0902
1.571,0.96311,2.5146,1.0877
1.571,0.97586,2.5095,1.0826
1.5634,0.97331,2.5146,1.08
1.5608,0.96821,2.5146,1.0826
1.5634,0.96821,2.5197,1.0851
1.5634,0.96311,2.512,1.0902
1.571,0.96821,2.5095,1.0851
1.5634,0.97586,2.5146,1.0775
1.5583,0.96821,2.5197,1.0851
1.5608,0.96311,2.5146,1.0902
1.5685,0.96821,2.5095,1.0851
1.5608,0.97331,2.5146,1.0851
1.5583,0.96821,2.5197,1.0851
1.5608,0.96056,2.5146,1.0851
1.5608,0.96821,2.5095,1.0877
1.5608,0.97076,2.5146,1.0851
1.5608,0.96821,2.5222,1.0851
1.5685,0.95802,2.5095,1.0953
1.5685,0.97331,2.5095,1.0826
1.5583,0.96566,2.5197,1.0877
1.5557,0.95802,2.5222,1.0953
1.5685,0.95802,2.5095,1.0928
1.5685,0.96566,2.5146,1.0877
1.5608,0.96821,2.5146,1.0877
1.5608,0.96566,2.5146,1.0953
1.5608,0.96566,2.5146,1.0877
1.5608,0.96821,2.5146,1.0775
1.5608,0.96821,2.5146,1.0877
1.5557,0.96566,2.5222,1.0953
1.5659,0.95802,2.5095,1.0979
1.5685,0.96566,2.512,1.08
1.5557,0.96821,2.5146,1.0826
1.5557,0.95802,2.5197,1.0953
1.5608,0.96056,2.5095,1.0953
1.5659,0.96311,2.5095,1.0826
1.5557,0.97076,2.5146,1.0877
1.5608,0.96566,2.5146,1.0953
1.5608,0.96821,2.5146,1.0902
1.5608,0.96311,2.5146,1.0851
1.5532,0.96566,2.5222,1.0877
1.5608,0.96056,2.5146,1.0953
1.5685,0.96311,2.512,1.0877
1.5608,0.97076,2.5146,1.0826
1.5557,0.96566,2.5222,1.0902
1.5608,0.96056,2.5146,1.0953
1.5583,0.96566,2.512,1.0902
1.5608,0.96821,2.5146,1.0851
1.5557,0.96566,2.5222,1.0877
1.5608,0.96566,2.5171,1.0953
1.5685,0.96311,2.5095,1.0877
1.5634,0.97331,2.5171,1.0826
1.5532,0.97076,2.5171,1.0877
1.5608,0.95802,2.5146,1.0953
1.5685,0.96566,2.5095,1.0877
1.5685,0.97076,2.512,1.08
1.5557,0.97331,2.5248,1.0877
1.5583,0.96056,2.5222,1.0928
1.571,0.96311,2.5095,1.0902
1.571,0.97331,2.512,1.0826
1.5583,0.97076,2.5248,1.0877
1.5608,0.96566,2.5171,1.0928
1.5608,0.96056,2.512,1.0928
1.571,0.97331,2.5095,1.08
1.5608,0.97331,2.5146,1.08
1.5557,0.96821,2.5222,1.0928
1.5634,0.96056,2.5146,1.0902
1.5634,0.96821,2.5146,1.0851
1.5685,0.96566,2.512,1.0877
1.5608,0.97331,2.5146,1.0851
1.5583,0.96821,2.5248,1.0877
1.5608,0.96056,2.5171,1.0877
1.571,0.96566,2.5095,1.0877
1.571,0.97076,2.512,1.08
1.5557,0.97076,2.5248,1.08
1.5557,0.96056,2.5248,1.0928
1.5634,0.96056,2.5146,1.0928
1.5685,0.96566,2.5095,1.0877
1.5634,0.96821,2.5146,1.0826
1.5608,0.96821,2.5146,1.0851
1.5583,0.96821,2.5248,1.0928
1.5634,0.96311,2.5095,1.0928
1.5685,0.96566,2.5095,1.08
1.5634,0.97331,2.5146,1.0775
1.5583,0.96821,2.5248,1.0877
1.5634,0.96821,2.5146,1.0902
1.5608,0.96566,2.5146,1.0851
1.5685,0.96566,2.5095,1.0851
1.5634,0.97076,2.5146,1.0851
1.5557,0.96821,2.5222,1.0851
1.5608,0.96821,2.5146,1.0928
1.5634,0.96311,2.5095,1.0953
1.571,0.96566,2.5095,1.0826
1.5634,0.97331,2.5146,1.0775
1.5557,0.96821,2.5222,1.0877
1.5634,0.96821,2.5197,1.0928
1.5634,0.96311,2.5146,1.0928
1.5608,0.96821,2.5146,1.0877
1.5608,0.96566,2.5069,1.0877
1.5608,0.97331,2.512,1.0826
1.5583,0.96566,2.5197,1.0877
1.5634,0.96311,2.5146,1.0953
1.5634,0.96821,2.5146,1.0877
1.5685,0.97331,2.5095,1.0826
1.5583,0.97331,2.5197,1.0826
1.5557,0.96566,2.5222,1.0953
1.5608,0.96056,2.5146,1.0953
1.5685,0.96566,2.5095,1.0877
1.5608,0.96821,2.5146,1.0826
1.5608,0.96566,2.5146,1.0877
1.5557,0.96566,2.5146,1.0877
1.5583,0.95802,2.5222,1.0953
1.5685,0.96056,2.5069,1.0953
1.571,0.97331,2.5069,1.0826
1.5608,0.97331,2.5146,1.0826
1.5557,0.96566,2.5222,1.0877
1.5557,0.96056,2.5248,1.0953
1.5685,0.96056,2.5095,1.0953
1.5685,0.96566,2.5095,1.0826
1.5608,0.97331,2.5146,1.0826
1.5557,0.95802,2.5222,1.0979
1.5685,0.96056,2.5095,1.0877
1.571,0.97331,2.5069,1.0826
1.5557,0.97331,2.5222,1.08
1.5583,0.96056,2.5222,1.0953
1.5634,0.96311,2.5146,1.0928
1.5685,0.96566,2.5095,1.0877
1.5608,0.97331,2.5146,1.0826
1.5557,0.96821,2.5222,1.0851
1.5583,0.96056,2.5197,1.0928
1.5685,0.96056,2.5095,1.0877
1.5685,0.97331,2.512,1.08
1.5634,0.97331,2.5222,1.08
1.5583,0.96056,2.5222,1.0928
1.5608,0.96821,2.5171,1.0851
1.571,0.96566,2.5095,1.0877
1.5634,0.97331,2.5171,1.0851
1.5557,0.96821,2.5222,1.0851
1.5634,0.96056,2.5146,1.0851
1.571,0.96821,2.512,1.0851
1.5634,0.97331,2.5146,1.0851
1.5583,0.96821,2.5222,1.0851
1.5634,0.96311,2.5146,1.0902
1.5685,0.96311,2.5069,1.0851
1.5685,0.97586,2.5095,1.0775
1.5608,0.97331,2.5146,1.0775
1.5557,0.96821,2.5197,1.0928
1.5634,0.96311,2.5146,1.0902
1.5634,0.96821,2.5146,1.0851
1.5634,0.96821,2.5146,1.0851
1.5634,0.97841,2.5146,1.0851
1.5583,0.96821,2.5248,1.0851
1.5583,0.97076,2.5146,1.0902
1.5634,0.97076,2.5095,1.0851
1.571,0.97586,2.5146,1.0775
1.5583,0.97331,2.5222,1.0851
1.5583,0.96311,2.5248,1.0902
1.571,0.96311,2.5095,1.0851
1.5685,0.97331,2.5095,1.0775
1.5583,0.97331,2.5197,1.0851
1.5583,0.96311,2.5197,1.0877
1.5659,0.96821,2.5146,1.0826
1.5634,0.97586,2.5146,1.0749
1.5583,0.96821,2.5222,1.0826
1.5659,0.96821,2.5146,1.0902
1.5634,0.96821,2.5146,1.0851
1.5685,0.96821,2.5146,1.0851
1.5659,0.97331,2.5171,1.0775
