3.9162,0.65975,2.6267,1.8654
3.906,0.66485,2.6344,1.8629
3.906,0.65975,2.6344,1.8705
3.9086,0.65975,2.6344,1.8705
3.9111,0.6521,2.6369,1.8782
3.9086,0.6521,2.6369,1.8782
3.9162,0.65975,2.6267,1.868
3.9111,0.6623,2.6318,1.8654
3.9111,0.6572,2.6318,1.868
3.9035,0.65975,2.6395,1.8705
3.906,0.6521,2.642,1.8782
3.9086,0.64956,2.6344,1.8782
3.9162,0.6521,2.6267,1.8705
3.9162,0.66485,2.6293,1.8654
3.9111,0.6674,2.6369,1.8654
3.9035,0.65975,2.642,1.8705
3.9111,0.65975,2.6344,1.8782
3.9086,0.6521,2.6344,1.8782
3.9111,0.6572,2.6344,1.8705
3.9162,0.65975,2.6293,1.8731
3.9111,0.6674,2.6344,1.8629
3.9035,0.66485,2.642,1.8705
3.9035,0.65975,2.6395,1.8705
3.9035,0.65465,2.642,1.8756
3.9111,0.6521,2.6293,1.8782
3.9162,0.65975,2.6293,1.8731
3.9086,0.65975,2.6344,1.8654
3.9111,0.66485,2.6344,1.868
3.9035,0.65975,2.6395,1.8705
3.9035,0.6521,2.642,1.8782
3.9111,0.64956,2.6369,1.8782
3.9111,0.6521,2.6267,1.8782
3.9162,0.6572,2.6293,1.8731
3.9111,0.66485,2.6344,1.8629
3.906,0.66485,2.6395,1.8705
3.9035,0.65975,2.6395,1.8782
3.9188,0.6521,2.6267,1.8782
3.9162,0.65975,2.6267,1.8705
3.9111,0.6674,2.6344,1.8654
3.906,0.65975,2.642,1.8731
3.9086,0.6521,2.6369,1.8782
3.9188,0.6521,2.6267,1.8731
3.9162,0.65975,2.6267,1.8654
3.9035,0.66485,2.6395,1.8654
3.9035,0.65975,2.6395,1.868
3.9111,0.6521,2.6369,1.8731
3.9086,0.6572,2.6267,1.8705
3.9086,0.6572,2.6318,1.8629
3.9111,0.65975,2.6344,1.8705
3.9035,0.6623,2.642,1.8731
3.9009,0.6521,2.6395,1.8756
3.9086,0.6521,2.6369,1.8782
3.906,0.65975,2.6369,1.8705
3.9162,0.6572,2.6267,1.8705
3.9137,0.6623,2.6293,1.8629
3.9086,0.6674,2.6344,1.8705
3.9009,0.66485,2.6395,1.8705
3.9035,0.6572,2.642,1.868
3.9086,0.65975,2.6344,1.8782
3.9086,0.6521,2.6344,1.8705
3.9162,0.65975,2.6293,1.8705
3.9137,0.66485,2.6293,1.8629
3.9086,0.66485,2.6344,1.8629
3.9086,0.6572,2.6344,1.868
3.9009,0.65975,2.6395,1.8731
3.906,0.65465,2.6344,1.8782
3.9162,0.6521,2.6344,1.8705
3.9162,0.6623,2.6318,1.8705
3.9086,0.65975,2.6344,1.8654
3.9086,0.6674,2.6344,1.8705
3.9035,0.65975,2.6395,1.868
3.9086,0.65975,2.6369,1.8756
3.9086,0.65975,2.6344,1.8705
3.9086,0.65975,2.6293,1.8629
3.9086,0.66485,2.6344,1.8629
3.9086,0.6623,2.6369,1.8705
3.9035,0.65975,2.6395,1.8756
3.9086,0.65975,2.6344,1.8782
3.906,0.6521,2.6344,1.8705
3.9137,0.6572,2.6267,1.8705
3.9086,0.6572,2.6369,1.8731
3.9086,0.6674,2.6344,1.8705
3.9035,0.66485,2.642,1.8705
3.9035,0.65975,2.642,1.8756
3.906,0.6521,2.6344,1.8756
3.9162,0.6521,2.6318,1.8705
3.9162,0.6572,2.6293,1.8629
3.9086,0.66485,2.6344,1.8629
3.9086,0.6572,2.6369,1.868
3.9086,0.65975,2.6344,1.8705
3.9086,0.6521,2.6369,1.8705
3.9137,0.6521,2.6318,1.8705
3.9162,0.65975,2.6369,1.8629
3.9086,0.66485,2.6344,1.868
3.9035,0.65975,2.6369,1.8705
3.9086,0.6521,2.6369,1.8731
3.9162,0.65975,2.6293,1.868
3.9162,0.6623,2.6318,1.8629
3.9086,0.65975,2.6369,1.868
3.9035,0.6572,2.642,1.868
3.9086,0.6521,2.6369,1.8731
3.9137,0.6521,2.6318,1.8705
3.9086,0.6572,2.6318,1.8705
3.9111,0.6623,2.6369,1.868
3.9035,0.66485,2.642,1.8705
3.9035,0.6521,2.642,1.8756
3.9162,0.6521,2.6318,1.8756
3.9162,0.6572,2.6318,1.8629
3.9086,0.6623,2.6369,1.8629
3.9035,0.65975,2.6446,1.868
3.9086,0.65975,2.6369,1.8705
3.9086,0.6521,2.6369,1.8756
3.9086,0.6521,2.6395,1.8654
3.9162,0.6572,2.6293,1.8654
3.9162,0.66485,2.6318,1.8629
3.9035,0.66485,2.6446,1.8629
3.9035,0.6572,2.642,1.8756
3.9111,0.6521,2.6369,1.8782
3.9162,0.6521,2.6344,1.868
3.9162,0.66485,2.6293,1.8629
3.9086,0.66485,2.6369,1.8705
3.9035,0.6572,2.642,1.868
3.906,0.64956,2.642,1.8756
3.9162,0.6521,2.6369,1.8756
3.9162,0.6572,2.6318,1.8731
3.9111,0.6623,2.6369,1.8654
3.9035,0.6572,2.6446,1.8705
3.906,0.6521,2.6446,1.8756
3.9086,0.6521,2.6369,1.8756
3.9162,0.6572,2.6318,1.8629
3.9111,0.6623,2.6446,1.8629
3.9035,0.65975,2.642,1.8705
3.9111,0.64956,2.6369,1.8782
3.9162,0.65975,2.6318,1.8629
3.9111,0.6572,2.6369,1.8705
3.906,0.65975,2.6446,1.868
3.9111,0.6521,2.6369,1.8705
3.9162,0.65975,2.6318,1.868
3.9111,0.66485,2.6369,1.8705
3.906,0.6572,2.6446,1.868
3.9111,0.6521,2.6395,1.8756
3.9188,0.6521,2.6318,1.868
3.9188,0.65975,2.6293,1.8629
3.9137,0.66485,2.6369,1.8629
3.906,0.6572,2.6446,1.8705
3.9111,0.6572,2.6369,1.8782
3.9111,0.6572,2.6369,1.8705
3.9137,0.65975,2.6369,1.8629
3.9111,0.65975,2.6369,1.8705
3.9111,0.6572,2.6369,1.8731
3.9111,0.6521,2.6369,1.8782
3.9162,0.6572,2.6344,1.8705
3.9111,0.6623,2.6369,1.8629
3.9137,0.6572,2.6395,1.8705
3.9111,0.65975,2.6369,1.8782
3.9137,0.6521,2.6369,1.868
3.9188,0.65975,2.6318,1.8705
3.9111,0.6623,2.6369,1.8629
3.906,0.65975,2.6446,1.8705
3.9111,0.6521,2.6369,1.8756
3.9188,0.6521,2.6293,1.8731
3.9188,0.6572,2.6369,1.8629
3.9111,0.6572,2.6369,1.8705
3.9137,0.6572,2.6369,1.8756
3.9137,0.65975,2.6395,1.8731
3.9213,0.65975,2.6318,1.8705
3.9111,0.6623,2.6395,1.8629
3.9137,0.6572,2.6395,1.8705
3.906,0.6572,2.6369,1.8705
3.9111,0.6521,2.6369,1.8756
3.9188,0.65975,2.6318,1.8705
3.9137,0.6572,2.6369,1.8629
3.9137,0.65975,2.6369,1.8705
3.906,0.6572,2.6446,1.8705
3.9111,0.64956,2.6369,1.8782
3.9188,0.6521,2.6369,1.8756
3.9188,0.6572,2.6369,1.8705
3.9111,0.66485,2.6395,1.8629
3.906,0.65975,2.6446,1.868
3.906,0.6521,2.6446,1.8756
3.9162,0.64956,2.6318,1.8756
3.9188,0.66485,2.6318,1.8654
3.906,0.6623,2.6446,1.8629
3.9086,0.6521,2.642,1.8756
3.9137,0.6521,2.6318,1.8756
3.9188,0.6572,2.6318,1.8629
3.9137,0.6623,2.6369,1.8629
3.906,0.66485,2.6471,1.8705
3.906,0.64956,2.6446,1.8756
3.9111,0.6521,2.6344,1.8782
3.9162,0.6572,2.6318,1.8705
3.9137,0.6572,2.6369,1.8705
3.9137,0.6623,2.6369,1.8705
3.906,0.65975,2.6446,1.8705
3.906,0.6521,2.6446,1.8782
3.9137,0.6521,2.6369,1.8705
3.9213,0.6572,2.6318,1.8705
3.9137,0.66485,2.6369,1.8629
3.906,0.66485,2.6446,1.8629
3.906,0.6572,2.6446,1.8756
3.9111,0.64956,2.6369,1.8782
3.9137,0.6572,2.6395,1.868
3.9137,0.6572,2.6369,1.8629
3.9137,0.6572,2.6369,1.8705
3.906,0.65975,2.6471,1.8705
3.9162,0.6572,2.6395,1.8705
3.9188,0.6521,2.6318,1.8705
3.9213,0.6623,2.6344,1.8629
3.9137,0.6572,2.6369,1.868
3.9086,0.65975,2.6395,1.8705
3.9162,0.64956,2.6395,1.8705
3.9213,0.65975,2.6318,1.8705
3.9137,0.66485,2.6395,1.8629
3.906,0.66485,2.6446,1.8705
3.906,0.6521,2.6446,1.8731
3.9137,0.6521,2.6318,1.8782
3.9213,0.65975,2.6318,1.8629
3.9137,0.66485,2.6395,1.8629
3.9137,0.65975,2.6395,1.8705
3.906,0.6572,2.6471,1.868
3.9137,0.6521,2.6395,1.8782
3.9188,0.65465,2.6344,1.8705
3.9188,0.6623,2.6344,1.8654
3.9137,0.6623,2.6471,1.8629
3.906,0.6572,2.6446,1.8782
3.9111,0.6572,2.6369,1.8756
3.9137,0.6521,2.6369,1.8705
3.9137,0.6572,2.6344,1.8705
3.9137,0.66485,2.6395,1.8654
3.9035,0.65975,2.6471,1.868
3.906,0.6521,2.6446,1.8756
3.9111,0.6521,2.6395,1.8756
3.9213,0.6572,2.6344,1.8705
3.9137,0.66485,2.6395,1.8629
3.9111,0.65975,2.6369,1.868
3.9137,0.65975,2.6395,1.8705
3.9111,0.6572,2.6395,1.8782
3.9213,0.6572,2.6395,1.8705
3.9162,0.66485,2.6395,1.8629
3.906,0.66485,2.6471,1.8705
3.906,0.6521,2.6471,1.8782
3.9188,0.6521,2.6344,1.8756
3.9213,0.6572,2.6318,1.8705
3.9188,0.6623,2.6344,1.8654
3.906,0.6623,2.6446,1.8629
3.906,0.65975,2.6471,1.8705
3.9137,0.6572,2.6395,1.8756
3.9111,0.65975,2.6395,1.868
3.9188,0.6572,2.6344,1.8705
3.9111,0.6623,2.6395,1.8629
3.906,0.66485,2.6471,1.868
3.906,0.6521,2.6446,1.8731
3.9137,0.6521,2.6395,1.8756
3.9111,0.6572,2.6395,1.8705
3.9162,0.6572,2.6344,1.868
3.9137,0.6623,2.6369,1.8603
3.906,0.66485,2.6471,1.8705
3.906,0.65975,2.6446,1.8756
3.9111,0.6521,2.6318,1.8731
3.9137,0.65975,2.6369,1.8705
3.9137,0.6572,2.6369,1.8705
3.9137,0.66485,2.6395,1.868
3.9035,0.65975,2.6446,1.868
3.9035,0.6521,2.6446,1.8731
3.9188,0.64956,2.6369,1.8782
3.9111,0.6572,2.6318,1.8705
3.9086,0.6623,2.6369,1.8629
3.906,0.66485,2.6471,1.868
3.9111,0.65975,2.6369,1.868
3.9111,0.6521,2.6395,1.8756
3.9137,0.6623,2.6395,1.8629
3.9111,0.6572,2.6395,1.8705
3.9111,0.6674,2.6395,1.8629
3.906,0.65975,2.6446,1.8705
3.906,0.6521,2.642,1.8756
3.9162,0.6521,2.6318,1.8731
3.9188,0.66485,2.6318,1.8705
3.9162,0.6623,2.6395,1.8629
3.906,0.66485,2.6471,1.8705
3.906,0.6572,2.6446,1.8731
3.9111,0.6521,2.6369,1.8756
3.9188,0.6521,2.6318,1.8731
3.9162,0.6572,2.6344,1.8705
3.9137,0.65975,2.6318,1.8629
3.906,0.66485,2.6446,1.8629
3.906,0.65975,2.6446,1.868
3.9111,0.65975,2.6369,1.8782
3.9111,0.6521,2.6369,1.8731
3.9162,0.6572,2.6318,1.8629
3.9188,0.6623,2.6318,1.8629
3.9111,0.6572,2.6395,1.868
3.906,0.65975,2.6471,1.868
3.9137,0.6521,2.6395,1.8782
3.9188,0.65465,2.6318,1.8782
3.9188,0.65975,2.6318,1.8629
3.9111,0.66485,2.6395,1.8629
3.9137,0.6623,2.6446,1.8629
3.9035,0.65975,2.6446,1.8782
3.9111,0.65975,2.642,1.8756
3.9086,0.65975,2.6395,1.868
3.9137,0.6572,2.6369,1.8705
3.9111,0.6623,2.6395,1.8629
3.906,0.65975,2.6471,1.8705
3.9137,0.65975,2.6395,1.868
3.9111,0.65465,2.6395,1.8705
3.9162,0.6572,2.6344,1.8654
3.9188,0.6623,2.6344,1.8629
3.906,0.66485,2.6395,1.8629
3.906,0.6521,2.6446,1.8782
3.9111,0.6521,2.642,1.8756
3.9188,0.6572,2.6318,1.868
3.9111,0.6572,2.6369,1.8629
3.9137,0.6572,2.6395,1.8705
3.906,0.65975,2.6471,1.868
3.9137,0.6521,2.6395,1.8756
3.9188,0.6521,2.6344,1.8731
3.9137,0.6572,2.6395,1.8705
3.9137,0.66485,2.6369,1.8705
3.906,0.65975,2.6471,1.8705
3.906,0.6572,2.6395,1.8782
3.9137,0.6572,2.6395,1.868
3.9137,0.65975,2.6369,1.8705
3.9111,0.66485,2.6395,1.8629
3.906,0.6623,2.6446,1.868
3.9035,0.6521,2.6471,1.868
3.9111,0.6521,2.642,1.868
3.9188,0.6572,2.6369,1.8705
3.9137,0.6623,2.6369,1.8705
3.906,0.65975,2.6471,1.868
3.9111,0.6521,2.6395,1.8756
3.9188,0.6521,2.6318,1.8705
3.9162,0.66485,2.6344,1.8629
3.906,0.66485,2.6395,1.8705
3.9111,0.65975,2.6446,1.868
3.9111,0.6521,2.6369,1.8705
3.9162,0.65975,2.6318,1.868
3.9111,0.66485,2.6395,1.8629
3.906,0.65975,2.6471,1.868
3.9111,0.65975,2.6395,1.8731
3.9111,0.6521,2.6318,1.8756
3.9188,0.66485,2.6344,1.8629
3.9137,0.66485,2.6369,1.868
3.9035,0.65975,2.6446,1.868
3.9137,0.6521,2.6395,1.8756
3.9188,0.6521,2.6344,1.868
3.9162,0.6674,2.6344,1.8629
3.9111,0.66485,2.6471,1.8629
3.906,0.65975,2.6446,1.8705
3.9111,0.6521,2.6395,1.8756
3.9162,0.6572,2.6369,1.868
3.9111,0.66485,2.6395,1.8629
3.906,0.66485,2.6471,1.868
3.906,0.6521,2.6446,1.8756
3.9188,0.6521,2.6344,1.8782
3.9188,0.6623,2.6318,1.8629
3.906,0.66485,2.6471,1.8629
3.906,0.65975,2.6446,1.8731
3.9111,0.6521,2.6395,1.8756
3.9188,0.6623,2.6344,1.8705
3.9111,0.66485,2.6395,1.8629
3.906,0.6521,2.6471,1.8756
3.9111,0.6521,2.6369,1.8731
3.9162,0.6572,2.6344,1.8705
3.9111,0.6572,2.6395,1.8629
3.9137,0.65975,2.6369,1.8705
3.906,0.65975,2.6471,1.868
3.9137,0.64956,2.6395,1.868
3.9162,0.6572,2.6344,1.8705
3.9213,0.66485,2.6344,1.8629
3.906,0.66485,2.6446,1.8705
3.906,0.6521,2.6446,1.8731
3.9111,0.6521,2.6344,1.8731
3.9188,0.66485,2.6318,1.868
3.9137,0.6623,2.6395,1.8629
3.9111,0.65975,2.6471,1.8705
3.9137,0.65975,2.6395,1.8731
3.9137,0.6521,2.6395,1.8705
3.9188,0.6572,2.6344,1.868
3.9111,0.66485,2.6395,1.8629
3.906,0.66485,2.6471,1.868
3.906,0.6521,2.6446,1.8756
3.9188,0.6521,2.6344,1.8756
3.9162,0.6572,2.6344,1.868
3.9137,0.6572,2.6369,1.8629
3.9137,0.65975,2.6395,1.868
3.9035,0.65975,2.6471,1.8705
3.906,0.6521,2.6471,1.8782
3.9213,0.65465,2.6395,1.8782
3.9162,0.65975,2.6395,1.868
3.9188,0.6572,2.6395,1.8705
3.9137,0.66485,2.6395,1.8629
3.9086,0.6623,2.6395,1.868
3.906,0.6572,2.6446,1.8705
3.906,0.6521,2.6471,1.8782
3.9137,0.6521,2.6395,1.868
3.9188,0.65975,2.6318,1.868
3.9188,0.66485,2.6344,1.8629
3.9137,0.66485,2.6395,1.8629
3.9111,0.65975,2.6395,1.868
3.9111,0.65975,2.6471,1.868
3.9137,0.6521,2.6395,1.8756
3.9213,0.64956,2.6344,1.8705
3.9213,0.66485,2.6344,1.8629
3.906,0.6623,2.6471,1.8629
3.906,0.6521,2.6471,1.8782
3.9188,0.6521,2.6395,1.8782
3.9213,0.66485,2.6369,1.8629
3.9111,0.6623,2.6395,1.8629
3.906,0.65465,2.6471,1.8705
3.9137,0.6521,2.6395,1.8756
3.9111,0.6572,2.6395,1.868
3.9111,0.6572,2.6395,1.868
3.9137,0.66485,2.6395,1.8705
3.9111,0.6572,2.6471,1.868
3.9137,0.6572,2.6344,1.8705
3.9137,0.66485,2.6395,1.8603
3.906,0.6572,2.6446,1.868
3.9162,0.6572,2.642,1.8756
3.9137,0.6521,2.6344,1.8782
3.9213,0.66485,2.6344,1.868
3.9137,0.66485,2.6369,1.8629
3.906,0.6572,2.6471,1.8705
3.9137,0.65975,2.642,1.8756
3.9137,0.65975,2.6395,1.8705
3.9137,0.6572,2.6395,1.8705
3.9137,0.66485,2.6395,1.8654
3.9086,0.6521,2.6471,1.8756
3.9111,0.65465,2.6395,1.8731
3.9188,0.6572,2.6344,1.8654
3.9137,0.66485,2.6395,1.8603
3.906,0.6572,2.6471,1.8705
3.9137,0.65975,2.6395,1.8731
3.9188,0.65975,2.6344,1.868
3.9137,0.6572,2.642,1.8629
3.9137,0.6572,2.6369,1.8705
3.9137,0.65975,2.6395,1.8782
3.9162,0.65975,2.6395,1.8705
3.9213,0.6572,2.6395,1.868
3.906,0.66485,2.6471,1.8629
3.906,0.6521,2.6471,1.8756
3.9137,0.6521,2.642,1.8756
3.9137,0.65975,2.6369,1.8705
3.9162,0.6572,2.642,1.868
3.9137,0.6623,2.6395,1.8654
3.9086,0.66485,2.6471,1.8705
3.9086,0.6572,2.6471,1.868
3.9162,0.6521,2.6395,1.8782
3.9137,0.6572,2.642,1.868
3.9137,0.6572,2.642,1.868
3.9162,0.6572,2.642,1.868
3.906,0.65975,2.6471,1.8756
3.9137,0.6521,2.6446,1.8756
3.9213,0.65975,2.6369,1.8654
3.9162,0.6623,2.642,1.8629
3.9086,0.6572,2.6471,1.8756
3.9162,0.64956,2.642,1.8756
3.9213,0.65975,2.6369,1.868
3.9137,0.66485,2.642,1.8629
3.9162,0.6572,2.642,1.868
3.9162,0.6572,2.642,1.8756
3.9162,0.64956,2.642,1.868
3.9213,0.6572,2.6369,1.8705
3.9162,0.66485,2.642,1.8654
3.9086,0.65465,2.6471,1.8705
3.9162,0.64956,2.642,1.8756
3.9162,0.65975,2.642,1.8705
3.9188,0.6572,2.6446,1.868
3.9162,0.66485,2.642,1.868
3.9162,0.6572,2.6446,1.8705
3.9162,0.6521,2.6446,1.868
3.9213,0.6572,2.6369,1.8705
3.9162,0.66485,2.6446,1.8603
3.9086,0.6572,2.6446,1.8731
3.9162,0.64956,2.6446,1.8756
3.9213,0.6572,2.6369,1.8705
3.9162,0.6623,2.6446,1.868
3.9111,0.65975,2.6446,1.8705
3.9188,0.6521,2.6446,1.868
3.9213,0.6572,2.6369,1.8705
3.9162,0.6623,2.6446,1.8705
3.9111,0.6572,2.6497,1.868
3.9162,0.6521,2.6446,1.8756
3.9238,0.6572,2.6369,1.868
3.9238,0.6623,2.6395,1.8603
3.9137,0.6623,2.6522,1.868
3.9111,0.6521,2.6522,1.8756
3.9238,0.6521,2.642,1.8756
3.9238,0.6623,2.6369,1.8629
3.9162,0.6623,2.6446,1.8629
3.9111,0.6572,2.6497,1.8756
3.9162,0.6572,2.6446,1.8756
3.9162,0.6572,2.6471,1.8705
3.9162,0.65975,2.6369,1.8705
3.9188,0.6623,2.6522,1.8629
3.9137,0.65975,2.6497,1.8705
3.9213,0.65465,2.6471,1.8705
3.9162,0.6521,2.6471,1.8731
3.9188,0.6572,2.6395,1.868
3.9162,0.65465,2.6395,1.8731
3.9162,0.6623,2.6446,1.8629
