2.3358,0.69799,2.2087,1.307
2.3307,0.70054,2.2164,1.3146
2.3281,0.68524,2.2164,1.3197
2.3408,0.68524,2.2036,1.3223
2.3434,0.69544,2.2062,1.307
2.3307,0.69799,2.2164,1.307
2.3307,0.69034,2.2164,1.3197
2.3358,0.69034,2.2087,1.3223
2.3358,0.69289,2.2113,1.3146
2.3408,0.69289,2.2062,1.3146
2.3408,0.69799,2.2062,1.307
2.3281,0.69799,2.2087,1.3095
2.3332,0.69289,2.2164,1.3223
2.3358,0.68524,2.2113,1.3197
2.3332,0.69289,2.2087,1.3146
2.3434,0.69034,2.2036,1.3095
2.3358,0.69799,2.2113,1.3095
2.3307,0.69289,2.2164,1.3146
2.3358,0.69289,2.2113,1.3146
2.3383,0.68524,2.2087,1.3146
2.3434,0.68524,2.2062,1.3146
2.3434,0.69034,2.2036,1.3146
2.3358,0.69289,2.2113,1.3095
2.3358,0.69799,2.2113,1.3146
2.3307,0.69289,2.2164,1.3146
2.3358,0.69289,2.2164,1.3146
2.3332,0.6827,2.2113,1.3172
2.3408,0.69034,2.2036,1.3172
2.3434,0.69799,2.2036,1.3121
2.3307,0.69799,2.2164,1.307
2.3281,0.69034,2.2164,1.3197
2.3358,0.6827,2.2087,1.3197
2.3408,0.69289,2.2062,1.3172
2.3358,0.69799,2.2087,1.3121
2.3383,0.69289,2.2113,1.3172
2.3358,0.69034,2.2087,1.3146
2.3383,0.6827,2.2113,1.3172
2.3434,0.68779,2.2062,1.3146
2.3434,0.69799,2.2062,1.3121
2.3332,0.69799,2.2087,1.3095
2.3307,0.69034,2.2164,1.3172
2.3358,0.69034,2.2087,1.3172
2.3383,0.6827,2.2113,1.3223
2.3408,0.68779,2.2062,1.3146
2.3434,0.68779,2.2113,1.3172
2.3358,0.69799,2.2113,1.3095
2.3358,0.69034,2.2113,1.3172
2.3307,0.69034,2.2164,1.3146
2.3383,0.6827,2.2113,1.3223
2.3434,0.6827,2.2138,1.3146
2.3434,0.69034,2.2087,1.3146
2.3358,0.69799,2.2113,1.3095
2.3307,0.69034,2.2164,1.3146
2.3358,0.69034,2.2113,1.3197
2.3358,0.68779,2.2087,1.3172
2.3434,0.69034,2.2062,1.307
2.3383,0.69544,2.2113,1.3095
2.3307,0.69034,2.2189,1.3172
2.3358,0.68524,2.2138,1.3223
2.3434,0.68779,2.2062,1.3146
2.3358,0.69544,2.2113,1.3095
2.3332,0.69034,2.2189,1.3146
2.3358,0.69034,2.2164,1.3223
2.3383,0.68779,2.2113,1.3146
2.3383,0.69034,2.2087,1.3146
2.3383,0.69034,2.2113,1.3172
2.3383,0.69034,2.2113,1.3146
2.3408,0.68524,2.2138,1.3172
2.3459,0.69034,2.2062,1.3146
2.3459,0.69544,2.2062,1.3095
2.3383,0.69544,2.2113,1.3121
2.3332,0.69034,2.2164,1.3172
2.3408,0.69034,2.2087,1.3223
2.3408,0.69034,2.2113,1.3146
2.3383,0.69034,2.2113,1.3146
2.3383,0.69799,2.2113,1.3172
2.3307,0.69034,2.2164,1.3146
2.3332,0.69034,2.2164,1.3223
2.3383,0.6827,2.2087,1.3223
2.3434,0.69034,2.2036,1.3197
2.3459,0.69034,2.2087,1.3172
2.3358,0.69544,2.2087,1.3121
2.3307,0.69034,2.2164,1.3197
2.3408,0.6827,2.2087,1.3248
2.3434,0.69289,2.2036,1.3146
2.3459,0.69289,2.2036,1.3095
2.3408,0.69544,2.2087,1.3121
2.3332,0.69034,2.2164,1.3172
2.3332,0.6827,2.2164,1.3223
2.3383,0.6827,2.2087,1.3223
2.3383,0.69034,2.2036,1.3197
2.3434,0.69544,2.2062,1.3121
2.3383,0.69799,2.2087,1.3095
2.3332,0.69034,2.2138,1.3223
2.3383,0.68015,2.2113,1.3223
2.3383,0.68779,2.2113,1.3172
2.3383,0.68779,2.2036,1.3172
2.3383,0.69544,2.2087,1.3146
2.3332,0.69034,2.2164,1.3172
2.3307,0.6827,2.2189,1.3223
2.3358,0.69034,2.2087,1.3146
2.3459,0.69034,2.2036,1.3172
2.3383,0.69544,2.2087,1.3121
2.3408,0.69289,2.2087,1.3146
2.3358,0.69034,2.2189,1.3121
2.3408,0.6827,2.2138,1.3223
2.3459,0.6827,2.2036,1.3172
2.3459,0.69289,2.2087,1.3121
2.3383,0.69289,2.2138,1.3121
2.3332,0.68779,2.2189,1.3172
2.3383,0.69034,2.2189,1.3223
2.3408,0.68015,2.2062,1.3223
2.3459,0.69034,2.2062,1.3172
2.3383,0.69544,2.2138,1.3121
2.3383,0.68779,2.2164,1.3146
2.3358,0.69034,2.2189,1.3146
2.3358,0.6827,2.2164,1.3197
2.3459,0.6827,2.2087,1.3223
2.3459,0.69289,2.2087,1.3095
2.3408,0.69289,2.2138,1.3095
2.3383,0.69544,2.2138,1.3095
2.3358,0.68779,2.2215,1.3172
2.3408,0.69034,2.2138,1.3146
2.3408,0.6827,2.2164,1.3146
2.3459,0.68779,2.2087,1.3146
2.351,0.69289,2.2087,1.3121
2.3434,0.69544,2.2138,1.307
2.3408,0.69034,2.2164,1.3172
2.3358,0.68779,2.2164,1.3121
2.3358,0.6827,2.2215,1.3223
2.3408,0.68015,2.2164,1.3223
2.3485,0.68524,2.2113,1.3146
2.3408,0.69289,2.2189,1.3095
2.3459,0.68779,2.2189,1.3146
2.3358,0.68524,2.2164,1.3121
2.3434,0.68015,2.2189,1.3197
2.351,0.68015,2.2087,1.3172
2.351,0.69289,2.2113,1.3095
2.3434,0.69289,2.2215,1.3095
2.3383,0.69034,2.2215,1.3223
2.3434,0.6827,2.2164,1.3223
2.351,0.69544,2.2087,1.3146
2.3434,0.69289,2.2113,1.3095
2.3408,0.68779,2.2138,1.3121
2.3408,0.68779,2.2215,1.3223
2.351,0.68015,2.2087,1.3223
2.351,0.69289,2.2087,1.3095
2.3434,0.69289,2.2138,1.3095
2.3383,0.68779,2.2215,1.3146
2.3434,0.69034,2.2113,1.3223
2.3485,0.6827,2.2087,1.3223
2.351,0.68524,2.2087,1.3095
2.3434,0.69289,2.2113,1.3121
2.3434,0.69034,2.2138,1.3121
2.3358,0.68779,2.2138,1.3121
2.3459,0.6827,2.2113,1.3223
2.3536,0.68779,2.2062,1.3146
2.3434,0.68779,2.2138,1.3146
2.3434,0.69289,2.2138,1.3146
2.3383,0.68779,2.2215,1.3146
2.3485,0.68015,2.2164,1.3146
2.351,0.68524,2.2087,1.3146
2.3536,0.69289,2.2113,1.3095
2.3459,0.69544,2.2164,1.3095
2.3408,0.68524,2.224,1.3146
2.3459,0.68779,2.2164,1.3197
2.3459,0.68779,2.2164,1.3146
2.3561,0.68779,2.2087,1.3146
2.351,0.69034,2.2087,1.3095
2.3459,0.69289,2.224,1.3095
2.3408,0.68524,2.224,1.3146
2.3459,0.68015,2.2164,1.3223
2.3536,0.68015,2.2087,1.3121
2.3536,0.69289,2.2087,1.3095
2.3459,0.69289,2.2164,1.3095
2.3434,0.68779,2.2138,1.3146
2.3434,0.68779,2.2138,1.3146
2.3434,0.6827,2.2164,1.3197
2.3536,0.69034,2.2087,1.3146
2.3459,0.69289,2.2164,1.3095
2.3383,0.69034,2.2189,1.3146
2.3383,0.68015,2.2215,1.3223
2.3434,0.68524,2.2164,1.3172
2.3434,0.68524,2.2164,1.307
2.3434,0.68779,2.2138,1.3121
2.3459,0.68779,2.2164,1.3223
2.3459,0.68779,2.2138,1.3146
2.351,0.68779,2.2138,1.3146
2.3434,0.69544,2.2189,1.3095
2.3383,0.69034,2.2215,1.3223
2.3459,0.6827,2.2087,1.3223
2.351,0.68779,2.2087,1.3146
2.3434,0.69799,2.2138,1.3095
2.3434,0.69034,2.2138,1.3146
2.3408,0.68779,2.2189,1.3146
2.3434,0.68015,2.2138,1.3146
2.351,0.68779,2.2138,1.3146
2.3434,0.69289,2.2164,1.3095
2.3434,0.68524,2.2138,1.3121
2.3434,0.68779,2.2138,1.3172
2.3434,0.6827,2.2113,1.3172
2.351,0.68779,2.2087,1.3172
2.3536,0.68779,2.2164,1.307
2.3459,0.69289,2.2215,1.3121
2.3383,0.68779,2.2164,1.3223
2.351,0.68524,2.2087,1.3146
2.351,0.69289,2.2164,1.3095
2.3383,0.68779,2.2215,1.3146
2.3383,0.6827,2.2215,1.3197
2.3536,0.68015,2.2087,1.3146
2.3536,0.69289,2.2087,1.307
2.3358,0.69289,2.2215,1.3095
2.3358,0.68524,2.2215,1.3197
2.351,0.68015,2.2164,1.3197
2.3536,0.68779,2.2087,1.3121
2.3459,0.69289,2.2164,1.307
2.3459,0.69034,2.2164,1.3146
2.3434,0.68524,2.2138,1.3146
2.3459,0.6776,2.2164,1.3146
2.3536,0.68779,2.2087,1.3146
2.3536,0.69544,2.2113,1.307
2.3459,0.69289,2.2215,1.307
2.3383,0.6827,2.224,1.3121
2.3434,0.68779,2.2138,1.3197
2.3459,0.68015,2.2164,1.3146
2.351,0.68524,2.2087,1.3121
2.3485,0.69289,2.2087,1.307
2.3383,0.69799,2.2164,1.3146
2.3408,0.68779,2.2215,1.3121
2.3459,0.6827,2.2164,1.3197
2.351,0.68015,2.2164,1.3146
2.351,0.68524,2.2087,1.3146
2.3459,0.69289,2.2138,1.307
2.3408,0.69544,2.224,1.307
2.3408,0.68779,2.2215,1.3121
2.3459,0.68015,2.2164,1.3223
2.3459,0.68015,2.2113,1.3146
2.351,0.69289,2.2113,1.307
2.3434,0.69289,2.2164,1.307
2.3459,0.68779,2.2189,1.3146
2.3408,0.68779,2.2138,1.3146
2.3408,0.6827,2.2215,1.3197
2.3459,0.68015,2.2138,1.3197
2.3536,0.68779,2.2087,1.3121
2.3434,0.69289,2.2164,1.3095
2.3459,0.68779,2.2164,1.3121
2.3459,0.68779,2.224,1.3121
2.3383,0.68015,2.2164,1.3197
2.3459,0.6827,2.2087,1.3223
2.3536,0.69034,2.2087,1.3121
2.3459,0.68779,2.2138,1.3146
2.3434,0.68779,2.2138,1.3146
2.3383,0.68779,2.2215,1.3146
2.3383,0.68015,2.2189,1.3197
2.3459,0.6827,2.2062,1.3223
2.3459,0.68779,2.2138,1.3121
2.3434,0.68779,2.2062,1.3146
2.3459,0.69034,2.2113,1.3146
2.3383,0.69034,2.2189,1.3121
2.3434,0.6827,2.2087,1.3223
2.351,0.6827,2.2036,1.3172
2.351,0.69544,2.2062,1.3121
2.3408,0.69544,2.2189,1.3146
2.3383,0.68015,2.2189,1.3197
2.351,0.6827,2.2062,1.3146
2.3536,0.69544,2.2062,1.3095
2.3383,0.69544,2.2189,1.3095
2.3358,0.68779,2.2138,1.3223
2.3434,0.6827,2.2113,1.3223
2.3536,0.69544,2.2036,1.3095
2.3434,0.69289,2.2113,1.3095
2.3459,0.69034,2.2113,1.3172
2.3408,0.69034,2.2164,1.3146
2.3434,0.6827,2.2087,1.3223
2.3485,0.6827,2.2036,1.3146
2.3485,0.68779,2.2036,1.3095
2.3459,0.69544,2.2087,1.307
2.3459,0.69034,2.2087,1.3146
2.3434,0.68779,2.2113,1.3146
2.3434,0.6827,2.2113,1.3172
2.351,0.6827,2.2036,1.3223
2.3485,0.69034,2.2036,1.3146
2.3434,0.69034,2.2062,1.3095
2.3434,0.69544,2.2189,1.3095
2.3358,0.69034,2.2164,1.3146
2.3408,0.6827,2.2087,1.3223
2.351,0.6827,2.2036,1.3172
2.3434,0.69034,2.2087,1.3121
2.3434,0.69544,2.2113,1.3172
2.3434,0.69034,2.2189,1.3146
2.3383,0.68524,2.2164,1.3223
2.3434,0.68524,2.2036,1.3248
2.351,0.69034,2.2036,1.3146
2.3434,0.69544,2.2113,1.3121
2.3434,0.69034,2.2087,1.3146
2.3434,0.68779,2.2189,1.3146
2.3408,0.6827,2.2087,1.3197
2.3485,0.68524,2.2062,1.3172
2.351,0.69034,2.2062,1.3095
2.3434,0.69799,2.2113,1.3095
2.3434,0.69034,2.2087,1.3121
2.3434,0.69034,2.2113,1.3223
2.3408,0.69289,2.2138,1.3146
2.3485,0.69289,2.2036,1.3095
2.3408,0.69544,2.2087,1.3095
2.3358,0.69034,2.2164,1.3223
2.3408,0.6827,2.2087,1.3223
2.3485,0.69034,2.2036,1.3095
2.3408,0.69289,2.2113,1.3146
2.3358,0.69034,2.2164,1.3146
2.3408,0.6827,2.2113,1.3223
2.3408,0.69034,2.2113,1.3121
2.3485,0.69799,2.2062,1.307
2.3358,0.69799,2.2189,1.307
2.3358,0.68524,2.2189,1.3121
2.3408,0.68524,2.2113,1.3146
2.3485,0.69289,2.2062,1.3146
2.3434,0.69544,2.2113,1.307
2.3358,0.69289,2.2189,1.3121
2.3358,0.68524,2.2164,1.3197
2.3485,0.6827,2.2113,1.3121
2.3485,0.69544,2.2062,1.3095
2.3358,0.69799,2.2189,1.307
2.3358,0.68524,2.2164,1.3197
2.3408,0.6827,2.2087,1.3223
2.3459,0.69289,2.2062,1.307
2.3434,0.69544,2.2113,1.3146
2.3358,0.69034,2.2164,1.3146
2.3408,0.6827,2.2113,1.3146
2.3459,0.69034,2.2036,1.3146
2.3383,0.69544,2.2087,1.3146
2.3358,0.69034,2.2189,1.3146
2.3408,0.68524,2.2113,1.3197
2.3459,0.69034,2.2036,1.3146
2.3383,0.69799,2.2087,1.3121
2.3358,0.69799,2.2164,1.3095
2.3332,0.68779,2.2164,1.3146
2.3332,0.68524,2.2189,1.3223
2.3459,0.6827,2.2087,1.3146
2.3459,0.69034,2.2036,1.3146
2.3434,0.69544,2.2036,1.3121
2.3383,0.69799,2.2113,1.3146
2.3332,0.69289,2.2164,1.3121
2.3383,0.69034,2.2113,1.3197
2.3408,0.69289,2.2113,1.3121
2.3408,0.69034,2.2113,1.3146
2.3408,0.69544,2.2138,1.3146
2.3332,0.69034,2.2189,1.3146
2.3408,0.68524,2.2138,1.3223
2.3459,0.68524,2.2113,1.3121
2.3459,0.69034,2.2138,1.3146
2.3408,0.69544,2.2138,1.3121
2.3358,0.69034,2.2164,1.3197
2.3408,0.6827,2.2113,1.3197
2.3408,0.69034,2.2113,1.3172
2.3408,0.69034,2.2113,1.3146
2.3434,0.69799,2.2138,1.3146
2.3358,0.69034,2.2189,1.3121
2.3408,0.68524,2.2138,1.3121
2.3485,0.69034,2.2087,1.3146
2.3408,0.69799,2.2113,1.3095
2.3358,0.69544,2.2189,1.3146
2.3358,0.6827,2.2189,1.3197
2.3408,0.68524,2.2164,1.3197
2.3485,0.68779,2.2087,1.307
2.3434,0.69799,2.2189,1.307
2.3358,0.69034,2.2189,1.3146
2.3408,0.6827,2.2138,1.3223
2.3408,0.69034,2.2138,1.3121
2.3408,0.69034,2.2138,1.3121
2.3434,0.68779,2.2138,1.3146
2.3358,0.69034,2.2189,1.3121
2.3358,0.69034,2.2215,1.3197
2.3434,0.6827,2.2138,1.3197
2.3485,0.6827,2.2087,1.3121
2.351,0.69034,2.2113,1.3044
2.3434,0.69799,2.2113,1.3095
2.3408,0.69034,2.2189,1.3121
2.3408,0.69034,2.2138,1.3121
2.3408,0.68779,2.2138,1.3197
2.351,0.69034,2.2062,1.3121
2.3434,0.69799,2.2138,1.307
2.3358,0.69799,2.2189,1.3121
2.3459,0.69034,2.2138,1.3146
2.3434,0.69034,2.2138,1.3121
2.3485,0.69034,2.2062,1.3146
2.3485,0.69799,2.2087,1.307
2.3358,0.69544,2.2189,1.3121
2.3358,0.6827,2.2189,1.3197
2.3485,0.68524,2.2087,1.3197
2.3459,0.69289,2.2062,1.3146
2.3358,0.69544,2.2138,1.3095
2.3434,0.69289,2.2113,1.3172
2.3434,0.69034,2.2138,1.3121
2.3408,0.68524,2.2113,1.3197
2.3536,0.68524,2.2087,1.3146
2.3485,0.69544,2.2087,1.3044
2.3408,0.69799,2.2138,1.307
2.3434,0.69034,2.2113,1.3121
2.3383,0.69034,2.2138,1.3121
2.3434,0.68524,2.2138,1.3121
2.351,0.69034,2.2087,1.3121
2.3485,0.69289,2.2062,1.3095
2.3434,0.69799,2.2138,1.307
2.3383,0.68779,2.2189,1.3121
2.3434,0.68524,2.2164,1.3172
2.3434,0.68779,2.2138,1.3121
2.3459,0.69034,2.2138,1.3121
2.3434,0.69799,2.2164,1.3121
2.3434,0.68779,2.224,1.3197
2.3434,0.6827,2.2164,1.3197
2.3434,0.68779,2.2138,1.3121
2.3459,0.69034,2.2138,1.3121
2.3408,0.69289,2.2164,1.307
2.3383,0.69034,2.224,1.3121
2.3459,0.69034,2.2164,1.3121
2.3459,0.6827,2.2138,1.3121
2.3459,0.6827,2.2087,1.3172
2.3536,0.68779,2.2113,1.3121
2.3434,0.69799,2.2164,1.307
2.3383,0.69544,2.2138,1.307
2.3383,0.69034,2.2215,1.3121
2.3459,0.69034,2.2113,1.3197
2.3459,0.68524,2.2164,1.3146
2.351,0.68779,2.2087,1.3095
2.3459,0.69544,2.2138,1.307
2.3459,0.68779,2.2164,1.3146
2.3408,0.69034,2.2215,1.3146
2.3408,0.6827,2.2189,1.3197
2.3459,0.6827,2.2138,1.3197
2.3459,0.68779,2.2087,1.3121
2.351,0.68779,2.2087,1.3121
2.3434,0.69799,2.2164,1.307
2.3408,0.69289,2.2138,1.3121
2.3383,0.68779,2.2189,1.3121
2.3459,0.6827,2.2164,1.3172
2.3459,0.69034,2.2164,1.3121
2.3536,0.69034,2.2113,1.3121
2.3459,0.69544,2.2164,1.307
2.3434,0.69799,2.224,1.307
2.3408,0.69034,2.2215,1.3121
2.3459,0.69034,2.2164,1.3197
2.3485,0.69034,2.2164,1.3146
2.3536,0.68779,2.2087,1.3121
2.3459,0.69799,2.2164,1.307
2.3408,0.69544,2.2138,1.307
2.3434,0.69034,2.224,1.3121
2.3459,0.69034,2.2189,1.3121
2.3485,0.6827,2.2164,1.3172
2.3485,0.68779,2.2164,1.3121
2.3561,0.69034,2.2087,1.3146
2.3561,0.69289,2.2087,1.307
2.3459,0.69289,2.2164,1.307
2.3408,0.69034,2.2215,1.3197
2.351,0.6827,2.2138,1.3197
2.3536,0.68779,2.2087,1.3121
2.3485,0.69544,2.2164,1.3044
2.3434,0.69034,2.224,1.3121
2.3485,0.68779,2.2138,1.3197
2.3485,0.69034,2.2138,1.3121
2.3459,0.68779,2.2087,1.3121
2.3485,0.69544,2.2138,1.307
2.3485,0.69544,2.2164,1.3121
2.3408,0.68779,2.2189,1.3121
2.3408,0.6827,2.2215,1.3172
2.3485,0.68524,2.2087,1.3172
2.3536,0.69544,2.2113,1.3044
2.3459,0.69544,2.2164,1.3044
2.3434,0.68779,2.2215,1.3095
2.3459,0.6827,2.2164,1.3197
2.3485,0.68779,2.2164,1.3121
2.3459,0.68779,2.2164,1.3121
2.3485,0.69034,2.2164,1.3121
2.3434,0.69034,2.224,1.3121
2.351,0.68524,2.2164,1.3121
2.3561,0.69034,2.2113,1.3121
2.3536,0.69544,2.2113,1.3044
2.3459,0.69544,2.224,1.3044
2.3434,0.69034,2.224,1.3197
2.3485,0.69034,2.224,1.3146
2.3485,0.68524,2.2189,1.3172
2.351,0.68779,2.2164,1.3095
2.3536,0.69289,2.2087,1.3121
2.3485,0.69799,2.2138,1.3044
2.3408,0.69544,2.224,1.3095
2.3434,0.69034,2.224,1.3121
2.3434,0.6827,2.224,1.3146
2.3459,0.68015,2.2164,1.3172
2.3561,0.69034,2.2113,1.3044
2.3536,0.68779,2.2113,1.307
2.3485,0.69544,2.2164,1.3044
2.3408,0.69544,2.224,1.3121
2.3434,0.69034,2.224,1.3121
2.3459,0.68524,2.2164,1.3172
2.3485,0.68779,2.2164,1.3095
2.3561,0.69034,2.2113,1.3095
2.3561,0.69799,2.2087,1.3044
2.3485,0.69544,2.224,1.3044
2.3459,0.68779,2.2164,1.3095
2.3383,0.69034,2.224,1.3172
