0.23528,2.5029,3.4067,1.6359
0.22508,2.5029,3.4118,1.6283
0.22763,2.5029,3.4144,1.6359
0.22253,2.5029,3.4195,1.6359
0.22508,2.4952,3.4118,1.6359
0.23528,2.5003,3.4067,1.6359
0.23018,2.508,3.4118,1.6308
0.21999,2.508,3.422,1.6359
0.22253,2.4952,3.4195,1.641
0.23528,2.4952,3.4093,1.6436
0.23528,2.5029,3.4067,1.6359
0.22763,2.5054,3.4144,1.6308
0.21999,2.5003,3.422,1.641
0.23018,2.5029,3.4118,1.641
0.23018,2.4952,3.4169,1.6359
0.23528,2.5003,3.4118,1.6359
0.23018,2.508,3.4144,1.6283
0.22253,2.508,3.422,1.6308
0.22253,2.5029,3.422,1.6359
0.22763,2.5029,3.4144,1.641
0.23018,2.4978,3.4067,1.641
0.23528,2.5003,3.4093,1.6283
0.22763,2.508,3.4144,1.6308
0.22763,2.5029,3.4144,1.6359
0.22763,2.5029,3.4144,1.6334
0.22763,2.4978,3.4118,1.6436
0.23528,2.5003,3.4093,1.6359
0.23273,2.5029,3.4093,1.6283
0.22508,2.508,3.4144,1.6283
0.22253,2.5003,3.422,1.6359
0.23018,2.5029,3.4118,1.6334
0.23018,2.5003,3.4144,1.6359
0.23528,2.4978,3.4067,1.6359
0.23528,2.508,3.4093,1.6308
0.23018,2.508,3.4195,1.6308
0.22253,2.5003,3.422,1.6359
0.21999,2.4978,3.4195,1.641
0.23528,2.4952,3.4093,1.641
0.23528,2.5029,3.4093,1.6359
0.22508,2.508,3.4118,1.6283
0.22253,2.5003,3.4195,1.6334
0.22253,2.4952,3.422,1.6436
0.23528,2.4952,3.4067,1.6436
0.23528,2.5003,3.4093,1.6283
0.22763,2.508,3.4144,1.6308
0.22763,2.5003,3.4118,1.6359
0.22763,2.5003,3.4144,1.6359
0.22763,2.5003,3.4144,1.6359
0.23528,2.5029,3.4118,1.6359
0.22763,2.5003,3.4118,1.6283
0.22253,2.5003,3.4195,1.6359
0.23018,2.5029,3.4118,1.6436
0.23018,2.5003,3.4144,1.6359
0.23273,2.5003,3.4067,1.6308
0.22763,2.508,3.4118,1.6308
0.22763,2.5029,3.4118,1.6359
0.22253,2.5029,3.4118,1.6359
0.22508,2.4978,3.4118,1.6436
0.23528,2.4952,3.4144,1.641
0.23528,2.5029,3.4093,1.6359
0.23528,2.508,3.4067,1.6283
0.23018,2.5029,3.4118,1.6359
0.22253,2.5003,3.422,1.6359
0.22508,2.4978,3.4144,1.641
0.23528,2.4952,3.4067,1.6359
0.23528,2.508,3.4067,1.6308
0.22763,2.5003,3.4118,1.6359
0.22508,2.4978,3.4144,1.6436
0.23528,2.4952,3.4067,1.6359
0.23528,2.508,3.4093,1.6283
0.21999,2.508,3.4195,1.6359
0.22253,2.4978,3.4195,1.6436
0.22508,2.4952,3.4144,1.641
0.22763,2.5003,3.4093,1.6334
0.22763,2.5003,3.4144,1.6283
0.22763,2.5003,3.4118,1.6334
0.22253,2.5029,3.422,1.6359
0.22763,2.4952,3.4144,1.641
0.23528,2.5029,3.4093,1.6359
0.23528,2.5029,3.4144,1.6283
0.22763,2.508,3.422,1.6359
0.22253,2.5003,3.4144,1.6359
0.22763,2.4978,3.4144,1.6359
0.23528,2.5029,3.4093,1.6359
0.23528,2.508,3.4093,1.6283
0.22508,2.508,3.4144,1.6283
0.22253,2.5029,3.422,1.6334
0.22763,2.4978,3.4144,1.6436
0.23018,2.4952,3.4093,1.6359
0.23273,2.5003,3.4093,1.6283
0.23018,2.508,3.4195,1.6283
0.21999,2.5003,3.422,1.641
0.22253,2.4952,3.4195,1.641
0.22508,2.4978,3.4144,1.641
0.22763,2.5003,3.4067,1.6359
0.22508,2.5029,3.4067,1.6359
0.22508,2.508,3.4144,1.6283
0.22253,2.508,3.4195,1.6308
0.22253,2.5003,3.4195,1.641
0.22763,2.5003,3.4144,1.641
0.22763,2.5029,3.4118,1.6359
0.23528,2.5003,3.4067,1.6359
0.22763,2.508,3.4118,1.6283
0.22253,2.508,3.422,1.6334
0.22253,2.5003,3.422,1.641
0.23018,2.4952,3.4144,1.641
0.23528,2.5029,3.4093,1.6359
0.22508,2.5029,3.4144,1.6283
0.22763,2.5105,3.4144,1.6359
0.22253,2.5029,3.422,1.6359
0.22253,2.4952,3.422,1.6385
0.23528,2.4978,3.4093,1.641
0.23528,2.5003,3.4118,1.6359
0.23018,2.508,3.4144,1.6283
0.23273,2.5029,3.4144,1.6334
0.22763,2.5029,3.422,1.6359
0.22763,2.4952,3.4144,1.641
0.23528,2.4978,3.4118,1.6359
0.23528,2.5029,3.4169,1.6359
0.22763,2.508,3.4144,1.6283
0.22253,2.508,3.422,1.6283
0.22253,2.5054,3.422,1.641
0.23018,2.5003,3.422,1.641
0.23528,2.4978,3.4093,1.641
0.23528,2.5029,3.4118,1.6283
0.23528,2.5105,3.4118,1.6308
0.21999,2.508,3.4246,1.6283
0.22253,2.5003,3.422,1.6385
0.22508,2.4952,3.4169,1.6436
0.23528,2.5003,3.4093,1.6359
0.23018,2.5029,3.4169,1.6359
0.23018,2.508,3.4144,1.6334
0.22253,2.5029,3.422,1.6334
0.22763,2.4978,3.4144,1.641
0.23273,2.4978,3.4093,1.6359
0.23528,2.5105,3.4118,1.6308
0.21999,2.508,3.422,1.6283
0.22253,2.4952,3.422,1.641
0.23018,2.4952,3.4144,1.641
0.23018,2.5029,3.4144,1.6359
0.23528,2.5003,3.4093,1.6334
0.22763,2.508,3.4144,1.6283
0.21999,2.508,3.422,1.6308
0.22253,2.5029,3.422,1.641
0.23018,2.5003,3.4144,1.641
0.22508,2.5029,3.4144,1.6359
0.23018,2.5029,3.4144,1.6359
0.22763,2.508,3.4144,1.6283
0.22253,2.5029,3.422,1.6334
0.22763,2.5029,3.4144,1.6334
0.22508,2.4978,3.4093,1.641
0.23528,2.5029,3.4093,1.6359
0.23018,2.5029,3.4144,1.6308
0.22763,2.5029,3.4144,1.6359
0.22253,2.5029,3.422,1.6359
0.22253,2.4927,3.422,1.641
0.22763,2.4952,3.4093,1.641
0.23528,2.5003,3.4093,1.6359
0.22763,2.5029,3.4144,1.6359
0.22763,2.5029,3.4118,1.6359
0.22253,2.5029,3.422,1.6359
0.22253,2.4952,3.422,1.641
0.23018,2.4952,3.4144,1.6385
0.22763,2.5029,3.4144,1.6359
0.23018,2.5003,3.4118,1.6359
0.22763,2.5054,3.4118,1.6359
0.22508,2.5003,3.422,1.6359
0.22763,2.4978,3.4118,1.6359
0.23528,2.5003,3.4093,1.6359
0.23528,2.508,3.4067,1.6308
0.22253,2.508,3.4195,1.6308
0.21999,2.5003,3.4195,1.6436
0.22763,2.5003,3.4144,1.641
0.23273,2.5029,3.4042,1.6385
0.23528,2.508,3.4067,1.6283
0.21999,2.508,3.4118,1.6359
0.22253,2.5029,3.4195,1.6359
0.22508,2.4952,3.4118,1.6359
0.23273,2.5029,3.4067,1.6359
0.22508,2.5003,3.4118,1.6283
0.22763,2.5003,3.4118,1.6359
0.22763,2.5003,3.4118,1.6359
0.22508,2.4952,3.4118,1.6436
0.23273,2.4952,3.4067,1.6359
0.23528,2.508,3.4042,1.6283
0.22253,2.508,3.4093,1.6308
0.22253,2.4978,3.4169,1.6359
0.22253,2.5003,3.4118,1.6385
0.22508,2.4952,3.4093,1.6359
0.23273,2.4952,3.4067,1.6385
0.23273,2.4978,3.4067,1.6283
0.22763,2.5003,3.4118,1.6283
0.22763,2.5003,3.4118,1.6359
0.21999,2.5003,3.4118,1.6359
0.23018,2.4952,3.4118,1.6436
0.22763,2.5029,3.4118,1.6359
0.23273,2.5054,3.4042,1.6334
0.22763,2.508,3.4195,1.6308
0.22253,2.4978,3.4169,1.6359
0.22508,2.5029,3.4118,1.6436
0.22763,2.5003,3.4144,1.641
0.23273,2.4978,3.4093,1.6359
0.22763,2.508,3.4118,1.6308
0.22253,2.508,3.4169,1.6359
0.22253,2.4952,3.4195,1.6436
0.22763,2.4927,3.4118,1.641
0.23528,2.5029,3.4042,1.6283
0.22763,2.508,3.4118,1.6308
0.22763,2.5003,3.4118,1.6334
0.21999,2.5003,3.4118,1.6359
0.22508,2.4952,3.4118,1.6436
0.23528,2.4952,3.4118,1.6359
0.22763,2.5029,3.4118,1.6359
0.22763,2.508,3.4118,1.6283
0.22253,2.508,3.4195,1.6359
0.21999,2.5003,3.4169,1.6436
0.22508,2.4978,3.4144,1.6436
0.22508,2.4952,3.4118,1.6359
0.23273,2.5029,3.4093,1.6359
0.23273,2.508,3.4067,1.6283
0.22253,2.508,3.4169,1.6308
0.21999,2.4978,3.4169,1.6359
0.22763,2.5003,3.4195,1.6359
0.22763,2.4927,3.4144,1.6436
0.22763,2.5003,3.4144,1.6359
0.23528,2.5029,3.4067,1.6359
0.23018,2.508,3.4118,1.6283
0.22763,2.5003,3.4169,1.6359
0.22508,2.5003,3.422,1.6359
0.22253,2.4978,3.4195,1.6385
0.23018,2.4952,3.4144,1.641
0.23528,2.5029,3.4093,1.6359
0.22763,2.5029,3.4067,1.6308
0.22253,2.508,3.422,1.6283
0.22763,2.5029,3.422,1.6359
0.23018,2.4952,3.4144,1.641
0.23273,2.5003,3.4093,1.6359
0.22763,2.5003,3.4144,1.6359
0.23018,2.508,3.4144,1.6334
0.22253,2.5003,3.4195,1.6359
0.22253,2.4978,3.422,1.641
0.23528,2.4978,3.4093,1.6385
0.23528,2.5003,3.4093,1.6283
0.22763,2.508,3.4169,1.6308
0.22763,2.5029,3.4144,1.6359
0.22763,2.5029,3.4144,1.6359
0.22763,2.5003,3.4169,1.6359
0.23528,2.4978,3.4093,1.6359
0.23528,2.5029,3.4093,1.6283
0.22763,2.5105,3.422,1.6283
0.22253,2.5003,3.422,1.6334
0.22763,2.5029,3.4169,1.641
0.23528,2.4978,3.4093,1.641
0.23528,2.5029,3.4093,1.6359
0.22763,2.508,3.4169,1.6283
0.22253,2.5054,3.422,1.6334
0.23018,2.5029,3.4169,1.6359
0.22763,2.4952,3.4144,1.6334
0.22763,2.5003,3.4118,1.6359
0.22763,2.508,3.4169,1.6283
0.22253,2.5003,3.422,1.6359
0.22253,2.4952,3.422,1.641
0.23528,2.4978,3.4093,1.6359
0.23273,2.508,3.4093,1.6283
0.22253,2.508,3.422,1.6308
0.22253,2.5029,3.422,1.641
0.23018,2.4978,3.4144,1.641
0.23528,2.5003,3.4093,1.6359
0.23018,2.508,3.4144,1.6308
0.22253,2.5029,3.422,1.6359
0.22253,2.4952,3.422,1.6436
0.22763,2.4952,3.4118,1.641
0.23528,2.5029,3.4093,1.6308
0.23018,2.508,3.4144,1.6308
0.21999,2.5029,3.422,1.6436
0.22763,2.4978,3.4169,1.6436
0.22763,2.5029,3.4144,1.6359
0.23018,2.5003,3.4144,1.6308
0.23018,2.5003,3.4144,1.6359
0.21999,2.5029,3.422,1.6359
0.23018,2.4978,3.4144,1.6359
0.23528,2.5029,3.4093,1.6359
0.23528,2.508,3.4093,1.6308
0.23018,2.508,3.4169,1.6308
0.21999,2.5003,3.422,1.6359
0.22253,2.5029,3.422,1.6359
0.22763,2.4978,3.4169,1.6436
0.22763,2.5029,3.4169,1.6359
0.23018,2.5003,3.4093,1.6385
0.22763,2.508,3.4169,1.6385
0.22253,2.508,3.422,1.6359
0.22253,2.5029,3.4195,1.6359
0.21999,2.4978,3.422,1.641
0.23528,2.4978,3.4144,1.6385
0.23273,2.5029,3.4093,1.6359
0.23018,2.5029,3.4118,1.6308
0.22253,2.508,3.4195,1.6283
0.22253,2.5029,3.422,1.6359
0.23018,2.5029,3.4144,1.641
0.22763,2.5003,3.4169,1.6359
0.23528,2.5029,3.4093,1.6359
0.22763,2.508,3.4144,1.6308
0.22763,2.5029,3.4144,1.6334
0.21999,2.5003,3.4195,1.6359
0.22253,2.4978,3.422,1.641
0.22508,2.4978,3.4144,1.641
0.22763,2.5003,3.4144,1.6359
0.23528,2.5029,3.4118,1.6359
0.22763,2.508,3.4144,1.6283
0.22253,2.5003,3.422,1.6359
0.22763,2.4952,3.4118,1.6436
0.22763,2.5003,3.4144,1.6359
0.22763,2.5003,3.4118,1.6283
0.22763,2.5029,3.4144,1.6385
0.22253,2.5003,3.4195,1.6359
0.22763,2.4952,3.4118,1.6359
0.23528,2.5003,3.4067,1.6359
0.23018,2.508,3.4144,1.6359
0.23018,2.5029,3.4169,1.6334
0.23018,2.5003,3.4118,1.6359
0.23018,2.4927,3.4118,1.6385
0.23273,2.5029,3.4067,1.6359
0.22763,2.508,3.4144,1.6359
0.21999,2.508,3.422,1.6359
0.22253,2.5003,3.422,1.6436
0.22763,2.4952,3.4144,1.641
0.22763,2.5003,3.4144,1.6359
0.22508,2.5003,3.4144,1.6359
0.22763,2.508,3.4144,1.6359
0.21999,2.5003,3.422,1.6359
0.22763,2.5029,3.4144,1.6436
0.23018,2.5003,3.4144,1.6385
0.23528,2.5003,3.4067,1.6359
0.22763,2.508,3.4144,1.6308
0.22763,2.5029,3.4118,1.6359
0.22763,2.4978,3.4144,1.641
0.23273,2.4952,3.4067,1.6359
0.23528,2.508,3.4093,1.6308
0.21999,2.508,3.422,1.6308
0.22253,2.5029,3.4195,1.641
0.22763,2.5029,3.4118,1.641
0.22763,2.5029,3.4144,1.6359
0.23528,2.5029,3.4067,1.6359
0.22763,2.508,3.4144,1.6308
0.21999,2.5105,3.4195,1.6359
0.22253,2.4978,3.422,1.641
0.22763,2.4952,3.4144,1.641
0.23528,2.508,3.4067,1.6359
0.22763,2.5029,3.4118,1.6283
0.22763,2.5003,3.4144,1.6359
0.22508,2.5029,3.4144,1.6359
0.22763,2.4952,3.4169,1.6359
0.23528,2.5029,3.4093,1.6359
0.23528,2.5105,3.4093,1.6283
0.22253,2.508,3.422,1.6308
0.22253,2.4978,3.4195,1.641
0.22763,2.4978,3.4144,1.6436
0.23528,2.5029,3.4067,1.6283
0.22253,2.5105,3.422,1.6283
0.22253,2.5054,3.422,1.6359
0.22508,2.5029,3.4144,1.6359
0.23273,2.5029,3.4067,1.6359
0.23528,2.508,3.4144,1.6283
0.22763,2.5029,3.4169,1.6359
0.22253,2.5054,3.422,1.6359
0.22253,2.4978,3.422,1.641
0.22508,2.4978,3.4144,1.641
0.23528,2.4978,3.4067,1.641
0.23528,2.4978,3.4093,1.6308
0.23018,2.5054,3.4144,1.6283
0.23018,2.508,3.4169,1.6308
0.22763,2.5029,3.4144,1.6359
0.22253,2.5054,3.422,1.6359
0.22253,2.4978,3.422,1.6436
0.22508,2.4978,3.4144,1.641
0.22763,2.5003,3.4144,1.6359
0.23528,2.5029,3.4093,1.6359
0.23528,2.5054,3.4093,1.6283
0.23018,2.508,3.4144,1.6359
0.21999,2.508,3.422,1.6359
0.21999,2.5029,3.4195,1.6359
0.22253,2.4978,3.422,1.641
0.22763,2.4978,3.4144,1.6436
0.22763,2.5003,3.4144,1.6359
0.23528,2.5029,3.4067,1.6359
0.23528,2.508,3.4093,1.6283
0.21999,2.508,3.4169,1.6308
0.22253,2.5054,3.4195,1.6359
0.22763,2.5029,3.4118,1.6436
0.23018,2.5003,3.4118,1.6334
0.23528,2.5003,3.4067,1.6359
0.22763,2.508,3.4118,1.6283
0.21744,2.508,3.4195,1.6283
0.22253,2.5029,3.422,1.6359
0.22763,2.5029,3.4144,1.6436
0.22763,2.4978,3.4144,1.6359
0.23528,2.4978,3.4093,1.6359
0.23528,2.5029,3.4067,1.6359
0.23528,2.508,3.4093,1.6334
0.21999,2.5105,3.4144,1.6283
0.23018,2.5003,3.4118,1.6359
0.22253,2.5003,3.422,1.6359
0.22253,2.4978,3.4195,1.641
0.23528,2.4978,3.4144,1.6436
0.23018,2.5029,3.4144,1.6359
0.23528,2.5029,3.4144,1.6359
0.22508,2.5029,3.4144,1.6283
0.22763,2.5029,3.4118,1.6359
0.22253,2.5029,3.4195,1.6359
0.21999,2.4978,3.4195,1.641
0.22763,2.4978,3.4118,1.6436
0.22763,2.5029,3.4144,1.6359
0.23528,2.5029,3.4067,1.6359
0.23273,2.5105,3.4093,1.6308
0.23018,2.508,3.4144,1.6283
0.22763,2.5029,3.4118,1.6359
0.21999,2.4952,3.4195,1.6436
0.22763,2.5029,3.4118,1.641
0.22508,2.5029,3.4144,1.6359
0.23273,2.5029,3.4093,1.6359
0.23273,2.5029,3.4093,1.6283
0.22763,2.5105,3.4118,1.6283
0.23018,2.5029,3.4118,1.6359
0.22253,2.5029,3.4195,1.6359
0.23018,2.5029,3.4144,1.6359
0.22763,2.4978,3.4144,1.641
0.23528,2.4978,3.4067,1.641
0.23528,2.5029,3.4067,1.6359
0.23528,2.5105,3.4067,1.6308
0.22508,2.508,3.4118,1.6308
0.22508,2.5029,3.4118,1.6359
0.22253,2.5029,3.4144,1.6359
0.22253,2.4978,3.4169,1.6436
0.23528,2.4978,3.4144,1.641
0.22508,2.5029,3.4118,1.6359
0.23273,2.5029,3.4067,1.6359
0.23528,2.508,3.4067,1.6283
0.22508,2.508,3.4118,1.6308
0.22253,2.5105,3.422,1.6308
0.21999,2.5029,3.4195,1.641
0.23018,2.5029,3.4118,1.6436
0.22763,2.4978,3.4144,1.6359
0.23528,2.4978,3.4067,1.6359
0.23273,2.5029,3.4067,1.6308
0.22763,2.508,3.4118,1.6308
0.22763,2.508,3.4118,1.6359
0.21999,2.5029,3.4169,1.6334
0.22253,2.4978,3.4195,1.641
0.23273,2.4978,3.4118,1.641
0.23528,2.5029,3.4067,1.6359
0.23273,2.5029,3.4067,1.6359
0.22508,2.508,3.4118,1.6308
0.21999,2.508,3.4169,1.6283
0.22763,2.5029,3.4118,1.6334
0.22508,2.5054,3.4195,1.6359
0.22763,2.4978,3.4118,1.6385
0.22508,2.5029,3.4118,1.6359
0.23018,2.5054,3.4067,1.6359
0.22763,2.508,3.4118,1.6359
0.21999,2.5029,3.4195,1.6359
0.21999,2.5003,3.4169,1.641
0.22763,2.4978,3.4118,1.6436
0.23018,2.4978,3.4042,1.641
0.23273,2.5029,3.4093,1.6359
0.22763,2.5029,3.4118,1.6359
0.22763,2.5105,3.4093,1.6308
0.22253,2.508,3.4169,1.6359
0.22253,2.5029,3.4169,1.641
0.22763,2.4978,3.4118,1.6436
0.23273,2.4978,3.4042,1.6359
0.23273,2.5105,3.4042,1.6283
0.22763,2.508,3.4118,1.6308
0.21999,2.5054,3.4195,1.6359
0.22508,2.4952,3.4118,1.6436
0.22508,2.5003,3.4118,1.6359
0.23273,2.5003,3.4118,1.6359
0.22763,2.5054,3.4118,1.6308
0.22253,2.508,3.4169,1.6283
0.22253,2.4952,3.4169,1.6436
0.22508,2.4978,3.4093,1.641
0.22508,2.4978,3.4118,1.6436
0.23273,2.5029,3.4042,1.6359
0.23528,2.5003,3.4118,1.6359
0.23273,2.5105,3.4067,1.6308
0.22763,2.508,3.4093,1.6359
0.22253,2.508,3.4144,1.6359
0.22253,2.5003,3.4169,1.6359
0.22508,2.5003,3.4118,1.641
0.22508,2.5003,3.4118,1.6359
0.23528,2.5029,3.4067,1.6359
0.22763,2.508,3.4093,1.6308
0.22253,2.508,3.4195,1.6385
0.21999,2.4978,3.4169,1.641
0.22508,2.4978,3.4093,1.641
0.23273,2.5029,3.4042,1.6359
0.22508,2.5029,3.4067,1.6308
0.22763,2.5029,3.4118,1.6359
0.22763,2.5029,3.4118,1.6359
0.22763,2.4952,3.4118,1.6359
0.23528,2.5029,3.4067,1.6359
