4.737,1.7151,4.3651,1.5059
4.7396,1.7126,4.3626,1.5059
4.737,1.7202,4.3651,1.4982
4.7294,1.7228,4.3651,1.5059
4.7319,1.7126,4.3626,1.5135
4.7345,1.71,4.36,1.5135
4.7345,1.7126,4.3677,1.5084
4.737,1.71,4.3702,1.5059
4.737,1.7177,4.3677,1.5033
4.7294,1.7126,4.3702,1.5059
4.7294,1.7126,4.3651,1.5135
4.737,1.71,4.36,1.511
4.7447,1.7126,4.3626,1.5059
4.7421,1.7151,4.3702,1.4982
4.737,1.7177,4.3753,1.4982
4.737,1.7202,4.3728,1.5059
4.7319,1.7151,4.3702,1.511
4.737,1.7075,4.3651,1.511
4.737,1.7126,4.3702,1.5059
4.7447,1.71,4.3728,1.5059
4.7447,1.71,4.3753,1.4982
4.737,1.7126,4.3702,1.5059
4.7319,1.7177,4.3702,1.5059
4.7319,1.7177,4.3702,1.511
4.7396,1.7075,4.3702,1.511
4.737,1.7075,4.3753,1.5033
4.7447,1.7126,4.3702,1.5033
4.7421,1.7177,4.36,1.4982
4.7396,1.7228,4.3626,1.4982
4.737,1.7177,4.36,1.5059
4.7396,1.7202,4.3677,1.511
4.7396,1.7126,4.3702,1.511
4.737,1.71,4.3702,1.511
4.737,1.7177,4.3651,1.5033
4.7421,1.7202,4.3473,1.5033
4.7447,1.7279,4.3447,1.4982
4.7396,1.7279,4.3498,1.4982
4.737,1.7177,4.36,1.5033
4.7319,1.7177,4.3702,1.5033
4.737,1.7151,4.3549,1.511
4.7421,1.7177,4.3447,1.511
4.7421,1.7228,4.3371,1.4957
4.737,1.7228,4.3447,1.4982
4.737,1.7279,4.3549,1.4957
4.7319,1.7253,4.3677,1.5008
4.7294,1.7228,4.36,1.5059
4.737,1.7177,4.3498,1.511
4.737,1.7253,4.3422,1.5033
4.7345,1.7228,4.3473,1.5033
4.737,1.7279,4.3524,1.5008
4.7319,1.7202,4.3677,1.5008
4.7396,1.7126,4.36,1.511
4.7421,1.7151,4.3473,1.5033
4.7396,1.7279,4.3498,1.4982
4.7294,1.7304,4.3575,1.4957
4.7294,1.7126,4.3677,1.511
4.737,1.7075,4.3702,1.511
4.7447,1.7151,4.36,1.5033
4.737,1.7228,4.3651,1.4982
4.7294,1.7177,4.3677,1.5059
4.7319,1.7126,4.36,1.511
4.7447,1.71,4.3626,1.5059
4.7421,1.7177,4.3702,1.5059
4.737,1.7177,4.3753,1.5033
4.7319,1.7151,4.3779,1.5033
4.7294,1.7151,4.3728,1.511
4.737,1.71,4.3677,1.511
4.737,1.7075,4.3728,1.5059
4.7447,1.7075,4.3753,1.5059
4.7421,1.7177,4.3779,1.4957
4.737,1.7126,4.383,1.4982
4.7319,1.71,4.383,1.5059
4.7294,1.7126,4.3702,1.5059
4.737,1.7049,4.3779,1.5059
4.7421,1.6998,4.3804,1.511
4.7447,1.7049,4.3855,1.4982
4.737,1.7049,4.3881,1.5033
4.737,1.7126,4.3804,1.5008
4.7294,1.7177,4.3855,1.5059
4.7294,1.71,4.3881,1.5059
4.737,1.7049,4.3906,1.511
4.737,1.7024,4.3906,1.5059
4.7421,1.7075,4.3855,1.5059
4.7421,1.7151,4.3855,1.5033
4.7268,1.7177,4.3881,1.5084
4.7294,1.7024,4.3906,1.5135
4.7345,1.6998,4.3906,1.5084
4.7421,1.7024,4.3881,1.5084
4.7421,1.71,4.3855,1.4982
4.7294,1.7126,4.3855,1.5084
4.737,1.7075,4.3855,1.5084
4.737,1.7049,4.3779,1.5135
4.7319,1.7049,4.3881,1.5059
4.7421,1.7049,4.3855,1.5059
4.737,1.7126,4.3906,1.5008
4.7294,1.7126,4.3906,1.5059
4.7268,1.7024,4.3881,1.5161
4.7396,1.7024,4.3779,1.5084
4.7421,1.7049,4.3855,1.5084
4.7396,1.71,4.3906,1.4982
4.7294,1.71,4.3983,1.5059
4.7294,1.7075,4.3906,1.5135
4.7421,1.7049,4.3753,1.511
4.7421,1.7177,4.3702,1.4982
4.7345,1.7151,4.3804,1.5008
4.7294,1.7049,4.3983,1.5059
4.7319,1.6998,4.3957,1.5135
4.7421,1.7024,4.3804,1.511
4.7396,1.7151,4.3728,1.5008
4.7345,1.7177,4.3779,1.5008
4.7294,1.71,4.3881,1.5135
4.7345,1.7075,4.3881,1.511
4.7345,1.7049,4.3906,1.5033
4.737,1.7075,4.3779,1.5059
4.737,1.7177,4.3779,1.5008
4.7294,1.7126,4.383,1.5059
4.737,1.7049,4.3779,1.511
4.7345,1.6998,4.3855,1.5059
4.7421,1.7049,4.3804,1.5059
4.737,1.7075,4.3855,1.4982
4.7345,1.7126,4.383,1.5059
4.7294,1.7126,4.3804,1.5059
4.7345,1.7075,4.3753,1.511
4.7421,1.7024,4.3779,1.5059
4.7421,1.7126,4.3855,1.4957
4.737,1.7126,4.3881,1.5008
4.7294,1.71,4.3906,1.5059
4.7345,1.71,4.3779,1.5135
4.7345,1.7075,4.3753,1.5084
4.7421,1.7075,4.3779,1.5059
4.7421,1.7126,4.3855,1.5008
4.7345,1.7126,4.3855,1.4982
4.7319,1.71,4.3804,1.5059
4.7345,1.7126,4.3804,1.5059
4.7319,1.7049,4.3728,1.5135
4.7421,1.7049,4.3728,1.5059
4.7421,1.7151,4.3753,1.4982
4.7345,1.71,4.383,1.5059
4.7294,1.7126,4.3779,1.5059
4.7319,1.7075,4.3728,1.5059
4.7421,1.7177,4.36,1.5059
4.7396,1.7228,4.3702,1.4982
4.7268,1.7151,4.3881,1.5059
4.7294,1.71,4.3855,1.511
4.7319,1.7049,4.3779,1.5135
4.7421,1.7151,4.3626,1.5059
4.7396,1.7228,4.36,1.5033
4.737,1.7228,4.3702,1.4982
4.7294,1.71,4.3855,1.5059
4.7319,1.7075,4.3804,1.5059
4.737,1.7126,4.3779,1.5059
4.7421,1.7151,4.3651,1.5059
4.7345,1.7228,4.3677,1.5008
4.7319,1.7177,4.3753,1.5033
4.737,1.7049,4.3804,1.511
4.7421,1.7049,4.3804,1.5033
4.7421,1.7126,4.3702,1.5059
4.737,1.7202,4.3753,1.4957
4.7294,1.7228,4.3728,1.5059
4.7294,1.71,4.3779,1.511
4.7396,1.7049,4.3702,1.511
4.7447,1.71,4.3779,1.5033
4.7447,1.7151,4.3753,1.4982
4.737,1.7177,4.383,1.4957
4.7319,1.7126,4.383,1.511
4.737,1.7075,4.3779,1.511
4.737,1.7049,4.383,1.5033
4.7447,1.7075,4.3804,1.5033
4.7447,1.7151,4.383,1.4957
4.7396,1.7177,4.3855,1.4982
4.7319,1.7126,4.3855,1.511
4.7421,1.7024,4.3804,1.5084
4.737,1.7075,4.3881,1.5033
4.7421,1.7049,4.3906,1.5033
4.7396,1.71,4.3983,1.5059
4.7319,1.7049,4.4008,1.5059
4.7345,1.6998,4.4008,1.511
4.7447,1.6998,4.3932,1.511
4.7447,1.6998,4.3957,1.5059
4.737,1.6998,4.4034,1.5059
4.7421,1.6973,4.411,1.5059
4.7319,1.6973,4.4187,1.5059
4.7319,1.6922,4.4136,1.511
4.7396,1.6922,4.4059,1.5135
4.737,1.6897,4.4085,1.5084
4.7447,1.6922,4.4238,1.5059
4.7396,1.6973,4.4263,1.5008
4.7319,1.6922,4.4314,1.5033
4.7345,1.6846,4.4263,1.5135
4.7472,1.6871,4.4187,1.5135
4.7472,1.6897,4.4187,1.5059
4.7396,1.682,4.434,1.5084
4.7396,1.6846,4.4365,1.5084
4.7319,1.6846,4.4441,1.5059
4.7319,1.682,4.4416,1.5135
4.7447,1.682,4.4314,1.5161
4.7396,1.6871,4.4289,1.5084
4.7447,1.682,4.4365,1.5084
4.7396,1.682,4.4492,1.5084
4.7421,1.6795,4.4492,1.511
4.7345,1.6795,4.4518,1.511
4.7345,1.6744,4.4492,1.5161
4.7447,1.6744,4.4441,1.5135
4.7472,1.6795,4.4518,1.511
4.737,1.6769,4.4594,1.511
4.7396,1.682,4.4594,1.5033
4.7319,1.682,4.4594,1.511
4.7319,1.6718,4.4569,1.511
4.7319,1.6718,4.4594,1.5161
4.7396,1.6667,4.4594,1.5161
4.7472,1.6642,4.4594,1.511
4.7447,1.6769,4.4594,1.5059
4.7396,1.6795,4.462,1.5059
4.737,1.6718,4.4594,1.511
4.7345,1.6744,4.462,1.511
4.7319,1.6642,4.4696,1.5161
4.7396,1.6642,4.4645,1.5161
4.7447,1.6718,4.4645,1.511
4.7421,1.6718,4.4671,1.5033
4.7421,1.6769,4.462,1.5059
4.7319,1.6769,4.4645,1.511
4.7319,1.6744,4.4722,1.5161
4.7447,1.6616,4.4722,1.5161
4.7472,1.6642,4.4671,1.5084
4.7447,1.6769,4.462,1.5033
4.7396,1.682,4.4645,1.511
4.7345,1.682,4.4671,1.511
4.7345,1.6718,4.4696,1.5161
4.737,1.6616,4.4722,1.5161
4.7472,1.6642,4.4671,1.5135
4.7472,1.6693,4.4645,1.5084
4.7396,1.6718,4.4645,1.511
4.7396,1.682,4.4594,1.5008
4.7345,1.6795,4.4722,1.5084
4.7319,1.6667,4.4747,1.5135
4.7472,1.6642,4.4747,1.5135
4.7396,1.6718,4.4696,1.5084
4.7447,1.6744,4.4569,1.5059
4.737,1.682,4.462,1.5033
4.7396,1.682,4.4671,1.4982
4.7345,1.6744,4.4747,1.5135
4.7421,1.6718,4.4722,1.5135
4.7396,1.6642,4.4696,1.5059
4.7498,1.6744,4.4594,1.5084
4.7447,1.6769,4.4543,1.5059
4.7421,1.6795,4.4594,1.4982
4.7396,1.682,4.462,1.5008
4.7319,1.6718,4.4773,1.5059
4.7396,1.6642,4.4722,1.5135
4.7396,1.6744,4.4671,1.5084
4.737,1.6769,4.4569,1.5008
4.7319,1.682,4.4671,1.5033
4.7319,1.6667,4.4773,1.5135
4.737,1.6667,4.4773,1.5161
4.737,1.6616,4.4747,1.511
4.7447,1.6718,4.4696,1.5084
4.7447,1.6795,4.462,1.5033
4.7319,1.6769,4.4747,1.5033
4.7294,1.6693,4.4798,1.5161
4.737,1.6693,4.4798,1.5135
4.737,1.6616,4.4824,1.511
4.7396,1.6667,4.4824,1.5033
4.737,1.6744,4.4747,1.5084
4.7319,1.6693,4.4773,1.5084
4.7294,1.6616,4.4824,1.5161
4.7421,1.6591,4.4849,1.5161
4.7421,1.6616,4.4824,1.511
4.7421,1.6667,4.4824,1.5033
4.737,1.6744,4.4824,1.511
4.7294,1.6667,4.4875,1.511
4.7319,1.6591,4.4926,1.5161
4.7421,1.6514,4.4926,1.5186
4.7447,1.6565,4.4926,1.5135
4.7345,1.6591,4.4977,1.5059
4.737,1.6591,4.4951,1.511
4.7319,1.6616,4.5028,1.511
4.737,1.654,4.4977,1.5186
4.7421,1.6514,4.5028,1.5135
4.7421,1.654,4.5053,1.5059
4.7268,1.6591,4.513,1.5084
4.7294,1.654,4.5155,1.5212
4.737,1.6489,4.5053,1.5212
4.737,1.6514,4.5104,1.5161
4.737,1.6489,4.5104,1.5135
4.737,1.654,4.5232,1.511
4.7319,1.6514,4.5308,1.5135
4.7319,1.6489,4.5232,1.5212
4.737,1.6412,4.5155,1.5135
4.7447,1.6489,4.5104,1.5161
4.7447,1.6463,4.5155,1.5084
4.7396,1.6438,4.5232,1.5084
4.7396,1.6514,4.5308,1.5084
4.7345,1.6412,4.5334,1.5161
4.7396,1.6438,4.5232,1.5212
4.737,1.6463,4.5206,1.5135
4.7447,1.6438,4.5232,1.5161
4.7396,1.6463,4.5359,1.511
4.7319,1.6438,4.5436,1.5135
4.7319,1.6336,4.5436,1.5212
4.737,1.6336,4.5334,1.5237
4.737,1.6412,4.5334,1.5161
4.7396,1.6387,4.5308,1.5186
4.737,1.6387,4.5461,1.5135
4.7396,1.6412,4.5512,1.5212
4.7294,1.6361,4.5538,1.5263
4.737,1.631,4.5436,1.5212
4.7421,1.631,4.5334,1.5186
4.7421,1.6412,4.541,1.5135
4.737,1.6361,4.5538,1.5135
4.7319,1.6336,4.5614,1.5186
4.737,1.6336,4.5538,1.5237
4.7396,1.6285,4.5461,1.5186
4.7447,1.6361,4.5359,1.5186
4.7472,1.6412,4.541,1.5135
4.7319,1.6412,4.5563,1.511
4.7319,1.6336,4.5589,1.5186
4.7396,1.6285,4.5487,1.5237
4.7396,1.6361,4.5436,1.5161
4.7421,1.6387,4.5334,1.511
4.737,1.6463,4.541,1.5084
4.7319,1.6438,4.5512,1.511
4.7294,1.631,4.5563,1.5161
4.7396,1.631,4.5461,1.5186
4.7396,1.6336,4.541,1.5161
4.7472,1.6361,4.5308,1.5135
4.7447,1.6463,4.5283,1.5084
4.7421,1.6463,4.541,1.5059
4.7345,1.6438,4.5512,1.5084
4.737,1.6387,4.5436,1.5135
4.737,1.6387,4.5461,1.5135
4.7345,1.6438,4.5359,1.5186
4.7421,1.6387,4.5308,1.5186
4.7421,1.6438,4.5334,1.511
4.7498,1.6412,4.5334,1.5135
4.7472,1.6412,4.5334,1.5033
4.7421,1.6514,4.5308,1.5059
4.7421,1.6463,4.5283,1.511
4.737,1.6489,4.5308,1.5084
4.7345,1.6412,4.5334,1.5135
4.7396,1.6387,4.5359,1.5161
4.7421,1.6438,4.5359,1.511
4.7498,1.6387,4.5257,1.511
4.7472,1.6489,4.5206,1.5008
4.7447,1.6489,4.5257,1.5084
4.7421,1.6514,4.5283,1.5008
4.7421,1.6412,4.5385,1.5033
4.7421,1.6412,4.541,1.511
4.7345,1.6438,4.5436,1.511
4.7421,1.6387,4.5334,1.5135
4.7498,1.6387,4.5334,1.5135
4.7421,1.6463,4.5334,1.5084
4.7472,1.6387,4.5359,1.511
4.7472,1.6387,4.5436,1.5084
4.7472,1.6463,4.541,1.5033
4.7421,1.6412,4.541,1.5059
4.7421,1.6489,4.5359,1.5033
4.737,1.6489,4.5487,1.5033
4.7421,1.6387,4.5461,1.5059
4.7319,1.6361,4.5589,1.5084
4.7345,1.631,4.5614,1.5135
4.7421,1.631,4.5487,1.5161
4.7396,1.6361,4.5461,1.511
4.7472,1.6412,4.5461,1.5059
4.7421,1.6438,4.5563,1.5033
4.7345,1.6412,4.569,1.5059
4.737,1.631,4.5716,1.5084
4.737,1.6285,4.569,1.5161
4.7421,1.6259,4.5614,1.5135
4.7421,1.6259,4.5639,1.5084
4.7472,1.6234,4.5639,1.511
4.7472,1.631,4.5716,1.5033
4.7421,1.631,4.5818,1.5059
4.7345,1.6234,4.5843,1.5084
4.7421,1.6234,4.5767,1.5084
4.7421,1.6183,4.5792,1.5135
4.7447,1.6157,4.5792,1.511
4.7447,1.6208,4.5894,1.5059
4.7421,1.6208,4.5996,1.5059
4.7396,1.6132,4.5996,1.511
4.7421,1.6183,4.6047,1.5135
4.7396,1.6081,4.5996,1.5186
4.7498,1.6055,4.6047,1.5161
4.7472,1.6081,4.6073,1.5135
4.7396,1.6055,4.62,1.5135
4.7421,1.6106,4.6175,1.5084
4.7345,1.6106,4.6175,1.5135
4.7421,1.603,4.6175,1.5135
4.737,1.5979,4.6302,1.5186
4.7472,1.5928,4.6251,1.5237
4.7472,1.5928,4.6328,1.5186
4.7472,1.6004,4.6353,1.511
4.7396,1.603,4.6379,1.5084
4.7421,1.5979,4.6353,1.5135
4.737,1.5928,4.6404,1.5135
4.7345,1.5851,4.6481,1.5212
4.7498,1.5826,4.6506,1.5212
4.7472,1.5877,4.6506,1.5161
4.7472,1.5953,4.6455,1.5084
4.737,1.5953,4.6608,1.5084
4.737,1.5902,4.6583,1.5135
4.7345,1.5775,4.671,1.5212
4.7421,1.5749,4.6659,1.5237
4.7421,1.5724,4.6685,1.5161
4.7472,1.5775,4.6685,1.5161
4.7498,1.5851,4.6761,1.5084
4.7345,1.5826,4.6863,1.511
4.737,1.5749,4.6939,1.5161
4.7345,1.5596,4.7016,1.5237
4.7396,1.5596,4.7016,1.5263
4.7472,1.5622,4.6939,1.5186
4.7498,1.5749,4.6939,1.5135
4.7421,1.5749,4.699,1.5135
4.7421,1.5622,4.7041,1.5186
4.7319,1.5596,4.7245,1.5237
4.7319,1.5494,4.7245,1.5263
4.7421,1.552,4.7194,1.5212
4.7472,1.552,4.7092,1.5237
4.7498,1.5596,4.7118,1.5135
4.7421,1.5596,4.7245,1.5161
4.7421,1.5571,4.7398,1.5186
4.7345,1.5469,4.7449,1.5314
4.7396,1.5418,4.7373,1.5314
4.7421,1.5418,4.7373,1.5212
4.7472,1.5494,4.7296,1.5237
4.7498,1.5494,4.7373,1.5161
4.7421,1.5494,4.7526,1.5186
4.7421,1.5392,4.7577,1.5263
4.7345,1.5392,4.7628,1.5263
4.737,1.529,4.7628,1.5314
4.7421,1.5341,4.7577,1.5314
4.7498,1.529,4.7551,1.5263
4.7447,1.5367,4.7628,1.5212
4.7396,1.5316,4.7781,1.5237
4.7396,1.529,4.7857,1.5263
4.7345,1.5265,4.7832,1.5288
4.7319,1.5189,4.7832,1.5365
4.7396,1.5189,4.7781,1.5365
4.7396,1.5214,4.7908,1.5314
4.7447,1.5163,4.7883,1.5339
4.7447,1.5214,4.7908,1.5263
4.7396,1.524,4.7985,1.5263
4.7396,1.524,4.7934,1.5314
4.7319,1.5189,4.8036,1.5314
4.7319,1.5087,4.8086,1.5365
4.737,1.5112,4.8086,1.5416
4.7396,1.501,4.8137,1.5365
4.7447,1.5061,4.8036,1.539
4.7447,1.5112,4.8036,1.5339
4.7472,1.5138,4.8086,1.5314
4.7472,1.5163,4.8137,1.5263
4.7345,1.5138,4.8214,1.5288
4.7345,1.5036,4.829,1.5365
4.737,1.5061,4.829,1.539
4.7421,1.501,4.8163,1.539
4.7421,1.5087,4.8188,1.5339
4.7447,1.4985,4.8163,1.5339
4.7447,1.501,4.8239,1.5288
4.7396,1.4985,4.8341,1.5288
4.7396,1.501,4.8316,1.5339
4.737,1.5036,4.8341,1.5314
4.7421,1.5036,4.8341,1.539
4.7421,1.4959,4.829,1.539
4.7396,1.4959,4.8341,1.5339
4.7396,1.4959,4.8392,1.5339
4.7421,1.501,4.8418,1.5237
4.7345,1.5061,4.8392,1.5263
4.7345,1.4985,4.8443,1.5314
4.7421,1.4985,4.8392,1.5339
4.7396,1.4883,4.8469,1.539
4.7447,1.4832,4.8469,1.5365
4.7472,1.4985,4.8469,1.5288
4.7421,1.4934,4.8469,1.5339
4.7421,1.4959,4.8494,1.5339
4.7396,1.4934,4.8469,1.5339
4.7472,1.4883,4.8494,1.5365
4.7472,1.4934,4.852,1.5314
4.7421,1.4934,4.8596,1.5314
4.7345,1.4959,4.8571,1.5365
4.7319,1.4959,4.8596,1.5365
4.7294,1.4832,4.8596,1.5416
4.7396,1.4806,4.852,1.5467
4.7421,1.4857,4.8596,1.5365
4.7396,1.4832,4.8596,1.5365
4.7447,1.4934,4.8545,1.5314
4.737,1.4934,4.8647,1.5314
4.7319,1.4883,4.8622,1.5365
4.737,1.4883,4.8622,1.5441
4.737,1.4832,4.8673,1.5365
4.7447,1.4832,4.8596,1.5365
4.7396,1.4934,4.8673,1.5314
4.7345,1.4959,4.8673,1.5365
4.7345,1.4908,4.8647,1.539
4.7396,1.4806,4.8622,1.5416
4.7396,1.4832,4.8673,1.5365
4.7447,1.4832,4.8647,1.5365
4.737,1.4934,4.8647,1.5288
4.7319,1.4934,4.8673,1.5288
4.737,1.4883,4.8673,1.539
4.7421,1.4832,4.8596,1.5365
4.7396,1.4832,4.8673,1.5365
