5.1245,1.139,3.5724,2.3448
5.1398,1.1441,3.5571,2.3346
5.1321,1.1518,3.5648,2.3346
5.1245,1.1441,3.5724,2.3346
5.1296,1.1467,3.5673,2.3371
5.1296,1.1467,3.5648,2.3295
5.1296,1.1441,3.5648,2.3346
5.1245,1.1416,3.5724,2.3397
5.1372,1.1441,3.5597,2.3346
5.1296,1.1518,3.5648,2.3295
5.127,1.1467,3.5724,2.3346
5.1296,1.1416,3.5648,2.3397
5.1321,1.1467,3.5648,2.3346
5.1372,1.1518,3.5597,2.3269
5.1321,1.1518,3.5622,2.3295
5.1245,1.1441,3.5648,2.332
5.1296,1.139,3.5648,2.3397
5.1296,1.1467,3.5648,2.3346
5.1296,1.1467,3.5648,2.3295
5.1296,1.1441,3.5648,2.3346
5.1296,1.1467,3.5622,2.332
5.1296,1.1441,3.5648,2.332
5.1372,1.1518,3.5597,2.3295
5.1245,1.1518,3.5724,2.332
5.127,1.139,3.5622,2.3422
5.1372,1.1441,3.5546,2.3346
5.1296,1.1518,3.5648,2.332
5.1245,1.139,3.5699,2.3346
5.1296,1.1416,3.5622,2.3422
5.1347,1.1467,3.5546,2.3371
5.1296,1.1518,3.5597,2.3371
5.1219,1.1441,3.5673,2.3346
5.1296,1.1416,3.5622,2.3371
5.1347,1.1441,3.5546,2.3371
5.1296,1.1518,3.5597,2.3371
5.1219,1.1467,3.5648,2.3397
5.1219,1.1416,3.5597,2.3422
5.1347,1.1467,3.552,2.3371
5.127,1.1518,3.5597,2.332
5.1194,1.1492,3.5673,2.3371
5.1219,1.139,3.5648,2.3448
5.1321,1.1416,3.5546,2.3397
5.1321,1.1467,3.5546,2.332
5.1219,1.1518,3.5648,2.3346
5.1219,1.1467,3.5648,2.3397
5.127,1.1365,3.5597,2.3397
5.1321,1.1416,3.5546,2.3371
5.1296,1.1518,3.5597,2.3346
5.1219,1.1467,3.5648,2.3448
5.127,1.139,3.5597,2.3473
5.1347,1.1467,3.552,2.3346
5.127,1.1518,3.5571,2.332
5.1219,1.1441,3.5648,2.3397
5.1296,1.1441,3.5597,2.3473
5.1296,1.1441,3.5571,2.3397
5.1347,1.1467,3.5571,2.3397
5.1296,1.1441,3.5622,2.3397
5.1194,1.1467,3.5648,2.3499
5.1296,1.139,3.5597,2.3473
5.127,1.1467,3.5597,2.3422
5.1296,1.1467,3.5546,2.3346
5.127,1.1518,3.5597,2.3346
5.1245,1.1467,3.5648,2.3473
5.1296,1.139,3.552,2.3473
5.1347,1.1518,3.5546,2.3422
5.1296,1.1518,3.5648,2.3346
5.1245,1.1441,3.5571,2.3397
5.1296,1.139,3.5571,2.3422
5.1347,1.1441,3.5597,2.3397
5.1296,1.1518,3.5597,2.3371
5.1219,1.1467,3.5648,2.3473
5.1296,1.139,3.5597,2.3473
5.1372,1.1467,3.5546,2.3397
5.127,1.1518,3.5571,2.3346
5.1245,1.1416,3.5699,2.3397
5.1296,1.1365,3.5597,2.3473
5.1347,1.1441,3.5546,2.3422
5.127,1.1518,3.5597,2.3346
5.1296,1.1441,3.5597,2.3397
5.1219,1.1365,3.5673,2.3499
5.1347,1.139,3.552,2.3397
5.1296,1.1518,3.5597,2.3346
5.1245,1.1441,3.5648,2.3473
5.1296,1.139,3.5597,2.3473
5.1347,1.1441,3.552,2.3397
5.1296,1.1441,3.5597,2.3397
5.1296,1.1416,3.5571,2.3499
5.1372,1.1441,3.5546,2.3397
5.1296,1.1518,3.5597,2.3371
5.1219,1.1441,3.5648,2.3397
5.1347,1.139,3.5571,2.3473
5.1321,1.1518,3.5546,2.3371
5.1219,1.1518,3.5648,2.3346
5.1245,1.139,3.5648,2.3473
5.1321,1.1416,3.552,2.3422
5.1372,1.1518,3.552,2.3346
5.1296,1.1441,3.5571,2.3422
5.1296,1.1467,3.5571,2.3473
5.127,1.1416,3.5571,2.3448
5.1296,1.1441,3.552,2.3448
5.1296,1.1441,3.5597,2.3371
5.1219,1.139,3.5648,2.3499
5.1347,1.1365,3.552,2.3499
5.1347,1.1492,3.5546,2.3371
5.1245,1.1441,3.5673,2.3422
5.1296,1.1365,3.5622,2.3499
5.1347,1.1441,3.5546,2.3422
5.1296,1.1518,3.5597,2.3346
5.1219,1.1441,3.5673,2.3422
5.1296,1.1441,3.5597,2.3422
5.1296,1.1467,3.5622,2.3422
5.1296,1.1441,3.5597,2.3397
5.1296,1.1441,3.5622,2.3397
5.1296,1.1467,3.5622,2.3448
5.1372,1.1492,3.5571,2.332
5.1245,1.1518,3.5699,2.3371
5.1245,1.1365,3.5699,2.3448
5.1372,1.1365,3.5571,2.3397
5.1372,1.1518,3.5597,2.3346
5.1245,1.1518,3.5724,2.3397
5.127,1.139,3.5724,2.3448
5.1372,1.139,3.5571,2.3397
5.1398,1.1518,3.5597,2.332
5.1321,1.1441,3.5648,2.3371
5.1296,1.1365,3.5648,2.3422
5.1372,1.1416,3.5597,2.3371
5.1321,1.1518,3.5648,2.332
5.1245,1.1441,3.5699,2.3371
5.1321,1.1441,3.5648,2.3422
5.1296,1.1467,3.5622,2.3371
5.1321,1.1492,3.5648,2.332
5.1245,1.1441,3.5724,2.3371
5.1296,1.139,3.5648,2.3422
5.1372,1.1416,3.5597,2.3346
5.1296,1.1518,3.5673,2.332
5.1245,1.1441,3.5724,2.3371
5.1296,1.139,3.5673,2.3422
5.1321,1.1416,3.5597,2.3371
5.1398,1.1518,3.5597,2.332
5.1245,1.1518,3.5699,2.3371
5.1245,1.139,3.5724,2.3422
5.1372,1.139,3.5597,2.3346
5.1372,1.1518,3.5597,2.332
5.127,1.1518,3.5724,2.3371
5.1245,1.139,3.5724,2.3422
5.1296,1.1441,3.5648,2.3346
5.1296,1.1467,3.5571,2.332
5.1219,1.1518,3.5699,2.332
5.1245,1.139,3.5699,2.3448
5.1296,1.1467,3.5648,2.3397
5.1347,1.1518,3.5571,2.3295
5.1296,1.1518,3.5622,2.332
5.1245,1.1467,3.5699,2.3448
5.127,1.139,3.5622,2.3473
5.1347,1.1467,3.5571,2.332
5.127,1.1441,3.5597,2.332
5.1296,1.1441,3.5622,2.3371
5.1296,1.1441,3.5622,2.3448
5.127,1.1467,3.5622,2.3397
5.127,1.1441,3.5597,2.3346
5.1219,1.1441,3.5699,2.3448
5.127,1.1365,3.5622,2.3448
5.127,1.1467,3.5546,2.3397
5.1347,1.1492,3.5571,2.332
5.1296,1.1441,3.5622,2.3397
5.1194,1.1365,3.5673,2.3448
5.1321,1.139,3.5546,2.3448
5.1321,1.1518,3.5546,2.3346
5.1194,1.1518,3.5673,2.332
5.1194,1.1416,3.5673,2.3397
5.127,1.1365,3.5622,2.3473
5.1347,1.1441,3.5546,2.3346
5.1245,1.1518,3.5597,2.3346
5.1194,1.1416,3.5673,2.3397
5.1245,1.1365,3.5597,2.3473
5.127,1.1467,3.5546,2.3397
5.127,1.1416,3.5597,2.3346
5.1245,1.1441,3.5571,2.3397
5.127,1.1441,3.5571,2.3422
5.1245,1.1467,3.5597,2.3473
5.1321,1.1492,3.552,2.3371
5.1245,1.1518,3.5571,2.3397
5.1168,1.1441,3.5571,2.3422
5.1245,1.1365,3.5571,2.3422
5.1245,1.1416,3.5495,2.3422
5.1245,1.1492,3.5571,2.3422
5.1168,1.1441,3.5622,2.3422
5.1245,1.1365,3.5546,2.3499
5.1296,1.1441,3.552,2.3422
5.1245,1.1416,3.5546,2.3422
5.1245,1.1467,3.5622,2.3524
5.1245,1.139,3.5495,2.3524
5.1296,1.1492,3.552,2.3397
5.1168,1.1441,3.5622,2.3499
5.1245,1.139,3.5495,2.3499
5.1296,1.1518,3.5495,2.3422
5.1245,1.1492,3.552,2.3397
5.1194,1.1365,3.5597,2.3499
5.1296,1.139,3.5495,2.3448
5.1321,1.1518,3.5495,2.3397
5.1219,1.1416,3.5597,2.3422
5.1219,1.1365,3.5546,2.3524
5.1296,1.1416,3.5469,2.3397
5.1219,1.1518,3.552,2.3397
5.1168,1.1365,3.5571,2.3524
5.1296,1.1365,3.5469,2.3524
5.1296,1.1416,3.5469,2.3422
5.1168,1.1518,3.5546,2.3422
5.1143,1.1365,3.5571,2.3524
5.1194,1.1365,3.5444,2.3524
5.1296,1.1492,3.5444,2.3397
5.1219,1.1492,3.552,2.3397
5.1143,1.1365,3.5546,2.3524
5.1194,1.1365,3.5495,2.355
5.1194,1.1416,3.5444,2.3473
5.1219,1.1441,3.5495,2.3422
5.1219,1.1441,3.5495,2.3499
5.1194,1.1441,3.5495,2.3473
5.1219,1.1441,3.5495,2.3473
5.1219,1.1441,3.5495,2.3422
5.1194,1.1441,3.5495,2.3473
5.1219,1.139,3.5495,2.355
5.1296,1.1416,3.5444,2.3499
5.1219,1.1518,3.5495,2.3422
5.1143,1.1416,3.5546,2.3473
5.1194,1.1365,3.5495,2.3524
5.127,1.1441,3.5418,2.3499
5.1219,1.1518,3.5495,2.3422
5.1143,1.1416,3.5546,2.3499
5.1194,1.139,3.5469,2.355
5.127,1.1416,3.5418,2.3524
5.1194,1.1518,3.5444,2.3448
5.1143,1.1441,3.5546,2.3499
5.1194,1.1365,3.5469,2.355
5.1194,1.1416,3.5393,2.3499
5.1194,1.1416,3.5444,2.3448
5.1194,1.1492,3.552,2.3473
5.1143,1.1441,3.5546,2.355
5.1194,1.139,3.5418,2.355
5.1245,1.1441,3.5393,2.3422
5.1194,1.1441,3.5469,2.3422
5.1168,1.1441,3.5444,2.3499
5.1117,1.1416,3.5469,2.3524
5.1194,1.1365,3.5444,2.355
5.1245,1.1416,3.5393,2.3499
5.127,1.1492,3.5495,2.3422
5.1117,1.1441,3.5546,2.3473
5.1143,1.1365,3.5546,2.355
5.127,1.139,3.5418,2.3473
5.127,1.1518,3.5418,2.3448
5.1117,1.1518,3.5546,2.3473
5.1143,1.139,3.5546,2.355
5.1245,1.1365,3.5393,2.3499
5.127,1.1492,3.5418,2.3422
5.1143,1.1492,3.5546,2.3473
5.1143,1.139,3.552,2.355
5.1245,1.139,3.5393,2.3499
5.127,1.1518,3.5393,2.3422
5.1117,1.1518,3.5546,2.3499
5.1143,1.1339,3.5546,2.3575
5.127,1.1365,3.5393,2.3524
5.1245,1.1492,3.5393,2.3473
5.1194,1.1518,3.5444,2.3422
5.1117,1.1441,3.552,2.355
5.1194,1.1365,3.5444,2.3575
5.1245,1.1441,3.5367,2.3524
5.1194,1.1492,3.5418,2.3448
5.1117,1.1416,3.5495,2.3524
5.1194,1.1441,3.5444,2.3575
5.1168,1.1365,3.5444,2.3524
5.1245,1.1416,3.5367,2.3524
5.1245,1.1492,3.5367,2.3473
5.1117,1.1492,3.552,2.3473
5.1117,1.1441,3.5495,2.3524
5.1194,1.1365,3.5444,2.3601
5.1168,1.1365,3.5444,2.3524
5.1168,1.1416,3.5444,2.355
5.1194,1.1416,3.5444,2.3473
5.1143,1.1416,3.5495,2.3524
5.1194,1.1416,3.5444,2.3601
5.1194,1.1416,3.5418,2.3524
5.1194,1.1416,3.5444,2.3524
5.1168,1.1416,3.5444,2.3524
5.1143,1.1416,3.5495,2.3524
5.1194,1.1416,3.5444,2.3524
5.127,1.1416,3.5367,2.3524
5.1194,1.1518,3.5444,2.3448
5.1143,1.1492,3.552,2.3524
5.1117,1.1365,3.552,2.3575
5.1194,1.1365,3.5444,2.3575
5.1245,1.1416,3.5367,2.3473
5.1194,1.1492,3.5444,2.3448
5.1194,1.1416,3.5444,2.3524
5.1194,1.1416,3.552,2.3575
5.1194,1.1365,3.5469,2.3575
5.1245,1.1416,3.5367,2.3473
5.1194,1.1518,3.5444,2.3473
5.1143,1.1416,3.552,2.3524
5.1194,1.1441,3.5469,2.3575
5.1194,1.1416,3.5444,2.355
5.1194,1.1416,3.5444,2.3524
5.1194,1.1492,3.5418,2.3524
5.1194,1.1416,3.552,2.3601
5.1194,1.1365,3.5444,2.3601
5.1194,1.1416,3.5444,2.3524
5.1194,1.1416,3.5444,2.355
5.1194,1.1416,3.5444,2.3524
5.1143,1.1441,3.552,2.3524
5.1194,1.1365,3.5444,2.3601
5.127,1.1365,3.5393,2.3524
5.127,1.1492,3.5367,2.3473
5.1143,1.1492,3.5495,2.3473
5.1092,1.1441,3.552,2.3524
5.1194,1.139,3.5444,2.3601
5.1194,1.1416,3.5444,2.3524
5.1194,1.1441,3.5444,2.3524
5.1219,1.1441,3.5444,2.3524
5.1143,1.1416,3.5444,2.3524
5.1194,1.139,3.5393,2.3575
5.127,1.1416,3.5393,2.3473
5.1143,1.1492,3.552,2.3448
5.1143,1.1365,3.5546,2.355
5.127,1.139,3.5393,2.3524
5.1194,1.1492,3.5444,2.3448
5.1143,1.1416,3.552,2.3524
5.1194,1.1365,3.5469,2.3524
5.127,1.1416,3.5418,2.3499
5.1194,1.1492,3.5469,2.3499
5.1143,1.1441,3.552,2.3499
5.1194,1.1416,3.5444,2.3499
5.1245,1.139,3.5469,2.355
5.127,1.1416,3.5393,2.3499
5.1194,1.1518,3.5444,2.3422
5.1143,1.1416,3.552,2.3499
5.1194,1.1365,3.5469,2.355
5.1194,1.1416,3.5393,2.3524
5.1219,1.1441,3.5444,2.3422
5.1194,1.1441,3.5469,2.3499
5.1194,1.1441,3.5444,2.3473
5.1194,1.1365,3.5444,2.3524
5.127,1.1441,3.5393,2.3499
5.1194,1.1492,3.5444,2.3448
5.1168,1.1416,3.552,2.3524
5.1194,1.1365,3.5444,2.3524
5.1245,1.1416,3.5393,2.3524
5.1194,1.1518,3.5444,2.3499
5.1168,1.1441,3.5546,2.3524
5.1219,1.1365,3.5469,2.3575
5.127,1.1365,3.5444,2.3524
5.127,1.1416,3.5444,2.3524
5.1194,1.1441,3.5444,2.3499
5.1143,1.1416,3.552,2.3524
5.1194,1.1441,3.5469,2.3575
5.1219,1.1416,3.5444,2.3524
5.1194,1.1416,3.5444,2.3524
5.1194,1.1467,3.5469,2.3499
5.1117,1.1416,3.552,2.3524
5.1194,1.1416,3.5444,2.3575
5.1219,1.1416,3.5444,2.3524
5.1194,1.1416,3.5444,2.3524
5.1168,1.1441,3.5418,2.3524
5.1194,1.1416,3.5444,2.3575
5.127,1.1416,3.5367,2.3524
5.1194,1.1518,3.5444,2.3524
5.1143,1.1416,3.5444,2.3524
5.1194,1.1365,3.5444,2.3524
5.1194,1.1416,3.5444,2.3524
5.1194,1.1441,3.5444,2.3524
5.1194,1.1416,3.5444,2.3575
5.1168,1.1416,3.5418,2.3524
5.1168,1.1492,3.5444,2.3473
5.1117,1.1416,3.5495,2.3575
5.1168,1.1365,3.5444,2.3524
5.1219,1.1416,3.5342,2.355
5.1168,1.1492,3.5418,2.3473
5.1117,1.1441,3.5495,2.3524
5.1194,1.139,3.5393,2.3626
5.1245,1.1416,3.5367,2.3524
5.1168,1.1416,3.5342,2.3499
5.1168,1.1441,3.5418,2.355
5.1092,1.1365,3.5444,2.3626
5.1168,1.1339,3.5393,2.3626
5.1245,1.1416,3.5342,2.3499
5.1168,1.1492,3.5393,2.3499
5.1092,1.1416,3.5444,2.3575
5.1168,1.1365,3.5418,2.3626
5.1143,1.1416,3.5393,2.3575
5.1168,1.1416,3.5393,2.3524
5.1143,1.1416,3.5393,2.3575
5.1168,1.1416,3.5393,2.3652
5.1168,1.1416,3.5393,2.355
5.1194,1.1416,3.5393,2.3499
5.1168,1.1416,3.5418,2.3575
5.1168,1.1416,3.5418,2.355
5.1168,1.1365,3.5393,2.355
5.1168,1.139,3.5418,2.3575
5.1168,1.1467,3.5393,2.355
5.1092,1.1416,3.5469,2.355
5.1168,1.1365,3.5418,2.3626
5.127,1.1416,3.5342,2.355
5.1168,1.1492,3.5393,2.3499
5.1092,1.139,3.5469,2.355
5.1168,1.1339,3.5393,2.3626
5.1245,1.1416,3.5342,2.3575
5.1194,1.1518,3.5393,2.3524
5.1092,1.1416,3.5469,2.3575
5.1143,1.1365,3.5393,2.3626
5.1219,1.1416,3.5342,2.3575
5.1194,1.1492,3.5393,2.3524
5.1117,1.1416,3.5469,2.3652
5.1168,1.1339,3.5418,2.3626
5.1245,1.1416,3.5342,2.3499
5.1168,1.1492,3.5393,2.3575
5.1092,1.139,3.5444,2.355
5.1194,1.1339,3.5418,2.3626
5.1245,1.1339,3.5316,2.3575
5.1245,1.1467,3.5342,2.3524
5.1117,1.1467,3.5444,2.3575
5.1117,1.1339,3.5393,2.3652
5.1245,1.1416,3.5342,2.3575
5.1168,1.1467,3.5393,2.3524
5.1092,1.1416,3.5444,2.3601
5.1143,1.1339,3.5393,2.3601
5.1219,1.1416,3.5342,2.3601
5.1168,1.1467,3.5367,2.3575
5.1092,1.139,3.5469,2.3575
5.1117,1.1339,3.5469,2.3652
5.1245,1.1365,3.5342,2.3575
5.1219,1.1467,3.5316,2.3524
5.1117,1.1467,3.5444,2.3601
5.1092,1.1339,3.5444,2.3652
5.1219,1.1339,3.5342,2.3601
5.1219,1.1467,3.5316,2.3524
5.1168,1.1467,3.5418,2.3575
5.1092,1.1416,3.5444,2.3575
5.1117,1.1365,3.5393,2.3601
5.1219,1.1365,3.5316,2.3601
5.1245,1.1467,3.5342,2.3524
5.1117,1.1467,3.5444,2.3524
5.1117,1.1339,3.5444,2.3626
5.1245,1.1339,3.5342,2.3601
5.1219,1.1492,3.5316,2.3524
5.1092,1.1492,3.5444,2.3499
5.1092,1.1441,3.5444,2.3626
5.1168,1.1365,3.5367,2.3652
5.1219,1.1416,3.5316,2.3575
5.1168,1.1467,3.5393,2.3499
5.1092,1.1416,3.5444,2.355
5.1168,1.1365,3.5367,2.3626
5.1219,1.1416,3.5316,2.3499
5.1168,1.1467,3.5367,2.3524
5.1117,1.1416,3.5469,2.3626
5.1168,1.1365,3.5393,2.3626
5.1219,1.1416,3.5316,2.3575
5.1168,1.1467,3.5367,2.3524
5.1092,1.1416,3.5469,2.3575
5.1194,1.1339,3.5393,2.355
5.1194,1.1416,3.5393,2.3575
5.1168,1.1492,3.5367,2.355
5.1092,1.1492,3.5444,2.3575
5.1092,1.1416,3.5418,2.3575
5.1168,1.1416,3.5367,2.355
5.1219,1.1416,3.5342,2.3524
5.1168,1.1492,3.5393,2.3499
5.1092,1.1416,3.5469,2.3575
5.1168,1.139,3.5367,2.3626
5.1168,1.1416,3.5367,2.3575
5.1143,1.1416,3.5393,2.3499
5.1168,1.139,3.5393,2.3575
5.1168,1.1416,3.5418,2.3626
5.1219,1.1365,3.5316,2.3652
5.1245,1.1492,3.5316,2.3524
5.1092,1.1492,3.5444,2.3601
5.1092,1.1365,3.5342,2.3626
5.1219,1.1339,3.5291,2.3601
5.1194,1.1492,3.5291,2.3524
5.1092,1.1467,3.5418,2.3601
5.1092,1.1339,3.5444,2.3652
5.1194,1.1339,3.5291,2.3601
5.1143,1.1492,3.5367,2.355
5.1066,1.1416,3.5418,2.3601
5.1143,1.1339,3.5342,2.3677
5.1194,1.1467,3.5291,2.3601
5.1117,1.1441,3.5418,2.355
5.1066,1.1416,3.5418,2.3703
5.1194,1.1339,3.5291,2.3703
5.1194,1.1467,3.5291,2.355
5.1041,1.1467,3.5418,2.355
5.1041,1.1339,3.5393,2.3703
5.1168,1.1339,3.5265,2.3703
5.1194,1.139,3.5265,2.3601
5.1117,1.1467,3.5316,2.3575
5.1041,1.139,3.5367,2.3652
5.1117,1.1339,3.5316,2.3728
5.1168,1.139,3.524,2.3652
5.1117,1.1467,3.5316,2.3575
5.1041,1.1416,3.5367,2.3652
5.1092,1.1314,3.5316,2.3728
5.1168,1.1416,3.5265,2.3652
5.1092,1.1467,3.5316,2.3677
