0.83942,3.0229,4.2275,2.3881
0.84707,3.0229,4.2224,2.3805
0.84707,3.0357,4.2198,2.3728
0.83942,3.0357,4.2249,2.3754
0.83177,3.0306,4.2351,2.3881
0.83942,3.0229,4.2173,2.3881
0.84452,3.028,4.2173,2.3754
0.83942,3.0357,4.2249,2.3728
0.83432,3.028,4.23,2.3881
0.84452,3.0229,4.2198,2.3805
0.84452,3.0357,4.2173,2.3754
0.83432,3.0357,4.23,2.383
0.83177,3.0229,4.23,2.3907
0.84452,3.0229,4.2173,2.383
0.84452,3.0357,4.2173,2.3754
0.83177,3.0357,4.23,2.383
0.83177,3.0229,4.23,2.3907
0.84452,3.0229,4.2224,2.3881
0.84452,3.028,4.2173,2.3779
0.83687,3.0331,4.2224,2.3779
0.83177,3.028,4.2224,2.3805
0.83942,3.0229,4.2249,2.3805
0.84452,3.028,4.2173,2.3805
0.83942,3.0331,4.2224,2.3754
0.83432,3.028,4.2249,2.3805
0.83687,3.0255,4.2224,2.3805
0.84452,3.0229,4.2275,2.3881
0.84452,3.0357,4.2198,2.3779
0.83942,3.0357,4.2249,2.3779
0.83942,3.0357,4.2326,2.3805
0.83177,3.0229,4.23,2.3856
0.84707,3.0229,4.2173,2.3881
0.84452,3.028,4.2198,2.3754
0.83942,3.0357,4.2249,2.3754
0.83942,3.0306,4.2249,2.3805
0.83432,3.028,4.2249,2.3805
0.83432,3.0306,4.2249,2.3805
0.83942,3.028,4.2249,2.3805
0.83942,3.028,4.2249,2.3805
0.83687,3.0306,4.2249,2.3805
0.83687,3.0255,4.2173,2.3805
0.84452,3.0357,4.2173,2.3754
0.83177,3.0382,4.2275,2.3779
0.83432,3.028,4.2275,2.3881
0.83687,3.0229,4.2224,2.3881
0.84452,3.0229,4.2173,2.3881
0.84452,3.028,4.2147,2.3779
0.83687,3.0357,4.2224,2.3754
0.83687,3.028,4.2224,2.3805
0.83177,3.028,4.23,2.383
0.83177,3.0229,4.23,2.3881
0.84452,3.0229,4.2249,2.3881
0.84452,3.028,4.2173,2.383
0.83942,3.028,4.2249,2.3754
0.83687,3.028,4.2275,2.3805
0.83942,3.028,4.2249,2.3805
0.83942,3.0229,4.2275,2.3856
0.84707,3.028,4.2198,2.3805
0.84452,3.0331,4.2198,2.3728
0.83432,3.0357,4.2351,2.3805
0.83177,3.0255,4.2351,2.3856
0.84452,3.0229,4.2224,2.3779
0.84707,3.0357,4.2275,2.3728
0.83432,3.0357,4.2351,2.3779
0.83432,3.0306,4.23,2.3856
0.83942,3.0255,4.2275,2.3856
0.84707,3.028,4.2249,2.3728
0.83942,3.0357,4.2275,2.3703
0.83177,3.028,4.2377,2.3779
0.84197,3.0229,4.23,2.383
0.84707,3.028,4.2224,2.3754
0.84197,3.0331,4.2275,2.3703
0.83432,3.028,4.2377,2.3754
0.84197,3.0229,4.2326,2.383
0.84707,3.028,4.2249,2.3754
0.84197,3.0357,4.23,2.3703
0.83432,3.028,4.2377,2.3779
0.84197,3.0204,4.23,2.383
0.84707,3.028,4.2224,2.3779
0.84197,3.0357,4.23,2.3728
0.83432,3.028,4.2377,2.3779
0.84197,3.028,4.2275,2.3856
0.84197,3.028,4.23,2.3754
0.83942,3.028,4.2275,2.3779
0.83942,3.0357,4.2275,2.3779
0.83432,3.028,4.2275,2.3779
0.84197,3.0229,4.23,2.3856
0.84452,3.028,4.2275,2.3754
0.84707,3.0357,4.2275,2.3779
0.83942,3.028,4.2275,2.3703
0.83432,3.028,4.2351,2.3779
0.83687,3.0204,4.2377,2.383
0.83942,3.0229,4.23,2.3856
0.84707,3.028,4.2249,2.3703
0.83942,3.0357,4.23,2.3754
0.83432,3.028,4.2377,2.3779
0.83432,3.0255,4.2377,2.383
0.84707,3.0204,4.2224,2.3754
0.84707,3.0357,4.2249,2.3728
0.84197,3.0357,4.23,2.3703
0.83432,3.028,4.2377,2.3754
0.83942,3.028,4.2377,2.3754
0.84197,3.0229,4.23,2.383
0.84452,3.0306,4.2249,2.3779
0.84707,3.0331,4.2249,2.3703
0.83942,3.0357,4.2326,2.3703
0.83432,3.0306,4.2377,2.3779
0.83432,3.0306,4.23,2.3779
0.83942,3.0229,4.2275,2.3856
0.84452,3.0229,4.2224,2.3779
0.84707,3.0357,4.2224,2.3728
0.83177,3.0357,4.2275,2.3728
0.83432,3.028,4.2326,2.3779
0.83687,3.0229,4.2275,2.3856
0.83687,3.0255,4.2275,2.3805
0.83942,3.028,4.2275,2.3754
0.83432,3.028,4.2326,2.3856
0.83942,3.0229,4.2275,2.3881
0.83942,3.028,4.2275,2.3805
0.84452,3.028,4.2198,2.3805
0.83942,3.0357,4.2224,2.3754
0.83177,3.0382,4.23,2.383
0.83687,3.0306,4.2275,2.383
0.83687,3.028,4.2275,2.3805
0.84452,3.028,4.2147,2.3805
0.83942,3.0331,4.23,2.3754
0.83177,3.028,4.2275,2.3907
0.83687,3.0229,4.2249,2.3907
0.84452,3.0306,4.2224,2.3881
0.83687,3.0306,4.2224,2.383
0.83687,3.0306,4.2224,2.3932
0.83687,3.028,4.2224,2.3856
0.83432,3.028,4.2147,2.3779
0.82922,3.0357,4.2275,2.3856
0.82922,3.0204,4.2275,2.3907
0.84197,3.0229,4.2122,2.3856
0.83687,3.0331,4.2173,2.3805
0.82922,3.028,4.2275,2.3881
0.83687,3.0229,4.2198,2.3856
0.84197,3.028,4.2122,2.3881
0.83432,3.0357,4.2198,2.383
0.82922,3.028,4.2249,2.3881
0.83687,3.0229,4.2173,2.3983
0.84197,3.028,4.2122,2.383
0.82922,3.0357,4.2249,2.383
0.82667,3.0229,4.2249,2.3932
0.84197,3.0229,4.2096,2.3932
0.84197,3.028,4.2173,2.383
0.82922,3.028,4.2249,2.3881
0.83432,3.0229,4.2173,2.3932
0.83942,3.028,4.2096,2.3856
0.83432,3.0357,4.2173,2.383
0.82922,3.0255,4.2224,2.3958
0.83432,3.0229,4.2173,2.3958
0.84197,3.028,4.2122,2.3907
0.83432,3.0357,4.2173,2.383
0.82922,3.028,4.2249,2.3932
0.83432,3.0229,4.2147,2.3958
0.83942,3.0331,4.2096,2.383
0.82667,3.0331,4.2224,2.3907
0.82922,3.0229,4.2198,2.3958
0.83942,3.028,4.2071,2.3932
0.83177,3.0357,4.2147,2.3881
0.82667,3.028,4.2198,2.3932
0.83177,3.0229,4.2147,2.3983
0.83942,3.028,4.2071,2.3932
0.83432,3.0357,4.2122,2.3856
0.82667,3.0331,4.2198,2.3932
0.82667,3.0204,4.2198,2.3932
0.83942,3.0229,4.2122,2.3932
0.83177,3.028,4.2122,2.3881
0.83177,3.028,4.2096,2.3958
0.82667,3.0229,4.2173,2.4034
0.83942,3.0229,4.2045,2.3932
0.83942,3.0357,4.2045,2.3881
0.82667,3.0331,4.2173,2.3932
0.82413,3.0204,4.2173,2.4009
0.83687,3.0229,4.2045,2.3958
0.83942,3.0357,4.2045,2.3881
0.82667,3.0357,4.2173,2.3932
0.82667,3.0229,4.2173,2.4034
0.83177,3.028,4.2122,2.3958
0.83177,3.028,4.2096,2.3907
0.82922,3.028,4.2147,2.3958
0.83177,3.0204,4.2096,2.4034
0.83942,3.028,4.2045,2.3958
0.83177,3.0357,4.2071,2.3907
0.82922,3.028,4.2147,2.3958
0.83177,3.0229,4.2071,2.3983
0.83687,3.028,4.2071,2.3958
0.82922,3.0357,4.2071,2.3983
0.83177,3.028,4.2071,2.4034
0.83177,3.028,4.2071,2.3983
0.82922,3.0306,4.2071,2.3983
0.83177,3.028,4.2045,2.3983
0.82922,3.028,4.2071,2.4009
0.82922,3.028,4.2045,2.3983
0.82922,3.028,4.2071,2.4009
0.83177,3.0357,4.2045,2.3983
0.82667,3.028,4.2122,2.4009
0.82922,3.0229,4.2071,2.4009
0.83687,3.028,4.1994,2.4009
0.82922,3.0357,4.2045,2.4009
0.82413,3.028,4.2122,2.4009
0.82922,3.0229,4.2071,2.4009
0.82922,3.028,4.2045,2.3983
0.83177,3.028,4.2045,2.3983
0.82667,3.0255,4.2071,2.3983
0.83177,3.028,4.2071,2.4009
0.83177,3.028,4.2071,2.3932
0.83177,3.028,4.2071,2.3983
0.82922,3.028,4.2071,2.3983
0.83177,3.0204,4.2071,2.3983
0.83432,3.028,4.1994,2.3958
0.83177,3.0357,4.2071,2.3932
0.82667,3.028,4.2122,2.3983
0.82413,3.0229,4.2122,2.406
0.83687,3.0229,4.1969,2.3983
0.83687,3.0331,4.1994,2.3932
0.82667,3.0357,4.2122,2.3932
0.82413,3.028,4.2096,2.4009
0.83687,3.0229,4.2071,2.406
0.83687,3.028,4.1994,2.3932
0.82922,3.0357,4.2071,2.3932
0.82413,3.0357,4.2122,2.4009
0.82667,3.028,4.2045,2.406
0.82922,3.028,4.2071,2.4009
0.83177,3.028,4.2071,2.4009
0.83177,3.028,4.2045,2.3983
0.82922,3.028,4.2045,2.406
0.82922,3.0306,4.2045,2.4009
0.82922,3.028,4.2045,2.3932
0.82413,3.028,4.2096,2.4034
0.82922,3.0229,4.202,2.4009
0.83432,3.028,4.1994,2.4009
0.82922,3.0357,4.202,2.4034
0.82158,3.0306,4.202,2.4034
0.82922,3.0229,4.202,2.4009
0.82667,3.028,4.2045,2.4034
0.82922,3.0357,4.202,2.4034
0.82158,3.028,4.2096,2.4034
0.82922,3.0204,4.202,2.4085
0.83687,3.028,4.1969,2.4009
0.82922,3.0331,4.202,2.4034
0.82158,3.0306,4.2071,2.4009
0.82413,3.0204,4.2071,2.4111
0.83432,3.0229,4.1943,2.4009
0.83687,3.0357,4.1969,2.3958
0.82158,3.0357,4.2071,2.3958
0.82158,3.028,4.2071,2.4111
0.82922,3.028,4.2045,2.4009
0.83432,3.028,4.1969,2.4034
0.82922,3.0331,4.202,2.3983
0.82158,3.028,4.2096,2.4009
0.82922,3.0229,4.2045,2.4085
0.83687,3.028,4.1969,2.4034
0.83432,3.0357,4.1969,2.3932
0.82413,3.0331,4.2096,2.4034
0.82413,3.0229,4.2096,2.4085
0.83432,3.0229,4.1943,2.406
0.83687,3.0357,4.1994,2.3932
0.82922,3.0331,4.2045,2.3958
0.82413,3.028,4.2122,2.4009
0.82413,3.0204,4.2071,2.406
0.83687,3.0229,4.1994,2.4009
0.83687,3.0331,4.202,2.3932
0.82922,3.0331,4.2122,2.3932
0.82413,3.0306,4.2122,2.4009
0.82922,3.028,4.2045,2.4085
0.82922,3.0229,4.2071,2.4009
0.82922,3.028,4.1969,2.4034
0.82922,3.0331,4.2045,2.3958
0.82413,3.028,4.2096,2.4034
0.82413,3.0255,4.2122,2.4085
0.83432,3.0229,4.2045,2.4009
0.82667,3.028,4.2045,2.4034
0.82922,3.028,4.2045,2.4034
0.82922,3.028,4.2045,2.4009
0.82667,3.0229,4.2045,2.4111
0.83687,3.028,4.2045,2.4034
0.83177,3.028,4.202,2.3958
0.82922,3.028,4.2045,2.4009
0.82922,3.0255,4.2045,2.4034
0.82922,3.0204,4.2045,2.4034
0.83432,3.028,4.1994,2.4009
0.83687,3.0382,4.1969,2.3932
0.82413,3.0331,4.2045,2.3932
0.82158,3.028,4.2096,2.4009
0.82667,3.0204,4.2045,2.4085
0.82667,3.028,4.2045,2.4034
0.83177,3.028,4.2071,2.3983
0.82922,3.028,4.2045,2.4009
0.82413,3.028,4.2045,2.4009
0.83177,3.0229,4.2045,2.4009
0.83432,3.028,4.1994,2.4009
0.83432,3.0357,4.1994,2.3932
0.82413,3.0357,4.2096,2.4034
0.82413,3.0229,4.2122,2.406
0.82922,3.0229,4.2071,2.4085
0.83432,3.028,4.1994,2.4009
0.83177,3.0331,4.2045,2.3932
0.82922,3.028,4.2045,2.4009
0.82922,3.028,4.2045,2.4085
0.82922,3.028,4.2071,2.4009
0.82922,3.028,4.2045,2.4009
0.82922,3.0331,4.2045,2.4009
0.82413,3.028,4.2096,2.4009
0.82922,3.0229,4.2045,2.4085
0.83687,3.028,4.1969,2.3958
0.82922,3.0357,4.2071,2.3932
0.82413,3.028,4.2096,2.4009
0.82922,3.0229,4.2071,2.4085
0.83687,3.028,4.1994,2.4009
0.82922,3.0331,4.2071,2.3983
0.82667,3.028,4.2122,2.4009
0.83177,3.0229,4.2071,2.406
0.83687,3.028,4.202,2.3983
0.82922,3.028,4.2071,2.3983
0.83177,3.028,4.2147,2.3958
0.83177,3.028,4.2096,2.3958
0.83687,3.028,4.2045,2.3932
0.82922,3.0331,4.2096,2.3907
0.82667,3.0255,4.2173,2.3932
0.83177,3.0229,4.2147,2.4034
0.83942,3.028,4.2071,2.3958
0.83177,3.0357,4.2122,2.3907
0.82667,3.028,4.2198,2.3932
0.83177,3.0229,4.2147,2.4009
0.83942,3.028,4.2071,2.3932
0.83432,3.0331,4.2096,2.3881
0.82922,3.028,4.2147,2.3932
0.83432,3.0229,4.2147,2.3932
0.83177,3.028,4.2147,2.3856
0.82667,3.028,4.2224,2.3932
0.83432,3.0204,4.2147,2.3983
0.84197,3.028,4.2096,2.3881
0.83432,3.0357,4.2173,2.3856
0.82922,3.028,4.2249,2.3907
0.83432,3.0229,4.2173,2.3958
0.84197,3.028,4.2122,2.3881
0.83432,3.0331,4.2173,2.3881
0.82922,3.028,4.2275,2.3881
0.83687,3.0229,4.2198,2.3932
0.84197,3.028,4.2147,2.3881
0.84197,3.0357,4.2173,2.3805
0.83432,3.028,4.2249,2.3856
0.82922,3.028,4.2249,2.3856
0.83687,3.0229,4.2275,2.3907
0.84452,3.0331,4.2198,2.3779
0.83177,3.0331,4.2326,2.3779
0.83177,3.0229,4.2326,2.3907
0.84707,3.0229,4.2224,2.383
0.84452,3.0331,4.2224,2.3779
0.82922,3.0357,4.2275,2.383
0.83942,3.028,4.2351,2.3805
0.83942,3.0204,4.23,2.3881
0.84452,3.0229,4.2224,2.383
0.84452,3.028,4.2224,2.3754
0.83687,3.0331,4.23,2.3754
0.83177,3.0229,4.2351,2.3881
0.83687,3.0229,4.2275,2.3907
0.84452,3.028,4.2198,2.383
0.83687,3.028,4.2249,2.3779
0.83687,3.028,4.2275,2.383
0.83687,3.028,4.23,2.383
0.83687,3.0229,4.2173,2.3932
0.84452,3.0357,4.2198,2.383
0.83687,3.028,4.2249,2.383
0.83687,3.0306,4.23,2.3856
0.83687,3.0229,4.2198,2.3907
0.84197,3.028,4.2147,2.3856
0.83687,3.0357,4.2249,2.3805
0.83177,3.0357,4.2275,2.3856
0.82922,3.0229,4.2275,2.3932
0.83687,3.0229,4.2224,2.3932
0.84452,3.028,4.2173,2.3907
0.83687,3.028,4.2173,2.3805
0.83687,3.028,4.2224,2.3856
0.83432,3.028,4.2224,2.3881
0.83687,3.028,4.2224,2.3881
0.84452,3.028,4.2147,2.3881
0.83432,3.0357,4.2224,2.3805
0.82922,3.0357,4.2275,2.3856
0.83177,3.0229,4.23,2.3932
0.83432,3.0229,4.2224,2.3932
0.84197,3.028,4.2224,2.3881
0.83687,3.028,4.2224,2.3856
0.83687,3.0306,4.2224,2.3881
0.83687,3.028,4.2224,2.383
0.83687,3.028,4.2224,2.3805
0.83687,3.0306,4.2224,2.3856
0.83687,3.028,4.2224,2.3932
0.83687,3.028,4.2224,2.3856
0.83687,3.028,4.2224,2.3805
0.83687,3.028,4.2249,2.383
0.83432,3.028,4.2275,2.3856
0.83687,3.028,4.2249,2.3856
0.83687,3.028,4.2249,2.383
0.83687,3.028,4.2249,2.383
0.83687,3.0306,4.23,2.3907
0.83687,3.0229,4.2249,2.3907
0.84452,3.0357,4.2198,2.3754
0.82922,3.0357,4.23,2.3779
0.83177,3.0229,4.2326,2.383
0.84452,3.0229,4.2198,2.3907
0.84452,3.0306,4.2198,2.3754
0.83942,3.0357,4.2249,2.3779
0.83177,3.028,4.2326,2.3932
0.83687,3.0229,4.2249,2.3907
0.83687,3.028,4.2249,2.3856
0.83687,3.028,4.2249,2.3779
0.83687,3.0382,4.23,2.3805
0.83177,3.0229,4.23,2.3907
0.84452,3.0255,4.2147,2.3907
0.84452,3.0357,4.2173,2.3805
0.83177,3.0357,4.2249,2.3856
0.83687,3.0229,4.2249,2.3907
0.84452,3.028,4.2173,2.3805
0.83942,3.0357,4.2249,2.3779
0.83687,3.0306,4.2249,2.383
0.83177,3.0255,4.2326,2.3907
0.83687,3.0229,4.2224,2.3907
0.84452,3.028,4.2173,2.3856
0.83687,3.0357,4.2224,2.3779
0.83177,3.0306,4.2275,2.383
0.83687,3.028,4.2249,2.3856
0.83687,3.028,4.2249,2.383
0.83687,3.028,4.2224,2.383
0.83942,3.0306,4.2224,2.3907
0.83687,3.0306,4.2224,2.3856
0.83687,3.0306,4.2224,2.3805
0.83687,3.0306,4.2224,2.3856
0.83687,3.0306,4.2224,2.3932
0.84452,3.028,4.2173,2.3779
0.83687,3.0357,4.2224,2.3779
0.83432,3.0306,4.2224,2.3881
0.83432,3.0255,4.2198,2.3932
0.84452,3.0306,4.2147,2.3805
0.82922,3.0357,4.2275,2.3856
0.83687,3.028,4.2224,2.3856
0.84197,3.028,4.2198,2.3856
0.83432,3.0306,4.2224,2.3881
0.83687,3.0306,4.2224,2.3881
0.84452,3.0255,4.2147,2.3932
0.84452,3.0382,4.2147,2.3805
0.83177,3.0306,4.2275,2.3856
0.83687,3.0229,4.2198,2.3932
0.84197,3.028,4.2147,2.3881
0.82922,3.0357,4.2198,2.383
0.82922,3.0306,4.2275,2.3881
0.83687,3.0255,4.2198,2.3932
0.83687,3.0331,4.2173,2.3907
0.84452,3.0382,4.2147,2.3805
0.82922,3.0357,4.2198,2.3805
0.83177,3.028,4.2275,2.3932
0.83687,3.0255,4.2173,2.3932
0.84197,3.0306,4.2147,2.3881
0.83432,3.0382,4.2198,2.3805
0.82922,3.0331,4.2275,2.3907
0.83432,3.0229,4.2198,2.3932
0.84452,3.0382,4.2122,2.3805
0.83687,3.0382,4.2275,2.383
0.82922,3.0255,4.2275,2.3932
0.84197,3.0255,4.2198,2.3881
0.83687,3.0382,4.2198,2.383
0.83177,3.0331,4.2275,2.3881
0.83432,3.0255,4.2198,2.3958
0.84197,3.0306,4.2147,2.3881
0.83687,3.0357,4.2275,2.383
0.82922,3.028,4.2275,2.3881
0.83432,3.0255,4.2198,2.3907
0.84197,3.0306,4.2122,2.3907
0.83687,3.0382,4.2224,2.383
0.82922,3.0306,4.2275,2.3932
0.84197,3.0255,4.2173,2.3881
0.83432,3.0306,4.2173,2.3805
0.83687,3.0306,4.2224,2.3881
0.83687,3.0255,4.2173,2.3932
0.84197,3.0306,4.2147,2.3907
0.83687,3.0382,4.2198,2.3881
0.83687,3.0306,4.2275,2.3881
0.83687,3.0229,4.2224,2.3881
0.83687,3.028,4.2224,2.3881
0.83687,3.0306,4.2224,2.3881
0.83687,3.0306,4.2224,2.3881
0.83687,3.0306,4.2224,2.383
0.84452,3.0357,4.2147,2.3805
0.83177,3.028,4.23,2.3856
0.83687,3.0255,4.2224,2.3932
0.84452,3.0306,4.2147,2.3881
0.84452,3.0357,4.2224,2.3805
0.82922,3.0357,4.2275,2.3881
0.83177,3.0255,4.2275,2.3932
0.84452,3.0229,4.2147,2.3932
0.84452,3.0357,4.2147,2.383
0.82922,3.0382,4.2275,2.3805
0.82922,3.0306,4.2275,2.3881
0.83687,3.0255,4.2224,2.3881
0.84197,3.0306,4.2198,2.3907
0.83687,3.0382,4.2198,2.383
