1.3263,1.1441,2.1654,1.5365
1.3187,1.1467,2.1705,1.5416
1.3187,1.1339,2.1679,1.5492
1.3263,1.1339,2.1526,1.5467
1.3314,1.139,2.1552,1.5416
1.3263,1.1467,2.1577,1.5365
1.3212,1.1492,2.1654,1.5416
1.3212,1.1416,2.1679,1.5467
1.3263,1.1365,2.1577,1.5467
1.3339,1.1416,2.1526,1.5416
1.3212,1.1467,2.1577,1.5365
1.3212,1.1416,2.1654,1.5416
1.3263,1.1365,2.1577,1.5467
1.3314,1.1416,2.1501,1.5365
1.3263,1.1492,2.1552,1.5365
1.3212,1.1441,2.1603,1.5416
1.3263,1.1365,2.1526,1.5467
1.3314,1.1467,2.1475,1.5441
1.3263,1.1518,2.1501,1.5365
1.3263,1.1467,2.1501,1.5416
1.3263,1.1467,2.1475,1.5441
1.3263,1.1467,2.1475,1.5416
1.3314,1.1467,2.1424,1.5416
1.3238,1.1518,2.145,1.5365
1.3187,1.1467,2.1501,1.5416
1.3263,1.1416,2.145,1.5416
1.3314,1.1492,2.1373,1.5416
1.3263,1.1543,2.145,1.539
1.3187,1.1492,2.1501,1.5416
1.3263,1.1416,2.1424,1.5467
1.3314,1.1492,2.1348,1.539
1.3314,1.1543,2.1348,1.5339
1.3212,1.1543,2.1501,1.5365
1.3187,1.1441,2.1475,1.5467
1.3263,1.1416,2.1373,1.5467
1.3314,1.1518,2.1348,1.5365
1.3263,1.1543,2.1424,1.5365
1.3187,1.1492,2.1475,1.5416
1.3263,1.1467,2.1399,1.5492
1.3263,1.1518,2.1399,1.5441
1.3263,1.1492,2.1424,1.5416
1.3263,1.1492,2.1424,1.5416
1.3161,1.1518,2.145,1.5416
1.3238,1.1416,2.1399,1.5467
1.3314,1.1467,2.1322,1.5416
1.3314,1.1518,2.1322,1.5365
1.3238,1.1518,2.1348,1.5365
1.3187,1.1518,2.1424,1.5416
1.3187,1.1467,2.1348,1.5467
1.3314,1.1467,2.1297,1.5492
1.3339,1.1594,2.1271,1.5365
1.3263,1.162,2.1322,1.5339
1.3187,1.1518,2.1424,1.5416
1.3263,1.1518,2.1322,1.5467
1.3263,1.1441,2.1348,1.5467
1.3339,1.1518,2.1271,1.5339
1.3263,1.1594,2.1297,1.5339
1.3238,1.1518,2.1348,1.5416
1.3187,1.1518,2.1373,1.5467
1.3314,1.1492,2.1271,1.5492
1.3314,1.1594,2.1246,1.5441
1.3263,1.1594,2.1297,1.5365
1.3212,1.1543,2.1373,1.5416
1.3161,1.1518,2.1348,1.5416
1.3263,1.1467,2.1322,1.5492
1.3314,1.1518,2.1271,1.539
1.3339,1.1569,2.1297,1.5365
1.3187,1.1569,2.1424,1.5365
1.3187,1.1518,2.1424,1.539
1.3263,1.1441,2.1373,1.5467
1.3263,1.1518,2.1348,1.5416
1.3314,1.1569,2.1297,1.5365
1.3187,1.1594,2.1399,1.5365
1.3187,1.1518,2.1424,1.5467
1.3314,1.1467,2.1322,1.5492
1.3314,1.1569,2.1271,1.5365
1.3161,1.1594,2.1373,1.5339
1.3212,1.1543,2.1399,1.5467
1.3263,1.1492,2.1322,1.5467
1.3339,1.1518,2.1246,1.5416
1.3263,1.1543,2.1297,1.5365
1.3263,1.162,2.1271,1.5416
1.3212,1.1569,2.1348,1.5416
1.3187,1.1492,2.1348,1.5467
1.3314,1.1492,2.1297,1.5467
1.3314,1.1569,2.1195,1.5339
1.3263,1.162,2.1246,1.5339
1.3212,1.1594,2.1297,1.5441
1.3238,1.1518,2.122,1.5467
1.3263,1.1594,2.1195,1.539
1.3263,1.1569,2.122,1.539
1.3263,1.1671,2.122,1.539
1.3187,1.1594,2.1271,1.539
1.3187,1.1543,2.1246,1.5467
1.3263,1.1518,2.1195,1.5467
1.3263,1.162,2.122,1.5416
1.3238,1.1594,2.1169,1.539
1.3263,1.1594,2.1195,1.5365
1.3212,1.1594,2.1246,1.5416
1.3161,1.1543,2.122,1.5467
1.3263,1.1594,2.1169,1.539
1.3314,1.1594,2.1118,1.539
1.3263,1.1671,2.1144,1.5365
1.3187,1.1671,2.122,1.539
1.3187,1.1543,2.1195,1.5467
1.3263,1.1569,2.1169,1.5467
1.3314,1.162,2.1068,1.539
1.3238,1.162,2.1144,1.5365
1.3263,1.162,2.1144,1.539
1.3238,1.162,2.1118,1.5467
1.3238,1.162,2.1144,1.539
1.3314,1.1671,2.1068,1.5339
1.3187,1.1696,2.1169,1.539
1.3161,1.1569,2.1169,1.5467
1.3314,1.1543,2.1042,1.5467
1.3314,1.1671,2.1068,1.5365
1.3187,1.1671,2.1195,1.539
1.3161,1.162,2.1169,1.5467
1.3263,1.1569,2.1118,1.5416
1.3314,1.162,2.1042,1.5365
1.3314,1.1696,2.1042,1.5339
1.3187,1.1722,2.1093,1.5339
1.3187,1.1645,2.1169,1.539
1.3238,1.1569,2.1093,1.5492
1.3289,1.1594,2.1042,1.539
1.3314,1.1696,2.1042,1.5365
1.3161,1.1722,2.1093,1.5339
1.3187,1.1569,2.1169,1.5467
1.3314,1.1594,2.1017,1.5467
1.3314,1.1645,2.1017,1.5339
1.3238,1.1696,2.1093,1.5339
1.3263,1.1645,2.1093,1.539
1.3263,1.1645,2.1169,1.539
1.3212,1.1569,2.1118,1.5467
1.3314,1.1594,2.1042,1.539
1.3289,1.1696,2.1042,1.5339
1.3238,1.1696,2.1093,1.5365
1.3187,1.162,2.1144,1.5467
1.3238,1.1569,2.1118,1.5467
1.3289,1.1722,2.1042,1.5339
1.3263,1.1696,2.1169,1.5339
1.3212,1.1671,2.1169,1.5467
1.3314,1.1594,2.1093,1.5467
1.3314,1.1671,2.1017,1.5339
1.3238,1.1696,2.1093,1.5339
1.3187,1.162,2.1144,1.539
1.3238,1.1594,2.1068,1.5467
1.3314,1.162,2.1017,1.5416
1.3238,1.1722,2.1068,1.5365
1.3187,1.1645,2.1144,1.539
1.3238,1.1645,2.1068,1.5467
1.3238,1.162,2.1068,1.539
1.3238,1.162,2.1068,1.5365
1.3238,1.1645,2.1068,1.5416
1.3161,1.1569,2.1144,1.5467
1.3314,1.1594,2.1017,1.5467
1.3289,1.1722,2.1017,1.5339
1.3238,1.1645,2.1068,1.5416
1.3238,1.162,2.1144,1.5416
1.3238,1.162,2.1068,1.5416
1.3238,1.1671,2.1068,1.5416
1.3161,1.1722,2.1068,1.5339
1.3161,1.1645,2.1144,1.5492
1.3314,1.1569,2.1017,1.5467
1.3314,1.1696,2.0991,1.5365
1.3187,1.1722,2.1118,1.5416
1.3238,1.1569,2.1068,1.539
1.3238,1.162,2.1068,1.5441
1.3263,1.162,2.1068,1.5416
1.3238,1.1645,2.1093,1.5416
1.3238,1.1645,2.1068,1.5416
1.3238,1.1671,2.1068,1.5339
1.3238,1.1645,2.1093,1.5416
1.3238,1.1671,2.1068,1.5467
1.3238,1.1645,2.1068,1.5416
1.3238,1.1645,2.1068,1.5416
1.3263,1.1645,2.1068,1.539
1.3187,1.1645,2.1144,1.5416
1.3161,1.1569,2.1144,1.5467
1.3314,1.1594,2.1017,1.5467
1.3289,1.1645,2.1017,1.5416
1.3238,1.1722,2.1068,1.5365
1.3187,1.1645,2.1093,1.539
1.3212,1.1594,2.1042,1.5467
1.3238,1.1671,2.1042,1.539
1.3238,1.1671,2.1017,1.5365
1.3238,1.1645,2.1093,1.5467
1.3238,1.1594,2.1042,1.5467
1.3263,1.1671,2.1042,1.539
1.3238,1.1671,2.1068,1.5339
1.3238,1.1645,2.1042,1.539
1.3161,1.1671,2.1042,1.539
1.3238,1.162,2.1068,1.539
1.3289,1.1645,2.0991,1.539
1.3238,1.1696,2.1042,1.539
1.3161,1.1645,2.1118,1.539
1.3187,1.1569,2.1144,1.5467
1.3238,1.1594,2.0991,1.5467
1.3314,1.162,2.1017,1.5339
1.3238,1.1696,2.1068,1.5365
1.3187,1.162,2.1144,1.5416
1.3238,1.162,2.1093,1.5467
1.3238,1.162,2.1093,1.539
1.3314,1.162,2.1042,1.539
1.3238,1.1696,2.1093,1.5339
1.3161,1.162,2.1169,1.539
1.3263,1.1569,2.1118,1.5467
1.3314,1.1543,2.1068,1.5416
1.3314,1.1696,2.1042,1.5365
1.3212,1.1696,2.1118,1.5365
1.3187,1.162,2.1169,1.5416
1.3314,1.1569,2.1118,1.5467
1.3314,1.162,2.1068,1.5416
1.3263,1.1696,2.1118,1.5339
1.3187,1.162,2.1195,1.539
1.3238,1.1543,2.1144,1.5492
1.3314,1.1594,2.1093,1.5339
1.3263,1.1671,2.1144,1.5339
1.3187,1.1594,2.122,1.5416
1.3263,1.1543,2.1169,1.5492
1.3314,1.1594,2.1093,1.5416
1.3238,1.1594,2.1169,1.5365
1.3238,1.1594,2.1144,1.5416
1.3238,1.1594,2.1169,1.5467
1.3238,1.1518,2.1068,1.5492
1.3238,1.162,2.1144,1.5441
1.3263,1.1594,2.1144,1.5416
1.3263,1.1594,2.1169,1.5467
1.3263,1.1594,2.1169,1.5441
1.3238,1.1594,2.1169,1.5365
1.3238,1.1594,2.1169,1.539
1.3187,1.1594,2.1169,1.5416
1.3263,1.1543,2.1169,1.539
1.3339,1.1594,2.1195,1.5416
1.3263,1.1671,2.1195,1.5365
1.3161,1.1594,2.1246,1.5492
1.3263,1.1518,2.1195,1.5467
1.3314,1.1594,2.1144,1.5416
1.3238,1.1594,2.122,1.5339
1.3187,1.1594,2.1271,1.5441
1.3263,1.1543,2.122,1.5416
1.3314,1.1594,2.1144,1.5416
1.3289,1.162,2.1118,1.5365
1.3161,1.1645,2.1271,1.5365
1.3187,1.1594,2.1271,1.5416
1.3212,1.1518,2.1271,1.5492
1.3289,1.1518,2.1144,1.5492
1.3314,1.1645,2.1144,1.539
1.3238,1.1671,2.1195,1.5365
1.3263,1.1594,2.122,1.5416
1.3212,1.1594,2.122,1.5416
1.3238,1.1518,2.122,1.5467
1.3314,1.1569,2.1169,1.5416
1.3263,1.1594,2.122,1.5416
1.3263,1.1569,2.122,1.5339
1.3187,1.1569,2.1271,1.5416
1.3212,1.1518,2.1297,1.5467
1.3314,1.1518,2.122,1.5416
1.3212,1.1543,2.1169,1.539
1.3263,1.1645,2.1246,1.5441
1.3263,1.1543,2.1297,1.539
1.3263,1.1492,2.1271,1.5467
1.3314,1.1518,2.1195,1.5416
1.3339,1.1569,2.122,1.5339
1.3263,1.162,2.1271,1.5339
1.3187,1.1594,2.1348,1.5416
1.3212,1.1492,2.1348,1.5467
1.3314,1.1492,2.122,1.5492
1.3314,1.1543,2.122,1.5416
1.3238,1.1594,2.1297,1.5365
1.3187,1.1543,2.1348,1.5416
1.3212,1.1492,2.1348,1.5492
1.3238,1.1518,2.1297,1.5441
1.3238,1.1543,2.1271,1.5365
1.3238,1.1518,2.1271,1.5416
1.3263,1.1543,2.1297,1.5467
1.3238,1.1467,2.122,1.539
1.3314,1.162,2.1246,1.5365
1.3187,1.162,2.1348,1.5365
1.3187,1.1492,2.1373,1.5467
1.3314,1.1492,2.1246,1.5441
1.3314,1.1594,2.1246,1.5365
1.3212,1.162,2.1271,1.5365
1.3187,1.1543,2.1373,1.5467
1.3263,1.1518,2.1297,1.5492
1.3289,1.1518,2.1297,1.5416
1.3314,1.1543,2.1246,1.5416
1.3263,1.162,2.1297,1.5365
1.3212,1.162,2.1348,1.5365
1.3161,1.1569,2.1373,1.5416
1.3263,1.1492,2.1297,1.5467
1.3263,1.1569,2.1297,1.5416
1.3238,1.1543,2.1297,1.5416
1.3263,1.162,2.1322,1.5365
1.3187,1.162,2.1348,1.5441
1.3187,1.1543,2.1297,1.5416
1.3263,1.1492,2.1322,1.539
1.3314,1.1543,2.1246,1.539
1.3263,1.162,2.1271,1.5416
1.3187,1.1543,2.1348,1.5416
1.3187,1.1492,2.1348,1.5467
1.3263,1.1543,2.1271,1.5441
1.3263,1.1543,2.1246,1.5339
1.3263,1.1594,2.1297,1.5365
1.3263,1.1543,2.1297,1.5416
1.3238,1.1543,2.1373,1.539
1.3263,1.1492,2.1297,1.5467
1.3339,1.1518,2.1271,1.5416
1.3263,1.1518,2.1297,1.5365
1.3263,1.1543,2.1322,1.539
1.3212,1.1569,2.1373,1.5416
1.3263,1.1467,2.1297,1.5467
1.3339,1.1492,2.1271,1.5416
1.3339,1.1594,2.1271,1.5365
1.3238,1.1594,2.1348,1.5365
1.3187,1.1518,2.1424,1.5467
1.3314,1.1467,2.1348,1.5467
1.3339,1.1594,2.1271,1.5339
1.3263,1.1594,2.1399,1.5365
1.3212,1.1492,2.1399,1.5467
1.3314,1.1467,2.1271,1.5492
1.3339,1.1594,2.1271,1.5339
1.3187,1.1594,2.1373,1.5365
1.3187,1.1518,2.1399,1.5467
1.3263,1.1467,2.1297,1.5467
1.3238,1.1543,2.1348,1.5441
1.3238,1.1518,2.1322,1.5416
1.3238,1.1594,2.1322,1.5416
1.3187,1.1543,2.1373,1.5416
1.3263,1.1467,2.1322,1.5467
1.3314,1.1518,2.1246,1.5416
1.3263,1.1518,2.1297,1.5365
1.3263,1.1594,2.1297,1.539
1.3187,1.1543,2.1373,1.539
1.3187,1.1492,2.1348,1.5467
1.3314,1.1492,2.1246,1.539
1.3339,1.1543,2.1246,1.5339
1.3238,1.162,2.1271,1.5365
1.3212,1.1492,2.1348,1.5492
1.3263,1.1492,2.1271,1.5467
1.3339,1.1569,2.122,1.5365
1.3263,1.162,2.1348,1.5339
1.3187,1.1569,2.1322,1.5492
1.3339,1.1492,2.1271,1.5467
1.3314,1.1518,2.1246,1.539
1.3238,1.162,2.1271,1.5339
1.3263,1.1569,2.1271,1.539
1.3263,1.1569,2.1271,1.5416
1.3263,1.1569,2.1271,1.5416
1.3314,1.1543,2.122,1.5416
1.3314,1.162,2.122,1.5365
1.3238,1.1594,2.1348,1.5365
1.3263,1.1543,2.1322,1.539
1.3263,1.1569,2.1297,1.539
1.3238,1.1492,2.1271,1.539
1.3263,1.1543,2.1297,1.539
1.3314,1.1543,2.1297,1.5416
1.3263,1.1594,2.1322,1.5339
1.3212,1.162,2.1373,1.5416
1.3212,1.1543,2.1399,1.5467
1.3339,1.1467,2.1322,1.5492
1.3339,1.1518,2.1297,1.539
1.3289,1.1594,2.1348,1.5365
1.3263,1.1518,2.1373,1.539
1.3212,1.1518,2.1475,1.5416
1.3263,1.1441,2.1399,1.5467
1.3314,1.1518,2.1348,1.539
1.3289,1.1492,2.145,1.5416
1.3263,1.1518,2.145,1.539
1.3187,1.1492,2.1526,1.539
1.3263,1.1492,2.145,1.5416
1.3263,1.1492,2.1475,1.5416
1.3263,1.1467,2.1424,1.539
1.3263,1.1518,2.1475,1.539
1.3187,1.1467,2.1552,1.5416
1.3289,1.1441,2.1475,1.5467
1.3339,1.1492,2.145,1.5416
1.3339,1.1543,2.1424,1.5365
1.3263,1.1543,2.1526,1.5365
1.3187,1.1492,2.1526,1.539
1.3263,1.1416,2.145,1.5467
1.3339,1.1467,2.1399,1.539
1.3263,1.1543,2.1475,1.5365
1.3263,1.1467,2.145,1.5416
1.3212,1.1492,2.1552,1.5416
1.3263,1.1416,2.1475,1.539
1.3339,1.1492,2.1399,1.539
1.3339,1.1518,2.1399,1.5365
1.3212,1.1518,2.1526,1.5339
1.3187,1.1492,2.1526,1.5467
1.3263,1.1416,2.1399,1.5467
1.3339,1.1492,2.1424,1.5416
1.3263,1.1543,2.1475,1.5365
1.3212,1.1492,2.1501,1.5416
1.3212,1.1416,2.1526,1.5467
1.3339,1.1416,2.1399,1.5492
1.3314,1.1467,2.145,1.5416
1.3289,1.1543,2.1475,1.539
1.3187,1.1492,2.1501,1.539
1.3187,1.1441,2.1501,1.5467
1.3339,1.1416,2.1373,1.5467
1.3339,1.1543,2.1373,1.5339
1.3289,1.1569,2.145,1.5365
1.3289,1.1492,2.1424,1.539
1.3263,1.1518,2.1424,1.539
1.3289,1.1416,2.1399,1.5467
1.3339,1.1467,2.1322,1.539
1.3339,1.1569,2.1348,1.5365
1.3263,1.1569,2.1373,1.5339
1.3187,1.1518,2.1424,1.5416
1.3187,1.1518,2.145,1.5416
1.3263,1.1467,2.1373,1.5467
1.3314,1.1467,2.1373,1.5416
1.3263,1.1543,2.1271,1.539
1.3263,1.162,2.1322,1.5416
1.3187,1.1543,2.1399,1.5416
1.3212,1.1492,2.1373,1.5467
1.3238,1.1492,2.1322,1.5467
1.3314,1.1518,2.1246,1.539
1.3314,1.1569,2.1271,1.5416
1.3238,1.1594,2.1271,1.5339
1.3212,1.1569,2.1348,1.5416
1.3187,1.1569,2.1348,1.5467
1.3238,1.1518,2.1271,1.5467
1.3314,1.1543,2.1195,1.5339
1.3263,1.162,2.1271,1.5365
1.3187,1.1594,2.1322,1.539
1.3238,1.1518,2.1271,1.5467
1.3314,1.1569,2.1195,1.539
1.3339,1.1645,2.1169,1.5339
1.3187,1.1671,2.1297,1.539
1.3187,1.1518,2.1297,1.5467
1.3238,1.1518,2.1246,1.5467
1.3314,1.1645,2.1195,1.5339
1.3263,1.1645,2.1297,1.5365
1.3187,1.1594,2.1297,1.5492
1.3238,1.1518,2.1246,1.5467
1.3314,1.1569,2.1144,1.539
1.3263,1.1594,2.1195,1.5339
1.3238,1.1671,2.1195,1.539
1.3187,1.162,2.1246,1.539
1.3187,1.1518,2.1271,1.5467
1.3339,1.1543,2.1093,1.5467
1.3314,1.1696,2.1093,1.5416
1.3263,1.1696,2.1144,1.5365
1.3238,1.162,2.1169,1.539
1.3263,1.162,2.1169,1.539
1.3238,1.1594,2.1144,1.5416
1.3289,1.1645,2.1068,1.5416
1.3314,1.1696,2.1068,1.5339
1.3187,1.1722,2.1118,1.5339
1.3187,1.1645,2.1195,1.5467
1.3238,1.1645,2.1118,1.5467
1.3263,1.1645,2.1118,1.5416
1.3314,1.1645,2.1042,1.539
1.3238,1.1696,2.1118,1.5339
1.3187,1.1696,2.1169,1.539
1.3161,1.1594,2.1169,1.5467
1.3314,1.1569,2.1042,1.5467
1.3314,1.162,2.1042,1.5365
1.3263,1.1696,2.1118,1.5339
1.3263,1.162,2.1093,1.539
1.3238,1.1645,2.1093,1.5416
1.3238,1.1645,2.1093,1.539
1.3314,1.1645,2.1017,1.539
1.3238,1.1722,2.1068,1.5339
1.3161,1.1671,2.1169,1.5416
1.3238,1.1594,2.1093,1.5467
1.3212,1.1594,2.1017,1.539
1.3289,1.1696,2.1017,1.5339
1.3161,1.1696,2.1144,1.5339
1.3187,1.1594,2.1169,1.5467
1.3238,1.1569,2.1093,1.5467
1.3314,1.1671,2.1042,1.5365
1.3238,1.1645,2.1068,1.5339
1.3263,1.1645,2.1068,1.5416
1.3187,1.1645,2.1169,1.539
1.3238,1.1594,2.1093,1.5467
1.3314,1.1671,2.1042,1.539
1.3314,1.1696,2.1042,1.5339
1.3187,1.1696,2.1169,1.5339
1.3161,1.1645,2.1169,1.539
1.3238,1.1594,2.1093,1.539
1.3314,1.162,2.1017,1.539
1.3314,1.1722,2.1042,1.5365
1.3212,1.1722,2.1169,1.5339
1.3238,1.1645,2.1093,1.5467
1.3238,1.1645,2.1093,1.539
1.3238,1.1722,2.1093,1.5365
1.3187,1.1645,2.1169,1.5467
1.3238,1.1594,2.1068,1.5467
1.3314,1.162,2.1042,1.539
1.3238,1.1696,2.1093,1.5339
1.3238,1.162,2.1118,1.539
1.3263,1.1645,2.1118,1.5467
1.3238,1.162,2.1093,1.5416
1.3238,1.162,2.1042,1.5339
1.3187,1.1696,2.1195,1.5339
1.3187,1.1569,2.1169,1.5467
1.3314,1.1569,2.1144,1.5467
