0.75275,1.5953,2.5401,1.641
0.75785,1.5953,2.535,1.6487
0.7553,1.5902,2.535,1.641
0.76295,1.5953,2.5299,1.6385
0.7553,1.6004,2.535,1.6334
0.7502,1.6004,2.5426,1.6359
0.75275,1.5928,2.5452,1.6487
0.75785,1.5877,2.5299,1.6487
0.7604,1.5877,2.5375,1.641
0.76295,1.5928,2.5375,1.6385
0.7553,1.6004,2.5375,1.6334
0.7502,1.5902,2.5452,1.641
0.75275,1.5877,2.5452,1.6461
0.76295,1.5877,2.5324,1.6461
0.76295,1.5953,2.5324,1.6385
0.7553,1.5928,2.5401,1.6334
0.7553,1.6004,2.5401,1.6334
0.7502,1.5902,2.5452,1.6385
0.75275,1.5851,2.5477,1.6461
0.75785,1.5877,2.5401,1.6461
0.7553,1.5928,2.5401,1.6385
0.76295,1.5928,2.5324,1.641
0.75785,1.6004,2.5401,1.6334
0.7502,1.5902,2.5452,1.641
0.7502,1.5877,2.5452,1.6461
0.76295,1.5877,2.535,1.6385
0.7553,1.5953,2.5375,1.6385
0.7553,1.5979,2.5401,1.6385
0.7502,1.5928,2.5477,1.6385
0.7502,1.5826,2.5477,1.6461
0.7553,1.5902,2.5426,1.641
0.76295,1.5928,2.5426,1.6385
0.75785,1.6004,2.5426,1.6359
0.7502,1.5979,2.5503,1.6359
0.7502,1.5902,2.5503,1.6461
0.7553,1.5851,2.5426,1.6487
0.7655,1.5851,2.535,1.6461
0.76295,1.5902,2.5375,1.6334
0.7553,1.5902,2.5401,1.6359
0.75785,1.5902,2.5401,1.641
0.75275,1.5902,2.5503,1.641
0.7553,1.5902,2.5503,1.6487
0.75785,1.5851,2.5426,1.6461
0.76295,1.5902,2.535,1.641
0.7553,1.5902,2.5426,1.6334
0.7553,1.5902,2.5426,1.641
0.7502,1.5902,2.5477,1.6385
0.7553,1.5928,2.5426,1.6461
0.75785,1.5902,2.5426,1.641
0.76295,1.5902,2.535,1.6385
0.76295,1.5979,2.5426,1.6359
0.7502,1.5979,2.5477,1.6436
0.7502,1.5851,2.5452,1.6487
0.76295,1.5851,2.5375,1.6487
0.7655,1.5928,2.5324,1.6359
0.7553,1.6004,2.5375,1.6359
0.7553,1.5902,2.5375,1.641
0.7553,1.5902,2.5401,1.641
0.7553,1.5877,2.5375,1.6487
0.76295,1.5928,2.5299,1.641
0.7553,1.5953,2.535,1.6359
0.7553,1.5953,2.535,1.641
0.7502,1.5953,2.5426,1.641
0.74765,1.5902,2.5426,1.6385
0.7553,1.5902,2.535,1.641
0.76295,1.5928,2.5299,1.641
0.7553,1.5928,2.535,1.641
0.75785,1.5953,2.535,1.641
0.7502,1.6004,2.5426,1.641
0.7553,1.5928,2.535,1.6385
0.75785,1.5953,2.535,1.641
0.76295,1.5953,2.5324,1.641
0.7553,1.6004,2.535,1.6334
0.7502,1.6004,2.535,1.6436
0.7553,1.5953,2.5324,1.6461
0.7553,1.5953,2.5324,1.6385
0.75785,1.5953,2.5299,1.6436
0.7553,1.5979,2.5299,1.641
0.7553,1.5979,2.5299,1.6487
0.7553,1.5953,2.5299,1.641
0.7604,1.6004,2.5197,1.6334
0.74765,1.603,2.5324,1.641
0.75275,1.5902,2.5324,1.6487
0.7553,1.5928,2.5299,1.6461
0.76295,1.5979,2.5197,1.6359
0.74765,1.6055,2.5248,1.6359
0.7502,1.6004,2.5324,1.641
0.7553,1.5928,2.5248,1.6461
0.7553,1.5979,2.5248,1.641
0.7553,1.6004,2.5222,1.6359
0.7553,1.6004,2.5222,1.6385
0.74765,1.6004,2.5197,1.641
0.7553,1.5953,2.5222,1.6461
0.7553,1.6004,2.5146,1.641
0.7553,1.5979,2.5197,1.641
0.7553,1.6004,2.5171,1.641
0.74765,1.6004,2.5248,1.6436
0.75275,1.5953,2.5146,1.6461
0.7604,1.5979,2.5069,1.641
0.7604,1.6081,2.5069,1.6334
0.7553,1.6081,2.5171,1.6334
0.7502,1.6004,2.5171,1.6385
0.7553,1.603,2.512,1.641
0.75275,1.6055,2.512,1.641
0.7553,1.6055,2.5095,1.6385
0.74765,1.6055,2.512,1.6385
0.7553,1.6004,2.5095,1.641
0.7553,1.6055,2.5044,1.641
0.7553,1.6132,2.5095,1.641
0.74765,1.6055,2.5146,1.6385
0.7553,1.6004,2.5095,1.6487
0.7553,1.6055,2.5095,1.6385
0.75275,1.6132,2.5095,1.6334
0.7502,1.6055,2.5146,1.6385
0.7502,1.6004,2.5146,1.6461
0.7604,1.6004,2.5044,1.641
0.7604,1.6106,2.5018,1.6334
0.74765,1.6157,2.5146,1.6385
0.74765,1.6004,2.512,1.6487
0.7604,1.6004,2.4993,1.6487
0.7604,1.6132,2.4993,1.6334
0.7451,1.6157,2.5146,1.641
0.74765,1.6004,2.512,1.6461
0.76295,1.603,2.4993,1.6461
0.7604,1.6132,2.4993,1.6359
0.74765,1.6106,2.512,1.6334
0.74765,1.6081,2.512,1.6461
0.7553,1.6004,2.5069,1.6487
0.7604,1.6055,2.4993,1.6359
0.7553,1.6157,2.5069,1.641
0.74765,1.6132,2.512,1.641
0.7502,1.6004,2.5146,1.6487
0.7553,1.6004,2.5095,1.6461
0.7604,1.6055,2.5018,1.641
0.7553,1.6081,2.5069,1.6359
0.7553,1.6157,2.5095,1.641
0.74765,1.6055,2.512,1.641
0.74765,1.6004,2.5146,1.6461
0.7553,1.5979,2.5069,1.6487
0.7604,1.6055,2.5018,1.6436
0.7604,1.6106,2.5018,1.6385
0.7553,1.6132,2.5044,1.6385
0.74765,1.6081,2.512,1.6385
0.75275,1.6004,2.5044,1.6461
0.7604,1.6004,2.4993,1.6461
0.7604,1.6081,2.4993,1.6359
0.7553,1.6157,2.5044,1.6359
0.75275,1.6081,2.5044,1.6385
0.74765,1.6081,2.5044,1.6385
0.7553,1.603,2.5069,1.6461
0.7553,1.6055,2.5069,1.641
0.7604,1.6081,2.4993,1.641
0.7553,1.6106,2.5044,1.6359
0.7553,1.6081,2.5069,1.6385
0.74765,1.6081,2.512,1.641
0.7553,1.6004,2.5069,1.6487
0.76295,1.6004,2.5018,1.641
0.76295,1.6132,2.5018,1.6359
0.7553,1.6157,2.5044,1.6359
0.74765,1.6081,2.5146,1.6461
0.7604,1.6004,2.5018,1.6461
0.7604,1.6055,2.4993,1.641
0.75275,1.6132,2.5044,1.6359
0.7502,1.6081,2.512,1.641
0.74765,1.6004,2.512,1.6461
0.7604,1.6004,2.4993,1.6385
0.76295,1.6055,2.5044,1.6359
0.75275,1.6081,2.5069,1.641
0.7553,1.6081,2.5069,1.6436
0.7553,1.6004,2.5069,1.6487
0.7604,1.6055,2.5018,1.6385
0.7604,1.6106,2.5044,1.6359
0.75275,1.6132,2.5095,1.641
0.74765,1.6055,2.5146,1.641
0.7553,1.6004,2.5095,1.6385
0.7604,1.6004,2.5044,1.6487
0.7604,1.603,2.5069,1.6359
0.7553,1.6106,2.512,1.6359
0.7553,1.603,2.512,1.641
0.7553,1.603,2.5146,1.641
0.7553,1.603,2.5146,1.6436
0.7604,1.603,2.5095,1.641
0.7553,1.6081,2.5146,1.6359
0.74765,1.6081,2.5248,1.641
0.74765,1.6004,2.5146,1.641
0.75275,1.5953,2.5171,1.641
0.76295,1.6004,2.512,1.641
0.76295,1.6106,2.512,1.6359
0.7553,1.6055,2.5197,1.6359
0.74765,1.6004,2.5299,1.6385
0.7553,1.6004,2.5222,1.641
0.7553,1.6004,2.5222,1.6487
0.7604,1.6004,2.5171,1.641
0.7553,1.6055,2.5222,1.641
0.7502,1.6004,2.5299,1.641
0.7502,1.5928,2.5299,1.6487
0.7553,1.5953,2.5222,1.6385
0.7604,1.6004,2.5146,1.641
0.7604,1.6081,2.512,1.6359
0.7553,1.6106,2.5222,1.6359
0.74765,1.5953,2.5248,1.641
0.7553,1.6004,2.5146,1.6461
0.7553,1.5979,2.5146,1.6487
0.7604,1.6106,2.5069,1.6334
0.75275,1.6106,2.512,1.6334
0.7553,1.6055,2.512,1.6385
0.74765,1.6055,2.512,1.6385
0.7553,1.6004,2.5146,1.641
0.7604,1.603,2.5044,1.641
0.75275,1.6106,2.5095,1.6359
0.7553,1.6055,2.512,1.641
0.75275,1.6055,2.5095,1.641
0.75275,1.5979,2.5044,1.6461
0.76295,1.603,2.5044,1.641
0.7553,1.6055,2.5095,1.6359
0.7553,1.603,2.512,1.641
0.74765,1.603,2.5171,1.641
0.7553,1.6004,2.512,1.6487
0.7604,1.5979,2.5044,1.641
0.76295,1.6055,2.5044,1.6359
0.74765,1.6106,2.5095,1.6359
0.74765,1.6055,2.5146,1.6436
0.7553,1.6004,2.512,1.6461
0.7604,1.603,2.5044,1.6359
0.7553,1.6081,2.5095,1.6359
0.7553,1.6055,2.5095,1.6385
0.7553,1.6055,2.5069,1.6461
0.7553,1.6081,2.5069,1.641
0.76295,1.6081,2.4993,1.6385
0.75275,1.6157,2.5044,1.6359
0.74765,1.6081,2.5095,1.6461
0.75275,1.6055,2.5018,1.641
0.7604,1.6106,2.4942,1.6385
0.75275,1.6208,2.4967,1.6359
0.74765,1.6106,2.5044,1.6385
0.75275,1.6055,2.4942,1.6436
0.7604,1.6106,2.4891,1.6385
0.7553,1.6157,2.4942,1.6359
0.74765,1.6106,2.5044,1.6385
0.74765,1.6055,2.5044,1.6461
0.7553,1.6106,2.4967,1.6385
0.75275,1.6106,2.4967,1.6385
0.7553,1.6106,2.4967,1.6385
0.7553,1.6132,2.5044,1.6385
0.75275,1.603,2.4993,1.6385
0.7604,1.6106,2.4993,1.6385
0.7553,1.6106,2.4967,1.641
0.7451,1.6132,2.5044,1.641
0.7553,1.603,2.4993,1.6385
0.7604,1.6106,2.4942,1.6385
0.75275,1.6157,2.4993,1.6334
0.74765,1.6157,2.5095,1.6385
0.74765,1.603,2.5095,1.6461
0.7553,1.603,2.5018,1.6487
0.7604,1.6081,2.4967,1.6385
0.75275,1.6157,2.5018,1.6359
0.74765,1.6157,2.5044,1.641
0.74765,1.6106,2.5018,1.6487
0.7553,1.6106,2.5018,1.641
0.7553,1.6055,2.5018,1.641
0.7553,1.6081,2.5044,1.6385
0.7553,1.6081,2.5095,1.6487
0.7553,1.6004,2.4967,1.6461
0.7604,1.6132,2.4993,1.6334
0.74765,1.6132,2.5044,1.6359
0.74765,1.6055,2.5146,1.6461
0.7553,1.6004,2.5069,1.6487
0.7604,1.6055,2.5044,1.6334
0.7553,1.6055,2.5069,1.6359
0.75785,1.603,2.512,1.641
0.75275,1.6055,2.5146,1.641
0.7553,1.5979,2.512,1.6487
0.7604,1.6055,2.5044,1.641
0.75275,1.6106,2.5095,1.6359
0.7502,1.6055,2.5197,1.641
0.7553,1.603,2.512,1.6487
0.75275,1.6055,2.512,1.641
0.7553,1.603,2.512,1.641
0.7553,1.603,2.5171,1.641
0.7553,1.6004,2.512,1.6487
0.7604,1.603,2.5069,1.641
0.7604,1.6081,2.512,1.6359
0.74765,1.6106,2.5171,1.641
0.74765,1.5979,2.5197,1.6461
0.76295,1.6004,2.5146,1.641
0.7604,1.6055,2.5095,1.641
0.75785,1.6106,2.5146,1.6334
0.7553,1.6055,2.5146,1.641
0.74765,1.5979,2.5197,1.6487
0.7604,1.5979,2.512,1.6487
0.76295,1.6106,2.5095,1.6359
0.7553,1.6106,2.5197,1.6359
0.74765,1.603,2.5197,1.6487
0.7553,1.6004,2.5146,1.6461
0.7604,1.603,2.5095,1.6334
0.7553,1.6106,2.5146,1.6334
0.7502,1.603,2.5222,1.6385
0.7553,1.6004,2.5171,1.6461
0.75275,1.603,2.5171,1.641
0.7553,1.603,2.5146,1.641
0.7553,1.6106,2.5146,1.6385
0.7553,1.603,2.5222,1.641
0.7553,1.6004,2.512,1.6436
0.76295,1.603,2.5095,1.641
0.7553,1.6081,2.5146,1.641
0.7502,1.6055,2.5197,1.6436
0.7553,1.6004,2.5146,1.6487
0.7604,1.603,2.5069,1.641
0.7604,1.6106,2.5069,1.6359
0.7502,1.6132,2.5197,1.6359
0.74765,1.6004,2.5197,1.6487
0.76295,1.6004,2.5069,1.641
0.7604,1.6106,2.5044,1.6359
0.7553,1.6106,2.5171,1.6359
0.7451,1.603,2.5171,1.6487
0.75275,1.6004,2.512,1.6487
0.7604,1.603,2.5044,1.6385
0.75275,1.6106,2.512,1.6334
0.7553,1.603,2.5197,1.641
0.75275,1.6081,2.512,1.6461
0.75275,1.6055,2.512,1.641
0.7604,1.6055,2.512,1.6385
0.75275,1.6106,2.5095,1.6359
0.7502,1.6106,2.5146,1.641
0.7451,1.603,2.5222,1.641
0.7553,1.5979,2.5146,1.6461
0.75275,1.603,2.5146,1.641
0.7604,1.603,2.5095,1.6385
0.75275,1.6081,2.5146,1.6359
0.7502,1.603,2.5222,1.6385
0.74765,1.5979,2.5248,1.6487
0.76295,1.5953,2.5095,1.641
0.76295,1.6081,2.512,1.6359
0.7553,1.6106,2.5248,1.6359
0.7502,1.603,2.5248,1.6461
0.7553,1.5953,2.5197,1.6487
0.75275,1.603,2.5171,1.641
0.7553,1.603,2.512,1.641
0.7553,1.6106,2.5197,1.641
0.74765,1.6004,2.5248,1.6385
0.7502,1.6004,2.5197,1.6487
0.7553,1.5953,2.5197,1.641
0.76295,1.6004,2.5146,1.641
0.7553,1.6081,2.5222,1.6385
0.74765,1.6004,2.5273,1.641
0.7502,1.5953,2.5248,1.6461
0.7604,1.5953,2.5146,1.6487
0.76295,1.6004,2.5146,1.6334
0.75275,1.6004,2.5197,1.6436
0.7502,1.6004,2.5248,1.641
0.75785,1.5953,2.5197,1.6461
0.7604,1.603,2.512,1.641
0.7553,1.6081,2.5146,1.6359
0.7502,1.6106,2.5248,1.641
0.74765,1.6004,2.5222,1.6461
0.7553,1.5979,2.512,1.6461
0.7604,1.603,2.512,1.6359
0.7553,1.6106,2.5146,1.6385
0.74765,1.603,2.5197,1.641
0.7553,1.6004,2.5146,1.6487
0.76295,1.6055,2.5095,1.641
0.7553,1.6106,2.5146,1.6359
0.74765,1.6106,2.5197,1.6385
0.7553,1.6055,2.5146,1.641
0.7553,1.6055,2.5146,1.641
0.76295,1.603,2.5069,1.641
0.7604,1.6132,2.5044,1.6359
0.7553,1.6106,2.5171,1.6359
0.74765,1.6004,2.5146,1.6487
0.7604,1.6004,2.5095,1.6461
0.76295,1.6081,2.5018,1.6334
0.7553,1.6132,2.5069,1.6359
0.74765,1.6132,2.512,1.641
0.74765,1.6004,2.5146,1.6461
0.7553,1.6004,2.4993,1.6461
0.7604,1.6055,2.4993,1.6359
0.7553,1.6081,2.5044,1.6359
0.75275,1.6081,2.5044,1.641
0.7502,1.6081,2.512,1.6385
0.74765,1.6004,2.5095,1.6487
0.75275,1.603,2.4993,1.6461
0.7604,1.6081,2.4993,1.6334
0.7553,1.6157,2.5044,1.6359
0.7553,1.6132,2.5044,1.641
0.7553,1.6081,2.5044,1.6385
0.75275,1.603,2.5044,1.641
0.7604,1.6055,2.4993,1.641
0.7604,1.6157,2.4993,1.6359
0.75275,1.6157,2.5095,1.6334
0.74765,1.6081,2.5095,1.6385
0.7553,1.6081,2.5044,1.6487
0.7553,1.603,2.5018,1.6487
0.76295,1.6106,2.4967,1.6385
0.75275,1.6106,2.5018,1.641
0.7553,1.6106,2.5044,1.641
0.74765,1.6081,2.512,1.641
0.74765,1.603,2.512,1.6461
0.7604,1.6004,2.5044,1.6385
0.76295,1.6081,2.4993,1.641
0.75275,1.6106,2.5095,1.6359
0.74765,1.603,2.5146,1.641
0.7553,1.6004,2.512,1.6461
0.76295,1.6055,2.5044,1.6385
0.7604,1.6106,2.5044,1.6334
0.74765,1.6106,2.5171,1.641
0.74765,1.6004,2.5197,1.6487
0.7604,1.6004,2.5146,1.6436
0.7553,1.603,2.5069,1.641
0.7553,1.603,2.5146,1.6385
0.74765,1.603,2.5222,1.641
0.7553,1.5979,2.5171,1.6461
0.7604,1.5979,2.512,1.641
0.7604,1.6081,2.5146,1.6359
0.75275,1.6081,2.5197,1.6359
0.7553,1.603,2.5248,1.641
0.7553,1.603,2.5197,1.641
0.7553,1.6004,2.5197,1.641
0.7604,1.5979,2.5146,1.641
0.76295,1.6004,2.5171,1.6359
0.7553,1.6081,2.5197,1.6359
0.7553,1.6004,2.5197,1.641
0.7553,1.6004,2.5222,1.6487
0.7553,1.5979,2.5222,1.641
0.76295,1.6004,2.5171,1.641
0.7604,1.6055,2.5146,1.6359
0.7553,1.6055,2.5248,1.6359
0.7553,1.6004,2.5299,1.6385
0.7502,1.6004,2.5248,1.641
0.7553,1.5953,2.5248,1.6385
0.76295,1.5953,2.5171,1.641
0.7604,1.6004,2.5197,1.6359
0.75785,1.5979,2.5248,1.6359
0.7553,1.6055,2.5248,1.641
0.74765,1.6004,2.5324,1.6385
0.7502,1.5928,2.535,1.6436
0.76295,1.5928,2.5197,1.6487
0.76295,1.5979,2.5248,1.6359
0.7553,1.6055,2.5299,1.6334
0.7502,1.5979,2.5401,1.641
0.7553,1.6004,2.5324,1.6487
0.75785,1.5979,2.535,1.641
0.76295,1.5979,2.5299,1.6385
0.7553,1.6004,2.535,1.6334
0.7553,1.5953,2.5426,1.6385
0.7502,1.5877,2.5452,1.6461
0.76295,1.5877,2.5324,1.6487
0.76295,1.6004,2.5324,1.6359
0.7502,1.5979,2.5452,1.641
0.7553,1.5877,2.5401,1.6461
0.7604,1.5953,2.535,1.641
0.76295,1.6004,2.535,1.6359
0.7502,1.6004,2.5503,1.6359
0.75275,1.5953,2.5477,1.641
0.75785,1.5877,2.5452,1.6461
0.7553,1.5928,2.5375,1.6385
0.75785,1.5928,2.5452,1.6359
0.7604,1.5979,2.5452,1.641
0.75275,1.5902,2.5554,1.6385
0.7553,1.5851,2.5477,1.6487
0.75785,1.5902,2.5401,1.641
0.7604,1.5902,2.5503,1.641
0.75785,1.5902,2.5503,1.6487
0.75785,1.5877,2.5503,1.6385
0.7553,1.5902,2.5528,1.6385
0.75785,1.5902,2.5528,1.6385
0.7553,1.5902,2.5503,1.6385
0.75785,1.5877,2.5528,1.641
0.7655,1.5902,2.5503,1.641
0.75785,1.5877,2.5503,1.6385
0.7502,1.5902,2.5579,1.6385
0.7553,1.5826,2.5528,1.641
0.7655,1.5902,2.5452,1.641
0.75785,1.5953,2.5528,1.641
0.7502,1.5877,2.5605,1.6385
0.75275,1.5826,2.5579,1.6461
0.75785,1.5826,2.5477,1.6487
0.76295,1.5877,2.5503,1.641
0.75785,1.5953,2.5503,1.6359
0.7553,1.5902,2.5503,1.641
0.7553,1.5902,2.5528,1.6487
0.7553,1.5902,2.5503,1.641
0.75785,1.5902,2.5503,1.6334
0.7553,1.5902,2.5503,1.641
0.75785,1.5902,2.5528,1.641
0.75785,1.5877,2.5503,1.641
0.76295,1.5902,2.5452,1.641
0.7553,1.5953,2.5503,1.6359
0.75785,1.5902,2.5503,1.641
0.7553,1.5902,2.5528,1.6385
0.75785,1.5902,2.5477,1.641
0.7655,1.5902,2.5503,1.641
0.7553,1.5902,2.5477,1.6385
0.75275,1.5902,2.5503,1.641
0.7553,1.5826,2.5503,1.6487
0.7553,1.5826,2.5426,1.6461
0.76295,1.5979,2.5426,1.6359
0.7553,1.6004,2.5503,1.6359
0.7553,1.5877,2.5452,1.6436
0.75785,1.5902,2.5452,1.641
0.7553,1.5826,2.5452,1.6461
