0.72981,2.9286,3.9802,2.7604
0.74255,2.9362,3.9777,2.7553
0.73491,2.9413,3.9828,2.7451
0.72981,2.9362,3.9879,2.7502
0.73491,2.9286,3.9828,2.7604
0.74255,2.9362,3.9777,2.7528
0.74255,2.9413,3.9777,2.7477
0.72981,2.9413,3.9904,2.7528
0.72726,2.9286,3.9879,2.7579
0.74,2.9286,3.9777,2.7604
0.74,2.9413,3.9802,2.7477
0.73491,2.9413,3.9853,2.7477
0.72726,2.9362,3.993,2.7604
0.74,2.926,3.9853,2.7604
0.74255,2.9362,3.9802,2.7502
0.73491,2.9362,3.9853,2.7528
0.73491,2.9413,3.9853,2.7528
0.72726,2.9362,3.9904,2.7502
0.72726,2.926,3.993,2.7604
0.74255,2.9286,3.9802,2.7604
0.74,2.9337,3.9802,2.7451
0.73236,2.9388,3.9879,2.7477
0.72726,2.9311,3.993,2.7553
0.73491,2.9286,3.9879,2.7604
0.73236,2.9337,3.9879,2.7553
0.74,2.9337,3.9879,2.7553
0.73491,2.9311,3.9904,2.7528
0.72726,2.9286,3.9955,2.7553
0.73491,2.9235,3.993,2.7604
0.74,2.9286,3.9853,2.7553
0.73491,2.9362,3.993,2.7502
0.72726,2.9286,3.993,2.7579
0.73491,2.9209,3.9955,2.7579
0.74,2.926,3.9904,2.7579
0.73491,2.926,3.9904,2.7502
0.72726,2.9311,4.0057,2.7579
0.72726,2.9209,4.0083,2.763
0.73491,2.9235,4.0032,2.7579
0.73491,2.9209,4.0032,2.7502
0.73236,2.9235,4.0032,2.7604
0.72981,2.9235,4.0108,2.7604
0.72981,2.9133,4.0083,2.7655
0.74,2.9209,4.0032,2.7604
0.73491,2.9235,4.0083,2.7553
0.72471,2.926,4.0159,2.7604
0.72726,2.9107,4.0185,2.7681
0.73746,2.9133,4.0057,2.7681
0.73746,2.9235,4.0083,2.7553
0.72726,2.9235,4.0185,2.7553
0.72726,2.9107,4.0185,2.7681
0.73236,2.9107,4.0159,2.7681
0.74,2.9158,4.0083,2.7604
0.73746,2.9209,4.0108,2.7579
0.73236,2.9209,4.0134,2.7579
0.72471,2.9158,4.0236,2.7655
0.72981,2.9133,4.0159,2.7706
0.73236,2.9133,4.0185,2.763
0.74,2.9184,4.0108,2.7579
0.72726,2.9209,4.0236,2.7604
0.72471,2.9056,4.0261,2.7706
0.73746,2.9056,4.0108,2.7706
0.74,2.9209,4.0134,2.7579
0.72726,2.9184,4.021,2.7579
0.72471,2.9133,4.0236,2.7655
0.73236,2.9056,4.0185,2.7706
0.74,2.9133,4.0108,2.763
0.72981,2.9235,4.0185,2.7579
0.72471,2.9209,4.0236,2.7655
0.72726,2.9082,4.0261,2.7732
0.73236,2.9056,4.0185,2.7706
0.74,2.9133,4.0108,2.7655
0.73236,2.9133,4.021,2.7579
0.73236,2.9133,4.0159,2.7655
0.72726,2.9107,4.0236,2.7706
0.73236,2.9133,4.0185,2.7706
0.73236,2.9107,4.021,2.7655
0.74,2.9107,4.0134,2.7655
0.72981,2.9184,4.021,2.7604
0.72471,2.9184,4.021,2.7655
0.72471,2.9133,4.0287,2.7655
0.72981,2.9056,4.021,2.7655
0.73746,2.9133,4.0185,2.7681
0.74,2.9158,4.0159,2.7604
0.72471,2.9184,4.021,2.7681
0.72726,2.9107,4.0287,2.7681
0.73236,2.9107,4.0236,2.7732
0.73746,2.9107,4.0236,2.7655
0.73236,2.9158,4.0236,2.7655
0.72471,2.9107,4.0312,2.7655
0.73236,2.9082,4.0261,2.7655
0.74,2.9082,4.0185,2.7681
0.73746,2.9158,4.0261,2.7604
0.72471,2.9133,4.0338,2.7655
0.72471,2.9056,4.0338,2.7757
0.73746,2.9031,4.021,2.7757
0.73746,2.9158,4.0185,2.7604
0.72471,2.9133,4.0261,2.7604
0.72471,2.9107,4.0338,2.7757
0.74,2.9031,4.0236,2.7706
0.73746,2.9107,4.0185,2.7681
0.73236,2.9158,4.0261,2.7604
0.72471,2.9082,4.0312,2.7681
0.73236,2.9056,4.0236,2.7732
0.74,2.9082,4.0185,2.7681
0.73491,2.9184,4.0236,2.7604
0.73236,2.9133,4.0236,2.7655
0.73236,2.9107,4.0236,2.7655
0.73236,2.9056,4.021,2.7681
0.73746,2.9107,4.0159,2.7681
0.73236,2.9133,4.0236,2.7655
0.72726,2.9107,4.0236,2.7655
0.73236,2.9082,4.021,2.7732
0.73746,2.9133,4.0134,2.7655
0.73236,2.9184,4.021,2.7604
0.72471,2.9133,4.0261,2.7655
0.72471,2.9082,4.0236,2.7706
0.72981,2.9133,4.0185,2.7655
0.73236,2.9158,4.0185,2.763
0.73236,2.9209,4.0185,2.7604
0.73236,2.9158,4.0185,2.763
0.72471,2.9107,4.0236,2.7681
0.73746,2.9082,4.0108,2.7706
0.74,2.9235,4.0083,2.7579
0.72726,2.9235,4.021,2.7579
0.72471,2.9158,4.0185,2.7604
0.73236,2.9133,4.0108,2.7681
0.73236,2.9158,4.0057,2.7604
0.74,2.926,4.0032,2.7604
0.73491,2.926,4.0083,2.7604
0.72471,2.9209,4.0159,2.7579
0.72981,2.9158,4.0057,2.7579
0.73746,2.9209,4.0032,2.7604
0.73236,2.9286,4.0083,2.7528
0.72726,2.9235,4.0134,2.7604
0.73236,2.9158,4.0057,2.7655
0.73236,2.9235,4.0032,2.7604
0.73236,2.9235,4.0057,2.7579
0.73236,2.9286,4.0032,2.7579
0.72726,2.9235,4.0108,2.7579
0.72471,2.9184,4.0083,2.7655
0.74,2.9184,3.9955,2.763
0.74255,2.926,3.993,2.7579
0.73491,2.9337,3.9981,2.7502
0.73491,2.926,3.9981,2.7553
0.73491,2.9209,3.9981,2.7604
0.73491,2.9286,3.9981,2.7553
0.73491,2.926,3.9955,2.7477
0.73491,2.9286,4.0032,2.7528
0.73491,2.9235,3.9955,2.7604
0.73746,2.9311,3.9879,2.7528
0.73491,2.9362,3.9955,2.7528
0.72726,2.9311,3.9981,2.7528
0.73236,2.926,3.993,2.7528
0.74,2.9337,3.993,2.7502
0.73236,2.9388,3.993,2.7502
0.73491,2.9337,3.993,2.7502
0.73491,2.9337,3.9904,2.7528
0.73491,2.9337,3.9853,2.7451
0.72726,2.9388,3.9981,2.7502
0.72726,2.926,3.9981,2.7579
0.74,2.9286,3.9828,2.7502
0.74,2.9413,3.9828,2.7451
0.72471,2.9413,3.9955,2.7451
0.72726,2.9311,3.993,2.7579
0.73491,2.9286,3.9879,2.7579
0.74,2.9362,3.9802,2.7502
0.73236,2.9413,3.9828,2.7451
0.73491,2.9362,3.993,2.7502
0.72726,2.9311,3.993,2.7579
0.74255,2.9337,3.9853,2.7502
0.73491,2.9413,3.9828,2.7477
0.73491,2.9439,3.9853,2.7502
0.72726,2.9388,3.9879,2.7477
0.73491,2.9337,3.9828,2.7553
0.74255,2.9413,3.9751,2.7477
0.73491,2.9464,3.9853,2.7426
0.73491,2.9388,3.9828,2.7502
0.73491,2.9413,3.9828,2.7553
0.73491,2.9413,3.9828,2.7477
0.73491,2.9413,3.9828,2.7477
0.73491,2.9413,3.9828,2.7477
0.73491,2.9413,3.9828,2.7553
0.73491,2.9413,3.9802,2.7502
0.73491,2.9413,3.9777,2.7426
0.73491,2.9413,3.9777,2.7477
0.72726,2.9439,3.9853,2.7477
0.73491,2.9362,3.9777,2.7553
0.74,2.9439,3.97,2.7477
0.73491,2.9413,3.9777,2.74
0.73491,2.9515,3.9802,2.74
0.72471,2.9413,3.9802,2.7502
0.73491,2.9388,3.9726,2.7502
0.74,2.9464,3.9675,2.7375
0.73491,2.9464,3.9726,2.7375
0.73491,2.9464,3.97,2.7426
0.72726,2.949,3.97,2.74
0.73491,2.949,3.97,2.7426
0.74,2.949,3.9624,2.74
0.73491,2.9566,3.9675,2.7349
0.72726,2.9566,3.9726,2.74
0.73491,2.9541,3.9726,2.7477
0.73491,2.9464,3.9649,2.7477
0.74255,2.9515,3.9598,2.74
0.73491,2.9515,3.9624,2.7349
0.72726,2.9592,3.97,2.7324
0.72726,2.9541,3.9726,2.7375
0.73491,2.9541,3.9624,2.7477
0.73491,2.9566,3.9624,2.74
0.74,2.9541,3.9624,2.7375
0.73491,2.9617,3.9624,2.7324
0.72981,2.9566,3.97,2.7451
0.73491,2.9464,3.9624,2.7451
0.73491,2.9566,3.9624,2.74
0.73491,2.9566,3.9624,2.74
0.73746,2.9566,3.9624,2.74
0.72981,2.9541,3.97,2.74
0.72981,2.9464,3.9624,2.7426
0.74255,2.9515,3.9573,2.7375
0.74255,2.9541,3.9573,2.7349
0.73491,2.9617,3.9624,2.74
0.72726,2.9541,3.9675,2.7375
0.73491,2.949,3.9624,2.7451
0.7451,2.9464,3.9547,2.74
0.74255,2.9592,3.9573,2.7324
0.73491,2.9617,3.9624,2.74
0.72981,2.9541,3.97,2.7451
0.73491,2.9464,3.9624,2.7426
0.74255,2.9541,3.9573,2.7324
0.72726,2.9617,3.9624,2.7349
0.72981,2.9541,3.9675,2.7451
0.74255,2.949,3.9598,2.7451
0.74255,2.9541,3.9547,2.7324
0.73746,2.9617,3.9598,2.74
0.72981,2.9541,3.9675,2.7375
0.73236,2.949,3.9649,2.7426
0.7451,2.9515,3.9547,2.7426
0.74255,2.9566,3.9522,2.7375
0.73491,2.9566,3.9598,2.7298
0.73491,2.9617,3.9573,2.7375
0.73236,2.9566,3.9624,2.7349
0.73491,2.949,3.9573,2.7426
0.74,2.9566,3.9522,2.7349
0.73746,2.9566,3.9547,2.7298
0.73491,2.9592,3.9573,2.7349
0.73236,2.9541,3.9649,2.74
0.73491,2.9515,3.9573,2.74
0.74255,2.9566,3.9522,2.7349
0.73746,2.9566,3.9598,2.7298
0.73746,2.9643,3.9598,2.7273
0.73236,2.9566,3.9624,2.7349
0.72981,2.949,3.9624,2.74
0.73746,2.9566,3.9547,2.7349
0.73746,2.9643,3.9573,2.7273
0.72981,2.9566,3.9624,2.74
0.73491,2.9515,3.9573,2.7426
0.74255,2.9566,3.9496,2.7375
0.73491,2.9566,3.9598,2.7349
0.72981,2.9617,3.9573,2.7273
0.72981,2.9566,3.9624,2.7349
0.73491,2.949,3.9573,2.7426
0.73491,2.9566,3.9522,2.7349
0.73746,2.9566,3.9573,2.7298
0.73491,2.9592,3.9573,2.7349
0.72981,2.9541,3.9547,2.7349
0.73746,2.9515,3.9573,2.7349
0.74255,2.9566,3.9522,2.7349
0.73746,2.9617,3.9573,2.7298
0.72981,2.9617,3.9649,2.7375
0.72981,2.949,3.9624,2.74
0.73491,2.9566,3.9573,2.7349
0.74255,2.9566,3.9547,2.7375
0.73491,2.9643,3.9573,2.7349
0.73491,2.9541,3.9598,2.7349
0.73746,2.9541,3.9598,2.7375
0.74255,2.9566,3.9573,2.7375
0.73491,2.9617,3.9675,2.7298
0.73491,2.9541,3.9598,2.74
0.73491,2.9541,3.9598,2.74
0.73746,2.9541,3.9598,2.74
0.72981,2.9617,3.9598,2.7349
0.73236,2.949,3.9675,2.7426
0.74255,2.949,3.9547,2.7451
0.74255,2.9592,3.9547,2.74
0.73746,2.9541,3.9624,2.7324
0.73491,2.9541,3.9598,2.74
0.72726,2.9541,3.9675,2.7375
0.73491,2.949,3.9624,2.7451
0.74,2.9464,3.9547,2.74
0.74255,2.9566,3.9573,2.7349
0.73491,2.9592,3.9624,2.7349
0.73746,2.9592,3.9726,2.74
0.72726,2.9439,3.9726,2.7477
0.73491,2.9439,3.9598,2.7477
0.73491,2.9515,3.9649,2.7426
0.73491,2.9515,3.9649,2.74
0.73491,2.9592,3.9649,2.7375
0.72981,2.9515,3.9726,2.7426
0.73491,2.9439,3.9675,2.7502
0.74,2.9464,3.9598,2.7426
0.74,2.9566,3.9624,2.74
0.72981,2.9566,3.9726,2.7375
0.72981,2.9439,3.9726,2.74
0.73491,2.9439,3.9675,2.7502
0.74255,2.9439,3.9598,2.74
0.7451,2.9566,3.9624,2.7375
0.72981,2.9541,3.9726,2.7375
0.72981,2.9439,3.9751,2.74
0.73491,2.9439,3.9624,2.7477
0.74255,2.949,3.9624,2.7426
0.73491,2.949,3.9675,2.7375
0.73491,2.949,3.9675,2.7426
0.72981,2.9388,3.9751,2.7502
0.74255,2.9413,3.9624,2.7426
0.73491,2.9541,3.97,2.7375
0.72981,2.949,3.9777,2.74
0.73491,2.9413,3.9726,2.74
0.74255,2.9439,3.9649,2.7451
0.73491,2.9464,3.9726,2.7426
0.73491,2.9439,3.97,2.7502
0.73491,2.9464,3.9726,2.7375
0.73491,2.9541,3.9726,2.7375
0.73491,2.9439,3.9777,2.7426
0.73491,2.9464,3.9726,2.7502
0.73491,2.9439,3.9726,2.7451
0.73491,2.9464,3.97,2.7375
0.72726,2.9439,3.9777,2.7502
0.73491,2.9413,3.9726,2.7502
0.74,2.9541,3.9675,2.7375
0.72981,2.9515,3.9751,2.7426
0.72726,2.9413,3.97,2.7502
0.74255,2.9464,3.9624,2.7426
0.73491,2.9541,3.9675,2.7375
0.72981,2.9464,3.9726,2.7451
0.73491,2.9413,3.9649,2.7426
0.74,2.949,3.9649,2.74
0.73491,2.949,3.9649,2.74
0.73491,2.949,3.9624,2.7502
0.73491,2.9515,3.9624,2.7426
0.73491,2.9566,3.9624,2.7349
0.72726,2.949,3.97,2.74
0.73491,2.9464,3.9624,2.7477
0.7451,2.9515,3.9573,2.74
0.73491,2.9566,3.9624,2.7349
0.72726,2.9515,3.97,2.7477
0.73491,2.9439,3.9649,2.7477
0.74255,2.9515,3.9598,2.74
0.73491,2.9566,3.9624,2.7349
0.73746,2.9541,3.9624,2.74
0.73491,2.9515,3.9649,2.7477
0.73491,2.949,3.9649,2.74
0.73491,2.9515,3.9649,2.74
0.73236,2.9566,3.9649,2.74
0.72726,2.9515,3.97,2.74
0.73491,2.9439,3.9624,2.7451
0.74255,2.9541,3.9573,2.74
0.73491,2.9617,3.9598,2.7324
0.72981,2.9541,3.9649,2.7375
0.73746,2.9515,3.9573,2.7426
0.73491,2.9566,3.9598,2.7349
0.72726,2.9592,3.9624,2.74
0.73491,2.9515,3.9573,2.74
0.7451,2.9643,3.9496,2.7273
0.73236,2.9643,3.9598,2.7349
0.72981,2.9541,3.9573,2.7324
0.74255,2.9617,3.9496,2.7349
0.73746,2.9668,3.9573,2.7298
0.72981,2.9617,3.9598,2.74
0.74255,2.9541,3.9547,2.74
0.74255,2.9592,3.9496,2.7273
0.72981,2.9668,3.9624,2.7273
0.72981,2.9541,3.9624,2.7375
0.7451,2.9541,3.9522,2.74
0.7451,2.9643,3.9522,2.7273
0.72981,2.9668,3.9649,2.7349
0.73236,2.9515,3.9624,2.74
0.74255,2.9515,3.9522,2.74
0.7451,2.9643,3.9522,2.7273
0.73491,2.9566,3.9598,2.7375
0.73236,2.9541,3.9675,2.7349
0.73491,2.949,3.9624,2.74
0.74255,2.9566,3.9522,2.7375
0.73491,2.9617,3.9624,2.7298
0.72981,2.9617,3.97,2.7375
0.72726,2.949,3.97,2.7426
0.74255,2.9464,3.9573,2.7426
0.74255,2.9541,3.9598,2.74
0.73491,2.9541,3.9649,2.7298
0.73491,2.9541,3.9624,2.7375
0.72981,2.9541,3.97,2.7375
0.73746,2.9464,3.9649,2.7451
0.74255,2.9515,3.9598,2.74
0.73746,2.9515,3.9675,2.7349
0.72726,2.9566,3.97,2.7324
0.73236,2.949,3.9751,2.7451
0.73491,2.9439,3.9675,2.7477
0.74,2.949,3.9624,2.74
0.72726,2.9541,3.97,2.7349
0.72981,2.9413,3.9777,2.7502
0.73491,2.9413,3.9726,2.7477
0.74255,2.9464,3.97,2.7375
0.73491,2.9515,3.9777,2.7375
0.72981,2.9439,3.9828,2.7426
0.73491,2.9362,3.9777,2.7502
0.74255,2.9413,3.97,2.7451
0.73491,2.949,3.9777,2.74
0.72981,2.9464,3.9853,2.7451
0.72726,2.9337,3.9853,2.7451
0.74,2.9413,3.9726,2.7477
0.73236,2.9439,3.9777,2.74
0.72726,2.9388,3.9879,2.7477
0.73236,2.9311,3.9828,2.7553
0.74255,2.9362,3.9751,2.7477
0.73491,2.9464,3.9828,2.7426
0.72726,2.9362,3.9879,2.7502
0.73491,2.9311,3.9828,2.7553
0.74,2.9362,3.9777,2.7502
0.73491,2.9413,3.9828,2.7477
0.73236,2.9362,3.9853,2.7502
0.72981,2.9337,3.9853,2.7477
0.73491,2.9337,3.9853,2.7528
0.73236,2.9413,3.9828,2.7502
0.72726,2.9362,3.9904,2.7502
0.73491,2.9286,3.9853,2.7579
0.74,2.9362,3.9802,2.7502
0.73491,2.9413,3.9853,2.7477
0.72726,2.9413,3.9955,2.7528
0.72726,2.926,3.993,2.7604
0.74,2.926,3.9802,2.7604
0.73746,2.9311,3.9802,2.7451
0.73236,2.9311,3.9879,2.7528
0.73236,2.9311,3.9879,2.7528
0.73491,2.9311,3.9879,2.7528
0.74,2.9311,3.9828,2.7528
0.73236,2.9311,3.9879,2.7528
0.73236,2.9286,3.9904,2.7528
0.73491,2.9286,3.993,2.7528
0.73491,2.9311,3.9904,2.7502
0.73236,2.9286,3.9981,2.7553
0.73236,2.926,3.9904,2.7604
0.74,2.9286,3.9828,2.7553
0.73491,2.9362,3.9981,2.7502
0.72471,2.9235,3.9981,2.7604
0.74,2.9235,3.9853,2.7553
0.73746,2.9362,3.9853,2.7502
0.72726,2.9286,3.9981,2.7553
0.73491,2.9235,3.993,2.7604
0.74,2.9286,3.9853,2.7553
0.73491,2.9362,3.9904,2.7553
0.73236,2.9286,3.9904,2.7553
0.73236,2.9286,3.9904,2.7553
0.74,2.9362,3.9828,2.7477
0.72471,2.9286,3.9955,2.7553
0.73236,2.9235,3.9879,2.7604
0.73236,2.9311,3.9828,2.7553
0.73236,2.9286,3.9879,2.7553
0.73236,2.9311,3.9879,2.7553
0.73491,2.9311,3.9853,2.7528
0.73236,2.9311,3.9879,2.7553
0.73236,2.9286,3.9853,2.7553
0.73236,2.9311,3.9853,2.7528
0.73236,2.9311,3.9853,2.7553
0.73491,2.9311,3.9853,2.7553
0.73236,2.9362,3.9853,2.7553
0.72726,2.9311,3.993,2.7553
0.73236,2.9337,3.9853,2.7528
0.73491,2.9311,3.9802,2.7528
0.73236,2.9362,3.993,2.7477
0.72471,2.9311,3.9904,2.7604
0.73236,2.9235,3.9853,2.7604
0.74,2.9311,3.9802,2.7528
0.73236,2.9362,3.9879,2.7477
0.72471,2.9311,3.993,2.7528
0.73236,2.926,3.9853,2.7553
0.73746,2.9286,3.9828,2.7553
0.73236,2.9362,3.9879,2.7477
0.72726,2.9362,3.993,2.7553
0.72471,2.9235,3.993,2.7604
0.73746,2.9235,3.9904,2.7553
0.73236,2.9286,3.9879,2.7553
0.73236,2.9362,3.9904,2.7553
0.72471,2.926,3.9955,2.7553
0.73236,2.9235,3.9904,2.7604
0.73746,2.9286,3.9853,2.7553
0.73236,2.9337,3.993,2.7502
0.72726,2.926,3.9981,2.7528
0.72981,2.9235,3.993,2.763
0.73491,2.926,3.993,2.7579
0.72981,2.9337,3.993,2.7528
0.72471,2.926,4.0006,2.7553
0.72981,2.9209,3.993,2.763
0.73746,2.9209,3.9879,2.7579
0.73746,2.9337,3.9904,2.7502
0.73236,2.9286,3.9955,2.7528
0.72471,2.926,4.0032,2.7579
0.72981,2.9184,3.9955,2.7655
0.73236,2.9235,4.0006,2.7579
0.72981,2.926,3.9981,2.7604
0.72471,2.9286,3.9981,2.7528
0.72471,2.9209,4.0057,2.7604
0.72981,2.9184,4.0006,2.7655
