0.89295,1.4704,2.902,1.4676
0.8955,1.4628,2.8969,1.4702
0.9006,1.4679,2.8918,1.4651
0.89805,1.4679,2.8969,1.4676
0.89805,1.4679,2.8969,1.4676
0.88785,1.4679,2.902,1.4651
0.8955,1.4602,2.8944,1.4727
0.9006,1.4577,2.8893,1.4676
0.90315,1.4755,2.8893,1.4651
0.8955,1.473,2.8969,1.4625
0.8904,1.4653,2.902,1.4651
0.8955,1.4602,2.8969,1.4727
0.90315,1.4679,2.8918,1.4625
0.8955,1.473,2.8969,1.46
0.8904,1.4679,2.902,1.4651
0.8955,1.4602,2.8969,1.4727
0.90315,1.4679,2.8918,1.4676
0.8955,1.4679,2.8969,1.46
0.89805,1.4653,2.8969,1.4651
0.8904,1.4679,2.9046,1.4651
0.89805,1.4628,2.8995,1.4727
0.90315,1.4679,2.8918,1.4676
0.8955,1.4653,2.8995,1.4676
0.8955,1.473,2.8969,1.4651
0.88785,1.4653,2.902,1.4651
0.8955,1.4577,2.8944,1.4727
0.89805,1.4653,2.8969,1.4651
0.8955,1.4653,2.8969,1.46
0.89805,1.4653,2.8969,1.4676
0.8904,1.4679,2.902,1.4676
0.8955,1.4602,2.8995,1.4727
0.90315,1.4679,2.8918,1.4651
0.90315,1.473,2.8918,1.4625
0.89805,1.4704,2.8995,1.46
0.89295,1.4679,2.9046,1.4727
0.8955,1.4577,2.8969,1.4727
0.90315,1.4653,2.8918,1.4651
0.8955,1.4679,2.8995,1.4651
0.8955,1.4653,2.8995,1.4727
0.90315,1.4602,2.8918,1.4676
0.89805,1.473,2.8969,1.4574
0.89295,1.4653,2.902,1.4676
0.8955,1.4602,2.8995,1.4727
0.90315,1.4628,2.8893,1.4676
0.8955,1.4653,2.8944,1.4702
0.88785,1.4653,2.8995,1.4753
0.90315,1.4577,2.8969,1.4753
0.9006,1.4653,2.8893,1.4702
0.89295,1.4704,2.8918,1.4651
0.88785,1.4602,2.8995,1.4778
0.89295,1.4577,2.8918,1.4778
0.9006,1.4704,2.8842,1.4727
0.8955,1.4653,2.8918,1.4727
0.88785,1.4653,2.8969,1.4753
0.8904,1.4577,2.8893,1.4829
0.89805,1.4628,2.8816,1.4753
0.8904,1.4653,2.8867,1.4753
0.8904,1.4704,2.8867,1.4753
0.88785,1.4653,2.8944,1.4778
0.8853,1.4577,2.8918,1.4855
0.89805,1.4577,2.8893,1.4855
0.89805,1.4679,2.8816,1.4702
0.8904,1.4704,2.8918,1.4727
0.88785,1.4653,2.8944,1.4855
0.89295,1.4551,2.8867,1.4829
0.89805,1.4628,2.8816,1.4702
0.89295,1.4704,2.8867,1.4702
0.88785,1.4628,2.8918,1.4778
0.8904,1.4577,2.8867,1.4804
0.89295,1.4628,2.8816,1.4753
0.89295,1.4628,2.8893,1.4702
0.88785,1.4653,2.8944,1.4753
0.89295,1.4551,2.8867,1.4829
0.89805,1.4628,2.8816,1.4753
0.89295,1.4704,2.8893,1.4702
0.88785,1.4628,2.8944,1.4753
0.89295,1.4577,2.8893,1.4829
0.89295,1.4577,2.8816,1.4753
0.89805,1.4628,2.8867,1.4727
0.8904,1.4679,2.8969,1.4727
0.8853,1.4602,2.8944,1.4829
0.89295,1.4577,2.8867,1.4829
0.89805,1.4628,2.8816,1.4753
0.8904,1.4628,2.8867,1.4804
0.8904,1.4628,2.8867,1.4753
0.8853,1.4628,2.8969,1.4778
0.88785,1.4577,2.8944,1.4855
0.8904,1.4577,2.8867,1.4829
0.89805,1.4653,2.8816,1.4727
0.8904,1.4653,2.8867,1.4676
0.8904,1.4679,2.8867,1.4753
0.88785,1.4628,2.8944,1.4778
0.89295,1.4653,2.8893,1.4855
0.89295,1.4577,2.8867,1.4753
0.9006,1.4653,2.8816,1.4753
0.89295,1.4628,2.8893,1.4702
0.8904,1.4653,2.8867,1.4778
0.88785,1.4653,2.8944,1.4753
0.89295,1.4577,2.8893,1.4804
0.9006,1.4577,2.8842,1.4753
0.89805,1.4704,2.8867,1.4676
0.8904,1.4704,2.8918,1.4676
0.88785,1.4628,2.8969,1.4753
0.89295,1.4653,2.8918,1.4804
0.89295,1.4653,2.8918,1.4727
0.9006,1.4628,2.8867,1.4702
0.8955,1.4704,2.8918,1.4651
0.88785,1.473,2.8995,1.4727
0.88785,1.4679,2.8995,1.4778
0.89295,1.4577,2.8918,1.4778
0.90315,1.4653,2.8842,1.4702
0.8955,1.4653,2.8918,1.4651
0.8955,1.473,2.8918,1.4702
0.89295,1.4628,2.8944,1.4702
0.8955,1.4577,2.8918,1.4702
0.9006,1.4653,2.8867,1.4727
0.89805,1.473,2.8918,1.4651
0.8904,1.4653,2.8995,1.4753
0.89805,1.4577,2.8944,1.4753
0.90315,1.4653,2.8893,1.4702
0.8955,1.473,2.8918,1.4651
0.88785,1.4679,2.8995,1.4702
0.8955,1.4628,2.8944,1.4753
0.9006,1.4679,2.8893,1.4625
0.8955,1.4704,2.8944,1.4702
0.8904,1.4653,2.8944,1.4651
0.89805,1.4577,2.8969,1.4702
0.9006,1.4628,2.8893,1.4676
0.8955,1.4653,2.8969,1.4702
0.89295,1.4679,2.902,1.4676
0.89295,1.4653,2.8944,1.4702
0.89805,1.4679,2.8918,1.4676
0.89805,1.4653,2.8918,1.4676
0.88785,1.4653,2.902,1.4676
0.8955,1.4602,2.8944,1.4727
0.90315,1.4653,2.8893,1.4676
0.8955,1.4704,2.8944,1.4651
0.88785,1.4653,2.9046,1.4651
0.88785,1.4602,2.902,1.4727
0.89295,1.4602,2.8969,1.4727
0.9006,1.4653,2.8918,1.46
0.8955,1.473,2.8969,1.4574
0.8955,1.4679,2.8969,1.4651
0.88785,1.4679,2.8969,1.4651
0.89805,1.4602,2.8969,1.4727
0.90315,1.4679,2.8918,1.4651
0.90315,1.473,2.8918,1.4574
0.8904,1.473,2.9071,1.4574
0.89295,1.4679,2.9071,1.4625
0.8955,1.4602,2.902,1.4702
0.90315,1.4679,2.8944,1.4651
0.9057,1.473,2.8944,1.4574
0.89805,1.473,2.902,1.4549
0.89295,1.4679,2.9071,1.4625
0.89805,1.4679,2.902,1.4676
0.90315,1.4628,2.8969,1.4702
0.90315,1.4679,2.8944,1.4549
0.89805,1.473,2.8995,1.4574
0.89805,1.4679,2.902,1.4625
0.89805,1.4679,2.9097,1.4625
0.89805,1.4602,2.8995,1.46
0.90315,1.4679,2.8944,1.4625
0.89805,1.473,2.902,1.4549
0.89295,1.4679,2.9097,1.4625
0.89805,1.4602,2.902,1.4702
0.90315,1.4653,2.8944,1.4625
0.9057,1.473,2.8969,1.4549
0.89295,1.473,2.9071,1.4549
0.8904,1.4679,2.902,1.46
0.89805,1.4679,2.902,1.4549
0.89805,1.4679,2.902,1.4625
0.89805,1.4653,2.902,1.4574
0.89805,1.4679,2.9046,1.4574
0.89805,1.4653,2.902,1.46
0.89805,1.4679,2.9071,1.4574
0.9006,1.4679,2.9046,1.46
0.9006,1.4679,2.9046,1.46
0.89805,1.4602,2.902,1.4651
0.9057,1.4704,2.8969,1.4574
0.9057,1.473,2.902,1.4523
0.89295,1.473,2.9097,1.4574
0.89295,1.4628,2.9122,1.4625
0.89805,1.4602,2.902,1.4625
0.89805,1.4679,2.8995,1.46
0.89805,1.473,2.902,1.4574
0.8955,1.4679,2.9097,1.46
0.89805,1.4602,2.902,1.4651
0.9057,1.4628,2.8944,1.4625
0.90315,1.4679,2.902,1.4625
0.89805,1.4704,2.8995,1.4625
0.8904,1.4679,2.9071,1.4625
0.90315,1.4602,2.8995,1.4702
0.9006,1.4653,2.8995,1.4625
0.8955,1.473,2.8969,1.4625
0.88785,1.4653,2.9071,1.4651
0.89805,1.4577,2.8995,1.4727
0.90315,1.4653,2.8918,1.4651
0.8955,1.4704,2.8995,1.46
0.8955,1.4653,2.8969,1.4651
0.89805,1.4679,2.8995,1.4625
0.89805,1.4602,2.8995,1.4651
0.89805,1.4653,2.8918,1.4651
0.89805,1.473,2.8969,1.46
0.8904,1.4653,2.9046,1.4651
0.8955,1.4602,2.8995,1.4702
0.89805,1.4628,2.8995,1.4651
0.89805,1.4653,2.8969,1.4651
0.8955,1.473,2.8995,1.4625
0.8904,1.4653,2.9071,1.4651
0.88785,1.4602,2.8995,1.4727
0.90315,1.4577,2.8918,1.4702
0.90315,1.473,2.8944,1.4574
0.89805,1.473,2.9071,1.4574
0.8904,1.4653,2.9071,1.4625
0.89295,1.4679,2.8995,1.4702
0.89805,1.4602,2.902,1.4676
0.9057,1.4679,2.8918,1.4625
0.89805,1.4653,2.8995,1.4574
0.89805,1.4679,2.8995,1.4651
0.89805,1.4653,2.9071,1.4625
0.89805,1.4577,2.8995,1.4625
0.90315,1.4628,2.8944,1.4625
0.90315,1.473,2.8918,1.4574
0.8904,1.473,2.8995,1.4574
0.8904,1.4653,2.9046,1.4651
0.89805,1.4577,2.8969,1.4702
0.89805,1.4653,2.8995,1.4651
0.8955,1.4653,2.8969,1.4651
0.89805,1.4704,2.8995,1.4651
0.8904,1.4679,2.9046,1.4651
0.89805,1.4602,2.8995,1.4727
0.8955,1.4679,2.8995,1.4625
0.90315,1.4704,2.8918,1.4574
0.8955,1.473,2.902,1.4574
0.8904,1.4653,2.9046,1.4651
0.89805,1.4602,2.902,1.4702
0.90315,1.4602,2.8918,1.4625
0.90315,1.4704,2.8944,1.4549
0.89805,1.4704,2.902,1.4574
0.8904,1.4679,2.9071,1.4625
0.89805,1.4653,2.9097,1.4651
0.90315,1.4602,2.8969,1.4676
0.90315,1.4679,2.8969,1.4549
0.89805,1.473,2.902,1.4549
0.89295,1.473,2.9097,1.4574
0.89295,1.4628,2.9097,1.4651
0.89805,1.4628,2.8995,1.4625
0.9057,1.4679,2.8969,1.4574
0.9006,1.473,2.902,1.4523
0.9006,1.4679,2.9046,1.4574
0.9006,1.4679,2.902,1.4651
0.9006,1.4679,2.9046,1.4574
0.89805,1.4679,2.9046,1.4498
0.9006,1.4679,2.9046,1.4549
0.9006,1.4679,2.9046,1.4625
0.9006,1.4602,2.8969,1.4574
0.9057,1.4755,2.8969,1.4523
0.8904,1.473,2.902,1.4549
0.89805,1.4679,2.902,1.4549
0.89805,1.4679,2.902,1.4574
0.90825,1.4679,2.8969,1.46
0.9006,1.473,2.902,1.4574
0.8955,1.4679,2.9097,1.4574
0.89805,1.4602,2.8995,1.4651
0.9057,1.4602,2.8944,1.4574
0.90315,1.473,2.8944,1.4549
0.89805,1.473,2.8995,1.46
0.8904,1.4679,2.902,1.4625
0.8904,1.4602,2.9046,1.4702
0.90315,1.4602,2.8969,1.4702
0.90315,1.4679,2.8918,1.4574
0.89805,1.4704,2.8944,1.46
0.8955,1.4679,2.8944,1.4676
0.8904,1.4679,2.902,1.4676
0.8955,1.4577,2.8918,1.4727
0.90315,1.4679,2.8867,1.4702
0.8955,1.473,2.8944,1.4625
0.8904,1.4704,2.8995,1.4702
0.88785,1.4602,2.8969,1.4753
0.9006,1.4602,2.8918,1.4676
0.89805,1.4653,2.8918,1.4702
0.8955,1.4679,2.8918,1.4651
0.88785,1.4653,2.8995,1.4676
0.8955,1.4602,2.8918,1.4727
0.90315,1.4628,2.8867,1.4702
0.89295,1.473,2.8918,1.4651
0.8904,1.4653,2.8969,1.4676
0.88785,1.4602,2.8995,1.4753
0.9006,1.4602,2.8918,1.4702
0.8955,1.4679,2.8918,1.4676
0.8955,1.4704,2.8918,1.4676
0.88785,1.4653,2.8969,1.4753
0.8955,1.4602,2.8944,1.4753
0.90315,1.4653,2.8842,1.4676
0.89295,1.4704,2.8918,1.4625
0.88785,1.4653,2.8995,1.4778
0.89805,1.4577,2.8918,1.4727
0.9006,1.4602,2.8893,1.4702
0.9006,1.4704,2.8867,1.4625
0.88785,1.4704,2.8995,1.4625
0.8904,1.4653,2.8995,1.4727
0.8955,1.4577,2.8944,1.4702
0.9006,1.4628,2.8867,1.4702
0.8955,1.4704,2.8944,1.4676
0.8904,1.4653,2.8944,1.4651
0.89805,1.4577,2.8893,1.4727
0.90315,1.4653,2.8893,1.46
0.8955,1.4704,2.8944,1.4676
0.8904,1.4653,2.902,1.4651
0.88785,1.4602,2.902,1.4702
0.90315,1.4577,2.8893,1.4727
0.9057,1.473,2.8918,1.46
0.8955,1.473,2.8995,1.4651
0.8904,1.4653,2.902,1.4651
0.89805,1.4602,2.8969,1.4727
0.9006,1.4577,2.8918,1.4651
0.8955,1.4679,2.8969,1.4574
0.8955,1.4653,2.8969,1.4651
0.8955,1.4679,2.8969,1.4651
0.8955,1.4602,2.8969,1.4702
0.90315,1.473,2.8893,1.46
0.88785,1.473,2.8969,1.46
0.88785,1.4577,2.902,1.4727
0.90315,1.4602,2.8969,1.4727
0.9006,1.4653,2.8918,1.4676
0.89805,1.473,2.8969,1.46
0.88785,1.4653,2.902,1.4727
0.8955,1.4577,2.8893,1.4727
0.8955,1.4704,2.8969,1.4625
0.8955,1.4628,2.8969,1.4651
0.8955,1.4653,2.8944,1.4676
0.8955,1.4653,2.8969,1.46
0.8955,1.4679,2.8969,1.4676
0.8955,1.4653,2.8944,1.4727
0.90315,1.4653,2.8893,1.4676
0.8955,1.473,2.8944,1.46
0.8904,1.4679,2.902,1.4651
0.8955,1.4602,2.8969,1.4727
0.8955,1.4653,2.8918,1.4676
0.89805,1.4704,2.8969,1.4676
0.89805,1.4653,2.8944,1.4676
0.8955,1.4602,2.8944,1.4702
0.89805,1.4653,2.8944,1.4702
0.8955,1.4628,2.8944,1.4702
0.88785,1.4653,2.8944,1.4702
0.8955,1.4577,2.8918,1.4727
0.9006,1.4628,2.8944,1.4702
0.8955,1.4628,2.8918,1.4702
0.89295,1.4653,2.8995,1.4727
0.8955,1.4602,2.8944,1.4727
0.9006,1.4653,2.8842,1.4727
0.8955,1.4679,2.8918,1.4702
0.88785,1.4653,2.8995,1.4727
0.89295,1.4577,2.8918,1.4727
0.89805,1.4628,2.8867,1.4727
0.89295,1.4704,2.8918,1.4676
0.88785,1.4653,2.8995,1.4727
0.8955,1.4577,2.8893,1.4804
0.9006,1.4577,2.8867,1.4753
0.89805,1.4704,2.8842,1.4676
0.88785,1.4679,2.8995,1.4753
0.88785,1.4551,2.8969,1.4804
0.89295,1.4577,2.8893,1.4829
0.89805,1.4653,2.8816,1.4702
0.89295,1.4679,2.8893,1.4702
0.89295,1.4628,2.8918,1.4753
0.88785,1.4551,2.8944,1.4855
0.89295,1.4577,2.8893,1.4829
0.89805,1.4628,2.8816,1.4702
0.8904,1.4679,2.8867,1.4702
0.8955,1.4628,2.8893,1.4753
0.89295,1.4602,2.8867,1.4778
0.89295,1.4628,2.8842,1.4778
0.8904,1.4602,2.8867,1.4778
0.89295,1.4653,2.8867,1.4855
0.89295,1.4628,2.8842,1.4778
0.8904,1.4628,2.8867,1.4727
0.89295,1.4628,2.8842,1.4804
0.8904,1.4602,2.8867,1.4855
0.89295,1.4628,2.8867,1.4778
0.8904,1.4628,2.8842,1.4753
0.8904,1.4602,2.8842,1.4829
0.89295,1.4577,2.8842,1.4855
0.8904,1.4602,2.8842,1.4829
0.88785,1.4602,2.8816,1.4753
0.8904,1.4602,2.8816,1.4778
0.8904,1.4628,2.8842,1.4829
0.8904,1.4628,2.8816,1.4906
0.89805,1.4628,2.8765,1.4753
0.89295,1.4679,2.8816,1.4778
0.8853,1.4628,2.8893,1.4804
0.8904,1.4577,2.8842,1.4829
0.8955,1.4628,2.8765,1.4829
0.89805,1.4679,2.8816,1.4753
0.8904,1.4628,2.8816,1.4804
0.8853,1.4602,2.8893,1.4829
0.8904,1.4602,2.8816,1.4804
0.8904,1.4602,2.8816,1.4829
0.8904,1.4679,2.8842,1.4778
0.8904,1.4628,2.8842,1.4804
0.8904,1.4628,2.8842,1.4804
0.8904,1.4628,2.8867,1.4829
0.8904,1.4628,2.8842,1.4778
0.89295,1.4628,2.8867,1.4855
0.8904,1.4628,2.8791,1.4753
0.8904,1.4704,2.8842,1.4753
0.88785,1.4628,2.8918,1.4778
0.8904,1.4551,2.8842,1.4855
0.89805,1.4628,2.8791,1.4778
0.8904,1.4704,2.8867,1.4753
0.88785,1.4628,2.8893,1.4778
0.89805,1.4577,2.8867,1.488
0.89805,1.4628,2.8791,1.4727
0.89295,1.4679,2.8842,1.4753
0.88785,1.4628,2.8893,1.4829
0.8904,1.4577,2.8842,1.488
0.89805,1.4628,2.8765,1.4753
0.8853,1.4679,2.8867,1.4778
0.8853,1.4551,2.8893,1.4906
0.89805,1.4526,2.8816,1.4829
0.8904,1.4602,2.8816,1.4855
0.88785,1.4628,2.8816,1.4855
0.88785,1.4602,2.8816,1.4931
0.89805,1.4602,2.8714,1.4855
0.88785,1.4679,2.8765,1.4829
0.88276,1.4602,2.8816,1.488
0.88785,1.4551,2.8663,1.4957
0.89295,1.4679,2.8663,1.4855
0.88021,1.4679,2.8765,1.4855
0.88276,1.4551,2.874,1.4982
0.89295,1.4551,2.8612,1.4957
0.8853,1.4602,2.8638,1.4931
0.8853,1.4602,2.8638,1.4957
0.8853,1.4628,2.8612,1.4982
0.8853,1.4526,2.8638,1.5008
0.8904,1.4577,2.8587,1.5008
0.8853,1.4653,2.8612,1.4931
0.87766,1.4602,2.8638,1.5008
0.88276,1.4551,2.8587,1.511
0.88785,1.4577,2.851,1.4982
0.88276,1.4679,2.8561,1.4982
0.87766,1.4577,2.8612,1.5059
0.88276,1.4602,2.8561,1.511
0.88276,1.4602,2.8561,1.5059
0.88276,1.4577,2.8536,1.4982
0.88276,1.4679,2.8612,1.5008
0.87511,1.4602,2.8612,1.5084
0.87766,1.4526,2.8536,1.5135
0.88785,1.4577,2.8485,1.5059
0.88785,1.4653,2.8536,1.5033
0.87511,1.4653,2.8587,1.5059
0.87511,1.4526,2.8587,1.5135
0.88021,1.4526,2.8536,1.5161
0.88785,1.4577,2.8459,1.5033
0.87766,1.4653,2.851,1.5059
0.88021,1.4577,2.851,1.511
0.88021,1.4577,2.8536,1.511
0.88021,1.4577,2.851,1.511
0.88021,1.4653,2.851,1.5059
0.87001,1.4628,2.8561,1.5135
0.87511,1.4526,2.8587,1.5161
0.88276,1.45,2.8409,1.5186
0.8853,1.4577,2.8409,1.511
0.88021,1.4653,2.8485,1.5059
0.87256,1.4577,2.8561,1.5135
0.87766,1.4577,2.851,1.5186
0.87766,1.4526,2.851,1.5135
0.8853,1.4551,2.8409,1.5161
0.87766,1.4653,2.8485,1.5084
0.87256,1.4577,2.8561,1.5135
0.87766,1.4526,2.8485,1.5135
0.88276,1.4577,2.8409,1.5135
0.87766,1.4628,2.8485,1.5059
0.87256,1.4577,2.8561,1.5135
0.87766,1.4526,2.851,1.5212
0.8853,1.4577,2.8434,1.5059
0.87766,1.4653,2.8485,1.5084
0.87766,1.4577,2.8561,1.5135
0.88021,1.4577,2.851,1.5212
0.88276,1.4526,2.8409,1.5186
0.87766,1.4577,2.8485,1.5084
0.87766,1.4577,2.851,1.5135
0.88021,1.4577,2.8485,1.5186
0.88276,1.4577,2.851,1.5135
0.87766,1.4577,2.8485,1.5084
0.88021,1.4577,2.851,1.5135
0.87766,1.4577,2.8536,1.5212
0.87766,1.4577,2.851,1.5135
0.87766,1.4628,2.851,1.5059
0.87256,1.4653,2.8561,1.5135
0.87256,1.4526,2.8587,1.5186
0.8853,1.4526,2.8434,1.5135
0.88276,1.4628,2.8434,1.5084
0.87256,1.4628,2.8587,1.5084
0.87256,1.4577,2.8561,1.5186
0.8853,1.4526,2.8536,1.5186
0.8853,1.4653,2.8459,1.5059
0.88021,1.4628,2.851,1.5059
0.87511,1.4577,2.8587,1.5135
0.87766,1.4577,2.8536,1.5186
