0.19704,0.59857,0.57483,0.65417
0.19449,0.60367,0.57992,0.64907
0.18685,0.59857,0.58757,0.65162
0.19194,0.59347,0.57738,0.65927
0.19959,0.59857,0.57483,0.65417
0.19194,0.60877,0.58247,0.64652
0.18685,0.60622,0.58757,0.65417
0.18685,0.59602,0.58757,0.65927
0.19449,0.59347,0.58247,0.65417
0.19959,0.59857,0.57483,0.65417
0.19704,0.60622,0.57483,0.64907
0.18685,0.60622,0.58247,0.64907
0.1894,0.60112,0.58757,0.65672
0.19194,0.59347,0.57992,0.65927
0.19194,0.59857,0.57992,0.65417
0.19959,0.59857,0.57483,0.65417
0.19449,0.60877,0.57738,0.64652
0.18685,0.60622,0.58247,0.65417
0.19449,0.59857,0.57992,0.65417
0.19194,0.59347,0.57992,0.65927
0.20214,0.59857,0.57483,0.65417
0.19194,0.60367,0.58247,0.65672
0.1843,0.60622,0.58757,0.65417
0.18685,0.59347,0.58502,0.65927
0.19959,0.59347,0.57738,0.66182
0.19959,0.59857,0.57483,0.64907
0.19194,0.60877,0.57992,0.64652
0.1894,0.59857,0.58757,0.65417
0.18685,0.59092,0.58757,0.66182
0.19194,0.59347,0.57738,0.65927
0.19959,0.60112,0.58247,0.65417
0.19194,0.60877,0.58247,0.65417
0.1894,0.60367,0.58502,0.65417
0.18685,0.59602,0.59012,0.65927
0.19704,0.59602,0.57738,0.65417
0.19959,0.60367,0.57483,0.64652
0.18685,0.60367,0.58757,0.64907
0.1894,0.59602,0.58757,0.66182
0.19704,0.59347,0.57992,0.65927
0.19959,0.60622,0.57483,0.64907
0.19194,0.60367,0.57992,0.64652
0.18685,0.60112,0.58757,0.65417
0.19194,0.59602,0.58247,0.66182
0.19959,0.59602,0.57483,0.65162
0.19704,0.60622,0.57483,0.64907
0.18685,0.60622,0.58757,0.65672
0.18685,0.59602,0.59012,0.66182
0.19704,0.59347,0.57228,0.66182
0.19704,0.60622,0.57738,0.64907
0.19194,0.60622,0.58757,0.64652
0.18685,0.59857,0.58757,0.66182
0.19959,0.59602,0.58247,0.65927
0.19959,0.60877,0.57483,0.64652
0.18685,0.60622,0.58757,0.64907
0.1894,0.59602,0.58502,0.66182
0.19704,0.59602,0.57738,0.65927
0.19704,0.60622,0.57738,0.64907
0.19194,0.60622,0.58757,0.64907
0.18685,0.60112,0.58757,0.66182
0.19449,0.59857,0.58247,0.66182
0.19194,0.59857,0.58247,0.65672
0.19704,0.60622,0.57483,0.64907
0.19194,0.60622,0.58247,0.64907
0.1894,0.60877,0.58757,0.65417
0.1894,0.59602,0.58757,0.66182
0.19449,0.59602,0.57483,0.66182
0.19959,0.59857,0.57483,0.65672
0.19959,0.60622,0.57483,0.64907
0.18685,0.60622,0.58757,0.64907
0.1894,0.59602,0.59012,0.66182
0.19194,0.59602,0.58247,0.65927
0.19959,0.60112,0.57738,0.65162
0.19449,0.60877,0.57992,0.64907
0.18685,0.60367,0.58757,0.65417
0.19449,0.59602,0.58502,0.65927
0.19959,0.60367,0.57483,0.65672
0.19449,0.60877,0.58247,0.64907
0.18685,0.60367,0.59012,0.65927
0.19194,0.59602,0.58502,0.66182
0.19704,0.60112,0.57738,0.65672
0.19449,0.60622,0.58247,0.65672
0.1894,0.60112,0.58757,0.65672
0.19449,0.59602,0.58502,0.66437
0.19959,0.60112,0.57483,0.65672
0.19449,0.60112,0.57738,0.65162
0.1894,0.61132,0.58757,0.64907
0.18685,0.60112,0.59012,0.65927
0.19449,0.59857,0.58247,0.66182
0.19449,0.60112,0.58502,0.65672
0.19959,0.60112,0.57992,0.65672
0.19449,0.61132,0.58247,0.64907
0.19449,0.60112,0.58247,0.65672
0.19194,0.60367,0.58247,0.65672
0.19449,0.59857,0.57992,0.66182
0.20214,0.60112,0.57483,0.65162
0.19449,0.60877,0.57992,0.65162
0.19449,0.60367,0.58247,0.65672
0.18685,0.60367,0.58757,0.66182
0.19449,0.59857,0.58247,0.66692
0.20214,0.60112,0.57738,0.65927
0.19194,0.61132,0.58247,0.64907
0.18685,0.60367,0.59012,0.65927
0.19449,0.60622,0.58502,0.66437
0.19449,0.60367,0.58502,0.65927
0.19704,0.60367,0.57738,0.65927
0.19449,0.60367,0.58247,0.64907
0.19194,0.61132,0.58247,0.65417
0.1894,0.59602,0.58757,0.66692
0.19194,0.59857,0.58247,0.66692
0.19959,0.60367,0.57483,0.65672
0.19194,0.61132,0.58247,0.65162
0.1894,0.60112,0.59012,0.66437
0.19194,0.60367,0.58502,0.66437
0.19449,0.60622,0.58502,0.65927
0.19449,0.60367,0.58247,0.65672
0.19449,0.60877,0.58247,0.65927
0.1894,0.60367,0.59012,0.65927
0.1843,0.60367,0.58247,0.66437
0.19449,0.60367,0.58502,0.65927
0.19194,0.60367,0.58247,0.65672
0.19449,0.60367,0.57992,0.65927
0.19194,0.60622,0.58247,0.65927
0.19449,0.59857,0.58247,0.65927
0.19194,0.60622,0.58247,0.65927
0.19449,0.60622,0.57992,0.65927
0.19449,0.60367,0.58247,0.66437
0.19449,0.60367,0.58247,0.65927
0.19449,0.60367,0.58247,0.65927
0.19194,0.60367,0.58247,0.65927
0.18685,0.60367,0.59012,0.65927
0.1894,0.59857,0.59012,0.66437
0.19959,0.60112,0.57483,0.66182
0.19704,0.60367,0.57483,0.65417
0.19449,0.61132,0.58247,0.65417
0.1894,0.60367,0.59012,0.65672
0.19194,0.59602,0.58502,0.66437
0.19449,0.60367,0.58502,0.65927
0.19959,0.60367,0.57483,0.65162
0.19449,0.60877,0.58247,0.65417
0.19449,0.60367,0.58757,0.65927
0.19194,0.60367,0.58247,0.66437
0.19449,0.60112,0.58247,0.65927
0.20214,0.60367,0.57738,0.65672
0.19449,0.61132,0.58502,0.65927
0.19449,0.60367,0.59012,0.65927
0.19194,0.59602,0.58247,0.65927
0.19704,0.60367,0.57483,0.65927
0.19449,0.61132,0.57992,0.65162
0.18685,0.60367,0.58757,0.65927
0.19449,0.60622,0.58502,0.66437
0.19959,0.60622,0.57738,0.65927
0.19449,0.61132,0.58247,0.65162
0.18685,0.60367,0.58757,0.65927
0.1894,0.59857,0.58757,0.66692
0.19959,0.59857,0.57483,0.65927
0.19959,0.61132,0.57738,0.65162
0.1894,0.61132,0.59012,0.65162
0.1894,0.60112,0.59012,0.65927
0.19449,0.59602,0.57738,0.66437
0.19959,0.60112,0.57738,0.65672
0.19449,0.60367,0.58247,0.64907
0.19449,0.61132,0.58757,0.65162
0.1894,0.60622,0.59267,0.66692
0.19194,0.59857,0.58247,0.66437
0.20214,0.60367,0.57738,0.65927
0.20214,0.61132,0.57738,0.65417
0.1894,0.61132,0.58502,0.65417
0.18685,0.59857,0.59012,0.66437
0.19959,0.59857,0.58247,0.66437
0.19704,0.60622,0.57738,0.65672
0.19449,0.61132,0.58502,0.65162
0.18685,0.61132,0.57992,0.65927
0.19449,0.60367,0.58502,0.66437
0.19194,0.60367,0.58247,0.65927
0.19194,0.60367,0.58502,0.65927
0.19449,0.60367,0.58247,0.65927
0.18685,0.60367,0.58757,0.65672
0.19449,0.59857,0.58247,0.66437
0.20214,0.59857,0.57483,0.66437
0.19959,0.60367,0.57738,0.65927
0.19449,0.61132,0.58247,0.65162
0.1894,0.61132,0.59012,0.65417
0.1894,0.59857,0.59012,0.66692
0.19449,0.59602,0.58502,0.66692
0.19194,0.60367,0.58247,0.65672
0.19704,0.60367,0.57738,0.65162
0.19704,0.61132,0.58247,0.65162
0.19449,0.60367,0.58502,0.65927
0.19194,0.60367,0.58247,0.65927
0.19449,0.59602,0.57992,0.65927
0.20214,0.60367,0.57738,0.65927
0.19959,0.61132,0.57738,0.65417
0.18685,0.61132,0.58757,0.65417
0.1894,0.60367,0.58757,0.66437
0.19449,0.59857,0.58502,0.66437
0.19959,0.60367,0.57738,0.65927
0.19449,0.61132,0.58502,0.65162
0.18685,0.60367,0.59267,0.65927
0.19449,0.59857,0.58502,0.66692
0.19959,0.59857,0.57738,0.65672
0.19959,0.60367,0.57483,0.65417
0.19449,0.61132,0.58502,0.65417
0.19449,0.60367,0.58247,0.65927
0.18685,0.60367,0.58502,0.65927
0.18685,0.60367,0.57992,0.66692
0.19449,0.59857,0.58247,0.65672
0.19959,0.60622,0.58502,0.65927
0.19959,0.61132,0.57738,0.65162
0.19449,0.61132,0.58247,0.65162
0.1843,0.60367,0.58757,0.65672
0.19194,0.60367,0.58247,0.65927
0.19449,0.59602,0.58502,0.66437
0.19959,0.60622,0.57738,0.65927
0.19959,0.61132,0.57738,0.65417
0.18685,0.61132,0.58247,0.65417
0.1894,0.60367,0.58757,0.65927
0.18685,0.59602,0.59012,0.66437
0.19194,0.59857,0.58502,0.66437
0.19704,0.60367,0.57738,0.65927
0.19449,0.60367,0.58247,0.65417
0.19449,0.60367,0.58502,0.65927
0.18685,0.60367,0.58757,0.65672
0.19194,0.59857,0.58502,0.66437
0.19959,0.59857,0.58247,0.65927
0.19449,0.60367,0.58247,0.65162
0.19449,0.60367,0.58247,0.65672
0.19194,0.60622,0.58757,0.65927
0.19194,0.59857,0.58247,0.66692
0.20214,0.60112,0.57738,0.65162
0.19449,0.61132,0.58247,0.65162
0.18685,0.60367,0.59012,0.66437
0.19449,0.59857,0.57738,0.66437
0.19959,0.61132,0.57738,0.65417
0.18685,0.61132,0.59012,0.65672
0.19449,0.59857,0.58502,0.66437
0.19959,0.60622,0.57738,0.65927
0.19959,0.61132,0.57738,0.65162
0.18685,0.60877,0.58757,0.65927
0.19449,0.60367,0.58247,0.66437
0.19449,0.60367,0.58247,0.65927
0.19449,0.61132,0.57992,0.65417
0.1894,0.60367,0.58757,0.66437
0.19449,0.59857,0.58247,0.66692
0.19959,0.60367,0.57738,0.65672
0.19194,0.60367,0.58247,0.65417
0.19449,0.60367,0.58247,0.65927
0.1894,0.60112,0.59012,0.65927
0.19194,0.60112,0.58502,0.66182
0.19704,0.60367,0.57738,0.65927
0.19449,0.60367,0.57738,0.64907
0.1894,0.60877,0.57992,0.65162
0.1894,0.60112,0.58757,0.66182
0.19959,0.59857,0.57738,0.66437
0.19959,0.61132,0.57738,0.65162
0.19449,0.61132,0.59012,0.65162
0.1894,0.60622,0.58757,0.65927
0.19194,0.60112,0.58247,0.65927
0.19959,0.60367,0.58247,0.65927
0.19449,0.60367,0.58502,0.65672
0.19449,0.60367,0.58757,0.65927
0.19449,0.59857,0.58247,0.66182
0.19959,0.60622,0.57738,0.65672
0.19194,0.61132,0.58502,0.64907
0.18685,0.60112,0.59012,0.65927
0.18685,0.59857,0.59012,0.66437
0.19959,0.59857,0.57738,0.66692
0.19959,0.60112,0.57738,0.65927
0.19449,0.61132,0.57992,0.64907
0.19194,0.60112,0.58247,0.65927
0.19194,0.60367,0.58247,0.65927
0.19194,0.59857,0.58502,0.65672
0.19959,0.60112,0.57483,0.65672
0.19959,0.60877,0.57738,0.65162
0.19194,0.60877,0.59012,0.65162
0.18685,0.60367,0.58757,0.66182
0.19449,0.59857,0.58247,0.66437
0.19959,0.60367,0.57738,0.65417
0.19449,0.60877,0.58247,0.64907
0.1894,0.60367,0.58757,0.66437
0.19194,0.59602,0.57992,0.66437
0.19959,0.60112,0.57738,0.65927
0.19449,0.60877,0.58247,0.64907
0.19449,0.60367,0.58247,0.65927
0.19194,0.60367,0.58247,0.66437
0.19959,0.60112,0.57738,0.65672
0.19194,0.61132,0.58247,0.65417
0.18685,0.60112,0.58757,0.65417
0.19194,0.59857,0.57738,0.66437
0.19959,0.60367,0.57992,0.65162
0.19449,0.60877,0.57992,0.65162
0.18685,0.60367,0.59012,0.65927
0.19449,0.60622,0.58247,0.66182
0.20214,0.60367,0.57483,0.65162
0.19194,0.60877,0.58247,0.65162
0.18685,0.60367,0.58757,0.66182
0.19959,0.59857,0.57483,0.66182
0.19959,0.60112,0.57738,0.65927
0.19194,0.61132,0.58247,0.65927
0.19194,0.60367,0.59012,0.65672
0.19449,0.59602,0.58247,0.65927
0.19959,0.60112,0.57483,0.65927
0.19959,0.61132,0.57483,0.65162
0.18685,0.60877,0.58757,0.64907
0.18685,0.59602,0.58757,0.66182
0.19959,0.59857,0.57738,0.65672
0.19959,0.61132,0.57483,0.64907
0.18685,0.60877,0.58757,0.65672
0.19449,0.59602,0.57992,0.66182
0.20214,0.60367,0.57738,0.65672
0.19449,0.60112,0.58247,0.65417
0.19449,0.60367,0.57992,0.65927
0.19449,0.60367,0.59012,0.66182
0.19704,0.59857,0.57738,0.65927
0.19959,0.60877,0.57738,0.65162
0.1894,0.60877,0.59012,0.65162
0.18685,0.60112,0.58757,0.66182
0.19194,0.59602,0.58247,0.66437
0.19959,0.60367,0.57738,0.65672
0.19194,0.60367,0.58247,0.65162
0.19449,0.60367,0.57992,0.65927
0.18685,0.60112,0.59012,0.65672
0.19449,0.59857,0.58247,0.66437
0.19704,0.60112,0.57483,0.65927
0.19959,0.61132,0.57738,0.65162
0.18685,0.60877,0.58757,0.65927
0.1894,0.59602,0.58757,0.66437
0.20214,0.59602,0.57483,0.66182
0.19959,0.61132,0.57483,0.65162
0.19194,0.60877,0.58757,0.65417
0.1894,0.60112,0.59012,0.66437
0.19194,0.59602,0.58247,0.66182
0.20214,0.60112,0.57738,0.65927
0.19449,0.60367,0.58247,0.64907
0.19194,0.60112,0.57992,0.65927
0.1894,0.60367,0.58247,0.65417
0.19449,0.59857,0.57992,0.65672
0.19449,0.60367,0.57483,0.65927
0.19449,0.60877,0.58247,0.65927
0.1894,0.60112,0.58757,0.65672
0.19194,0.59602,0.58247,0.66437
0.19959,0.59857,0.57483,0.65927
0.19704,0.60877,0.57738,0.64907
0.19449,0.60877,0.58757,0.65162
0.1894,0.60367,0.58757,0.65672
0.19449,0.59857,0.58502,0.66692
0.20214,0.60112,0.57738,0.65927
0.19449,0.60367,0.58247,0.65162
0.19194,0.60112,0.58247,0.65927
0.19194,0.60112,0.58247,0.65672
0.19194,0.59602,0.58247,0.65927
0.19194,0.60622,0.57483,0.65672
0.19194,0.60877,0.58247,0.64907
0.1894,0.60367,0.59012,0.65672
0.19194,0.59857,0.58247,0.65672
0.19959,0.59602,0.57738,0.65672
0.19959,0.61132,0.57738,0.64907
0.19704,0.61132,0.58757,0.65162
0.18685,0.60367,0.59012,0.66437
0.19194,0.60367,0.58502,0.65927
0.19194,0.59602,0.57738,0.66437
0.19704,0.60112,0.57483,0.65162
0.19449,0.60877,0.57992,0.64907
0.18685,0.60367,0.58757,0.65672
0.19449,0.60112,0.58247,0.66437
0.19194,0.60112,0.58502,0.65927
0.19449,0.60112,0.57992,0.65927
0.19194,0.61132,0.58247,0.65927
0.1894,0.60367,0.58757,0.65927
0.19194,0.59857,0.57992,0.66182
0.19959,0.60112,0.57483,0.65927
0.19449,0.60877,0.58247,0.65162
0.1894,0.60367,0.59012,0.65672
0.19194,0.59602,0.58247,0.66182
0.19959,0.60112,0.57483,0.65672
0.20214,0.60877,0.57738,0.64907
0.1894,0.61132,0.58757,0.64907
0.18685,0.59602,0.58757,0.66437
0.19194,0.59602,0.58502,0.66437
0.19959,0.60112,0.57738,0.64907
0.19449,0.61132,0.58247,0.64907
0.18685,0.60112,0.58757,0.65672
0.19449,0.59602,0.58502,0.65927
0.19959,0.60112,0.57483,0.65672
0.19194,0.60877,0.58247,0.65162
0.18685,0.60112,0.59012,0.65672
0.19194,0.59602,0.58247,0.66182
0.20214,0.60112,0.57738,0.65927
0.19194,0.60877,0.58247,0.64907
0.19194,0.60112,0.58247,0.65672
0.19449,0.60112,0.58502,0.66182
0.19449,0.60112,0.58247,0.65672
0.19449,0.60112,0.58502,0.64907
0.19194,0.60367,0.58502,0.65672
0.19194,0.60367,0.58247,0.66182
0.19449,0.60112,0.57992,0.65417
0.19194,0.60112,0.57992,0.64907
0.19449,0.60112,0.58247,0.65672
0.18685,0.59857,0.58757,0.66182
0.19704,0.59602,0.57483,0.66182
0.19959,0.60112,0.57738,0.64907
0.19194,0.60877,0.58247,0.64907
0.18685,0.60112,0.58757,0.65672
0.19194,0.59602,0.58247,0.66437
0.19959,0.60367,0.57738,0.64907
0.19194,0.59857,0.58247,0.64907
0.19449,0.60367,0.58247,0.65417
0.18685,0.59857,0.58757,0.65927
0.19194,0.60367,0.58247,0.65672
0.19449,0.60112,0.58247,0.65672
0.19449,0.60622,0.57992,0.65672
0.1894,0.60112,0.59012,0.65672
0.19194,0.59602,0.58247,0.66182
0.19959,0.59602,0.57483,0.65672
0.19959,0.60877,0.57738,0.65162
0.19449,0.60877,0.59012,0.64907
0.1894,0.60112,0.59012,0.65672
0.19449,0.59857,0.57992,0.65672
0.19959,0.60367,0.57483,0.65927
0.19959,0.60877,0.57738,0.64907
0.1894,0.61132,0.58757,0.65672
0.1894,0.59602,0.58757,0.66182
0.19449,0.59602,0.57992,0.66182
0.19704,0.60112,0.57738,0.65927
0.19449,0.60877,0.58247,0.65162
0.18685,0.61132,0.58757,0.65672
0.18685,0.59602,0.58757,0.66182
0.20214,0.59857,0.57483,0.65927
0.19959,0.60877,0.57483,0.65162
0.18685,0.60877,0.58757,0.64907
0.18685,0.59602,0.59012,0.66437
0.20214,0.59602,0.57483,0.65672
0.19959,0.60877,0.57483,0.64907
0.19449,0.60877,0.58757,0.65162
0.1843,0.59602,0.58757,0.66182
0.20214,0.59602,0.57483,0.66182
0.19959,0.60877,0.57738,0.64907
0.18685,0.61132,0.58757,0.64907
0.18685,0.59857,0.59012,0.65927
0.19194,0.59857,0.58247,0.65927
0.19959,0.60112,0.58502,0.65672
0.19449,0.60112,0.57992,0.64907
0.18685,0.60112,0.57992,0.65417
0.19194,0.60112,0.57992,0.65672
0.19449,0.60112,0.57738,0.65672
0.1894,0.60877,0.58757,0.64907
0.18685,0.59857,0.59012,0.66437
0.19449,0.59347,0.57738,0.66182
0.19959,0.60112,0.58247,0.65672
0.19449,0.60877,0.57992,0.65672
0.19194,0.60367,0.58757,0.65672
0.19449,0.59602,0.58247,0.66182
0.19959,0.60112,0.57483,0.65672
0.19959,0.60622,0.57738,0.65162
0.18685,0.61132,0.58757,0.65672
0.18685,0.59602,0.58757,0.66437
0.19959,0.59602,0.58247,0.65927
0.20214,0.60367,0.57483,0.65672
0.19449,0.60877,0.58247,0.64907
0.1894,0.60112,0.59012,0.66182
0.19449,0.59602,0.58247,0.66182
0.19959,0.60112,0.57738,0.65672
0.19449,0.60877,0.57992,0.64907
0.1894,0.60112,0.59012,0.65672
0.18685,0.59602,0.57992,0.66437
0.19194,0.60112,0.58247,0.65417
0.19449,0.60112,0.58247,0.64907
0.19449,0.60112,0.58757,0.65672
0.19194,0.59602,0.58247,0.66182
0.19959,0.60112,0.57483,0.65672
0.19449,0.61132,0.57992,0.64907
0.1843,0.60112,0.58757,0.65417
0.19194,0.60112,0.58247,0.66182
0.19449,0.60112,0.57992,0.65672
0.19959,0.60112,0.58247,0.65672
0.19194,0.60877,0.58502,0.65672
0.1894,0.60112,0.58757,0.65417
0.19194,0.59602,0.58247,0.66182
0.19959,0.59602,0.57738,0.65672
0.19959,0.59857,0.57483,0.64907
0.19449,0.60877,0.58247,0.64907
0.19449,0.60367,0.57992,0.65417
0.18685,0.60367,0.58757,0.66182
0.19194,0.59602,0.58247,0.66182
0.19194,0.60112,0.58247,0.65672
0.19449,0.60112,0.58247,0.65672
0.19449,0.60622,0.59012,0.64907
0.18685,0.60112,0.58757,0.66437
0.19449,0.59602,0.57992,0.66182
0.19194,0.60112,0.57992,0.65672
0.19194,0.60112,0.58502,0.64907
0.19449,0.60367,0.58247,0.65162
0.18685,0.60112,0.58502,0.65927
0.19959,0.59602,0.58502,0.66437
0.19449,0.60112,0.57483,0.65927
0.19449,0.60877,0.58247,0.65672
0.18685,0.60367,0.58757,0.65672
0.19194,0.59602,0.58247,0.65417
0.19959,0.60367,0.57738,0.65672
0.19449,0.60622,0.57992,0.64907
0.1894,0.60112,0.59012,0.65417
0.19194,0.59602,0.58247,0.66437
0.19959,0.60112,0.57738,0.65927
0.19449,0.60877,0.58247,0.64907
0.1894,0.60367,0.58757,0.65417
0.19449,0.59857,0.57992,0.66437
0.19959,0.60367,0.57738,0.65927
0.19449,0.60877,0.57992,0.64907
0.1894,0.61132,0.58757,0.65417
0.1894,0.59602,0.58757,0.66182
0.19959,0.59602,0.57738,0.65672
0.19959,0.60877,0.57483,0.65417
0.19449,0.60877,0.58247,0.65162
0.18685,0.60877,0.58757,0.65672
0.1894,0.59602,0.58757,0.66437
0.19194,0.59602,0.58247,0.66437
0.19704,0.60112,0.57738,0.65672
0.19959,0.60622,0.57738,0.65672
0.18685,0.60877,0.58757,0.64907
0.1894,0.60112,0.58757,0.66182
0.18685,0.59602,0.58757,0.66182
0.19959,0.59602,0.57738,0.66182
0.19959,0.60112,0.57483,0.65927
0.19959,0.60877,0.57992,0.65162
0.1894,0.60877,0.58757,0.65162
0.18685,0.59602,0.58757,0.66182
0.19449,0.59857,0.58247,0.66692
0.19959,0.60112,0.57738,0.65162
0.19449,0.60622,0.58247,0.65162
0.18685,0.60367,0.59012,0.65417
0.19449,0.60367,0.57992,0.66182
0.19449,0.60112,0.58247,0.65672
0.19959,0.60112,0.58247,0.65927
0.19449,0.60877,0.57992,0.65672
0.18685,0.60112,0.58757,0.65927
0.1894,0.59602,0.58757,0.66182
0.19959,0.59857,0.58247,0.66182
0.19194,0.60367,0.58247,0.65672
0.19704,0.60367,0.57483,0.65162
0.19449,0.60877,0.58247,0.65162
0.18685,0.60112,0.59012,0.65672
0.19449,0.59602,0.58247,0.66437
0.19959,0.59602,0.57738,0.65672
0.19959,0.61132,0.57483,0.64907
0.19449,0.61132,0.59012,0.64907
0.18685,0.59857,0.58757,0.66437
0.19959,0.59602,0.58247,0.66182
0.20214,0.60112,0.57483,0.65672
0.19449,0.60112,0.57992,0.65672
0.19449,0.60367,0.58247,0.65672
0.1894,0.60112,0.58757,0.65672
0.19449,0.59602,0.58247,0.66182
0.20214,0.59602,0.57738,0.66182
0.19959,0.60112,0.57738,0.65672
0.19449,0.60877,0.58247,0.64907
0.18685,0.60622,0.58757,0.65162
0.18685,0.59857,0.58757,0.65672
0.19194,0.60112,0.58757,0.66182
0.19449,0.59602,0.57483,0.66182
0.19704,0.60112,0.57483,0.65672
0.19194,0.60112,0.58247,0.65672
0.19194,0.60877,0.58247,0.65927
0.18685,0.60877,0.58757,0.65672
0.18685,0.59602,0.58757,0.66182
0.19449,0.59602,0.58247,0.65927
0.19194,0.60112,0.58247,0.65672
0.19959,0.60112,0.57483,0.65672
0.19959,0.60877,0.57483,0.64907
0.19194,0.60877,0.58247,0.65162
0.19449,0.60112,0.58247,0.65927
0.1894,0.59602,0.59012,0.65927
0.19449,0.60112,0.58757,0.66437
0.20214,0.59602,0.57483,0.65927
0.19959,0.60112,0.57738,0.65672
0.19194,0.60112,0.58247,0.65672
0.19449,0.60877,0.58247,0.64907
0.19194,0.60112,0.58247,0.65672
0.18685,0.60367,0.58247,0.65672
0.19194,0.59347,0.57992,0.65927
0.19449,0.59602,0.57992,0.65417
0.19959,0.60367,0.57483,0.65672
0.19449,0.60112,0.58247,0.64907
0.1894,0.60622,0.58247,0.64652
0.1894,0.60112,0.58757,0.65672
0.19449,0.60112,0.58247,0.65417
0.19449,0.59602,0.57992,0.65417
0.20214,0.60367,0.57483,0.64907
0.19449,0.60877,0.58247,0.64907
0.1894,0.60112,0.58757,0.65417
0.18685,0.59602,0.59012,0.66182
0.19449,0.59602,0.57483,0.66182
0.19959,0.60877,0.57483,0.64907
0.19449,0.61132,0.57992,0.64907
0.19449,0.60112,0.58247,0.65417
0.1894,0.60112,0.58757,0.65417
0.19194,0.59602,0.57992,0.65927
0.19449,0.59602,0.57483,0.66182
0.19959,0.60112,0.57483,0.64907
0.19449,0.60622,0.58247,0.64907
0.19449,0.60112,0.58247,0.65417
0.1894,0.60112,0.58247,0.65417
0.19194,0.59602,0.58247,0.65417
0.19959,0.59602,0.57483,0.65417
0.19704,0.60112,0.57483,0.65672
0.19194,0.60622,0.58247,0.64652
0.19449,0.59857,0.57992,0.65417
0.18685,0.60112,0.58757,0.65417
0.18685,0.59857,0.58757,0.66182
0.19194,0.59602,0.57992,0.66182
0.19449,0.60112,0.57992,0.65417
0.19959,0.60112,0.57483,0.65672
0.19449,0.60112,0.57992,0.65417
0.19449,0.60622,0.58247,0.64907
0.19449,0.60622,0.58247,0.65417
0.19194,0.60112,0.58247,0.65417
0.1894,0.59347,0.58757,0.65927
0.19449,0.59602,0.58247,0.65927
0.19194,0.59857,0.58247,0.65672
0.19959,0.60112,0.57738,0.65417
0.19449,0.60622,0.57992,0.64652
0.1894,0.60622,0.58757,0.64652
0.18685,0.59857,0.58757,0.65927
0.19194,0.59602,0.57992,0.65927
0.19194,0.59857,0.57992,0.65417
0.19959,0.59857,0.57483,0.65672
0.19449,0.60622,0.58247,0.65162
0.1894,0.60112,0.58757,0.65417
0.18685,0.59092,0.59012,0.65927
0.19959,0.59602,0.57483,0.65417
0.19959,0.60877,0.57483,0.64652
0.19194,0.60367,0.58757,0.64907
0.18685,0.60112,0.58757,0.65927
0.19449,0.60112,0.57992,0.65927
0.19449,0.59857,0.58502,0.65417
0.19959,0.59857,0.57483,0.65417
0.19449,0.60622,0.58247,0.64907
0.19449,0.60622,0.58757,0.64907
0.18685,0.60112,0.59012,0.65417
0.19194,0.60112,0.57992,0.66182
0.19194,0.59347,0.57992,0.65417
0.19194,0.59857,0.57483,0.65417
0.19959,0.60622,0.57483,0.64652
0.18685,0.60877,0.58757,0.64652
0.18685,0.60112,0.58757,0.65417
0.19449,0.60112,0.58247,0.66182
0.19449,0.59857,0.58247,0.65417
0.19704,0.59857,0.57483,0.65417
0.19449,0.60367,0.58247,0.64907
0.18685,0.60622,0.58757,0.64907
0.1843,0.59857,0.58502,0.65927
0.19194,0.60112,0.58247,0.66182
0.19194,0.59857,0.57992,0.65417
0.19194,0.59857,0.57483,0.65417
0.19194,0.60622,0.57992,0.64652
0.18685,0.60622,0.58757,0.65417
0.18685,0.59857,0.58247,0.65417
0.19449,0.59602,0.57992,0.65927
0.19959,0.60112,0.57483,0.65417
0.19704,0.60622,0.57483,0.64907
0.18685,0.60622,0.58757,0.64907
0.18685,0.59857,0.58757,0.65162
0.1894,0.59347,0.58757,0.66182
0.19959,0.59602,0.57992,0.65927
0.19959,0.59857,0.57483,0.65417
0.19194,0.60622,0.58247,0.64907
0.19449,0.60112,0.57992,0.65417
0.18685,0.60112,0.57992,0.65417
0.19194,0.59092,0.57992,0.65927
0.19959,0.59602,0.57483,0.65417
0.19704,0.60622,0.57483,0.64907
0.19194,0.60622,0.58757,0.64907
0.18685,0.60112,0.58757,0.66182
0.19449,0.59347,0.57992,0.65927
0.19704,0.60112,0.57483,0.65417
0.19449,0.60877,0.58247,0.64652
0.19194,0.59857,0.57992,0.65417
0.19194,0.60112,0.58247,0.65927
0.19194,0.59857,0.57992,0.65672
0.19194,0.60112,0.57992,0.64907
0.18685,0.60622,0.58757,0.65417
0.18685,0.59602,0.57992,0.65927
0.19449,0.59857,0.58247,0.65417
0.19449,0.60112,0.57992,0.64907
0.19194,0.60112,0.58247,0.64907
0.18685,0.60112,0.58757,0.65417
0.19194,0.59602,0.57992,0.66182
0.19449,0.60112,0.58247,0.65417
0.19959,0.60112,0.58247,0.65417
0.19449,0.60622,0.58757,0.65162
0.18685,0.60112,0.58757,0.66182
0.19194,0.59347,0.58247,0.66182
0.19194,0.59857,0.57992,0.65672
0.19194,0.60112,0.58247,0.65417
0.19449,0.60112,0.58247,0.65417
0.1894,0.60112,0.58247,0.65672
0.18685,0.59602,0.58757,0.65927
0.19704,0.59347,0.57738,0.66182
0.19959,0.60112,0.57483,0.64907
0.19194,0.60622,0.57992,0.64652
0.18685,0.60367,0.58757,0.65672
0.19194,0.60112,0.57992,0.66182
0.19959,0.59602,0.58247,0.66182
0.19959,0.60112,0.57738,0.64907
0.19449,0.61132,0.57992,0.64652
0.18685,0.60112,0.58757,0.65672
0.19194,0.59602,0.57992,0.66182
0.19704,0.59602,0.57483,0.65927
0.19704,0.60112,0.57483,0.64907
0.19449,0.60877,0.57992,0.64907
0.19194,0.60112,0.58247,0.65417
0.19449,0.60367,0.57992,0.65927
0.19194,0.60112,0.58247,0.65672
0.19704,0.60112,0.57483,0.65672
0.19959,0.60877,0.57483,0.64907
0.19449,0.60877,0.58247,0.65672
0.18685,0.60112,0.58757,0.65417
0.1894,0.59602,0.58757,0.66182
0.19449,0.59857,0.57483,0.66182
0.19704,0.60112,0.57483,0.65672
0.19449,0.60112,0.58247,0.65162
0.19449,0.60112,0.58247,0.65927
0.1843,0.60112,0.58757,0.65672
0.18685,0.59602,0.58247,0.66182
0.20214,0.59857,0.57483,0.65672
0.19704,0.60622,0.57738,0.64907
0.19194,0.60877,0.58247,0.64907
0.18685,0.60112,0.58757,0.65927
0.19194,0.60112,0.58757,0.66182
0.19449,0.59602,0.57992,0.66182
0.19449,0.60112,0.57992,0.65672
0.19959,0.60112,0.57738,0.65927
0.19449,0.60877,0.58247,0.64907
0.19449,0.61132,0.58247,0.64907
0.1894,0.60367,0.59012,0.65672
0.19449,0.60112,0.57992,0.66182
0.19194,0.60112,0.58247,0.65672
0.19959,0.60112,0.57483,0.65672
0.19959,0.60877,0.57483,0.64907
0.19449,0.60877,0.57992,0.64907
0.18685,0.60367,0.58757,0.65927
0.19194,0.59857,0.58247,0.65672
0.19704,0.60112,0.57483,0.65672
0.20214,0.60622,0.57483,0.65162
0.18685,0.60877,0.58757,0.65162
0.18685,0.60112,0.58757,0.65927
0.19194,0.59602,0.58247,0.66437
0.20214,0.60112,0.57483,0.65672
0.19449,0.60877,0.57992,0.65162
0.18685,0.60112,0.58757,0.65672
0.19449,0.59602,0.58247,0.66182
0.19959,0.60112,0.57483,0.65162
0.19194,0.60877,0.57992,0.64907
0.18685,0.60112,0.58757,0.65417
0.1894,0.59602,0.59012,0.66182
0.19449,0.60112,0.58247,0.65672
0.19194,0.60112,0.58247,0.64907
0.19194,0.60112,0.57992,0.65672
0.19449,0.60367,0.57992,0.66182
0.19194,0.60367,0.58247,0.65927
0.19449,0.60367,0.58247,0.64907
0.19449,0.60112,0.58247,0.65672
0.19449,0.60112,0.58247,0.66182
0.19194,0.60112,0.58247,0.65672
0.19449,0.60112,0.58247,0.65672
0.19194,0.60877,0.58247,0.65672
0.18685,0.60112,0.59012,0.65417
0.19449,0.60367,0.57992,0.66182
0.19449,0.60112,0.57992,0.65672
0.19194,0.60877,0.58502,0.65162
0.19194,0.60367,0.58247,0.65927
0.19194,0.60367,0.58247,0.66437
0.19194,0.60367,0.58502,0.65927
0.19449,0.60112,0.58247,0.65672
0.19449,0.60877,0.57992,0.65672
0.1894,0.60367,0.58757,0.65672
0.19194,0.59602,0.58247,0.66182
0.19194,0.60112,0.58502,0.65672
0.19959,0.60112,0.57738,0.65927
0.19194,0.60877,0.58757,0.64907
0.18685,0.60112,0.59012,0.66182
0.19194,0.60367,0.58247,0.66182
0.19194,0.59347,0.57992,0.65672
0.20214,0.60112,0.57483,0.65672
0.19449,0.60622,0.58247,0.64907
0.1894,0.60877,0.58757,0.65927
0.18685,0.59602,0.58757,0.66437
0.19194,0.59347,0.57992,0.66437
0.19959,0.60112,0.57738,0.64907
0.19449,0.60877,0.58247,0.65162
0.19449,0.60112,0.58247,0.65672
0.18685,0.60112,0.58757,0.65672
0.19194,0.59602,0.57992,0.65927
0.19704,0.60112,0.57738,0.65672
0.19449,0.60112,0.58247,0.65162
0.18685,0.60877,0.58247,0.65672
0.18685,0.60112,0.58247,0.65927
0.19449,0.59602,0.57992,0.66437
0.19959,0.60112,0.57738,0.65672
0.19194,0.60112,0.57992,0.65672
0.19449,0.60877,0.58247,0.65672
0.18685,0.60367,0.58757,0.65672
0.1843,0.59602,0.59012,0.66182
0.19194,0.59602,0.58502,0.65927
0.20214,0.60367,0.57738,0.65417
0.20214,0.60877,0.57738,0.64907
0.18685,0.60877,0.58502,0.65162
0.18685,0.60112,0.59012,0.66437
0.19449,0.59857,0.58247,0.66182
0.19449,0.60367,0.57992,0.65672
0.19704,0.60112,0.57483,0.65927
0.19449,0.60622,0.58247,0.65162
0.1894,0.60877,0.58757,0.64907
0.19449,0.60112,0.58757,0.65417
0.19194,0.59602,0.58247,0.65672
0.19959,0.60367,0.57738,0.65672
0.19194,0.60877,0.58247,0.65927
0.1894,0.60112,0.58757,0.65927
0.19194,0.59602,0.58247,0.65927
0.19959,0.60112,0.57483,0.65672
0.19449,0.60877,0.58502,0.65162
0.18685,0.60112,0.59012,0.65672
0.19449,0.59602,0.57992,0.65417
0.19959,0.60112,0.57483,0.65927
0.19449,0.61132,0.57992,0.65162
0.1894,0.60112,0.58757,0.65672
0.19449,0.59602,0.57992,0.65672
0.20214,0.60112,0.57738,0.65672
0.19194,0.60877,0.58247,0.64907
0.18685,0.60367,0.59012,0.65672
0.19449,0.59602,0.58247,0.66182
0.19959,0.60367,0.57483,0.65672
0.20214,0.60877,0.57483,0.64907
0.1894,0.60622,0.58757,0.65162
0.18685,0.59602,0.59012,0.66182
0.19449,0.59602,0.57738,0.66182
0.19959,0.60112,0.57738,0.64907
0.19449,0.61132,0.58247,0.65162
0.18685,0.61132,0.59012,0.65417
0.18685,0.59602,0.58757,0.66182
0.19449,0.59602,0.57738,0.66182
0.19959,0.60112,0.57738,0.65417
0.19449,0.60622,0.57992,0.65162
0.19194,0.60877,0.58757,0.65672
0.1894,0.60112,0.57992,0.65672
0.19194,0.59857,0.58247,0.65672
0.19449,0.60367,0.57738,0.65672
0.19194,0.60622,0.58247,0.64907
0.18685,0.60112,0.58757,0.65672
0.1894,0.59602,0.58502,0.66182
0.19704,0.59602,0.57483,0.66437
0.19959,0.60622,0.57483,0.64907
0.19449,0.60877,0.59012,0.64907
0.1894,0.59857,0.58757,0.66182
0.19449,0.59602,0.58247,0.66182
0.19194,0.60112,0.58247,0.65927
0.19959,0.60112,0.58247,0.65927
0.19449,0.60877,0.58247,0.64907
0.1894,0.60112,0.58757,0.65672
0.1894,0.59857,0.58757,0.66182
0.19959,0.59602,0.57483,0.65672
0.20214,0.60877,0.57483,0.65162
0.1894,0.60877,0.58757,0.64907
0.18685,0.59602,0.58757,0.66437
0.19959,0.59602,0.57483,0.65672
0.19704,0.60877,0.57483,0.65162
0.19449,0.60877,0.57992,0.65162
0.18685,0.60367,0.58757,0.66182
0.19194,0.59602,0.58247,0.66182
0.19194,0.60112,0.58502,0.65672
0.19704,0.60622,0.57738,0.65672
0.19449,0.60877,0.58247,0.64907
0.18685,0.60112,0.58757,0.65672
0.1894,0.59857,0.59012,0.65927
0.19449,0.59602,0.57738,0.66437
0.19704,0.60112,0.57738,0.65162
0.19194,0.60877,0.58247,0.64907
0.19194,0.60112,0.58247,0.65672
0.19194,0.60367,0.57992,0.65672
0.19194,0.59602,0.58247,0.66437
0.19959,0.60112,0.57738,0.65672
0.19959,0.60877,0.57738,0.65162
0.18685,0.61132,0.58757,0.65162
0.1843,0.60112,0.58757,0.66182
0.19449,0.59857,0.58247,0.66182
0.19449,0.60112,0.58502,0.65672
0.20214,0.60112,0.57738,0.64907
0.19194,0.60877,0.58247,0.64907
0.19194,0.60367,0.57992,0.65672
0.18685,0.60112,0.58757,0.65672
0.18685,0.59602,0.58757,0.66182
0.19704,0.59602,0.57483,0.66182
0.19959,0.60622,0.57738,0.65927
0.19449,0.60877,0.57992,0.65672
0.1894,0.60112,0.59012,0.65672
0.19194,0.59602,0.58247,0.66182
0.19959,0.59857,0.57483,0.65672
0.19959,0.60622,0.57483,0.65162
0.19449,0.61132,0.59012,0.64907
0.18685,0.60112,0.58757,0.65672
0.19194,0.59602,0.57992,0.66182
0.19194,0.60112,0.58247,0.65672
0.19449,0.60112,0.57738,0.65672
0.19449,0.60367,0.58247,0.64907
0.19194,0.61132,0.58247,0.65672
0.19449,0.60367,0.58757,0.66437
0.19194,0.60112,0.58247,0.66437
0.19194,0.60112,0.57992,0.65417
0.19959,0.60367,0.57738,0.65672
0.19959,0.61132,0.57738,0.64907
0.18685,0.60877,0.58757,0.64907
0.18685,0.59602,0.59012,0.66182
0.19194,0.59602,0.58247,0.66182
0.19704,0.60112,0.57738,0.64907
0.19194,0.60622,0.58247,0.65162
0.18685,0.61132,0.59267,0.65417
0.1894,0.59857,0.58757,0.66182
0.19959,0.59602,0.57738,0.66182
0.19959,0.60877,0.57483,0.64907
0.19194,0.60877,0.58247,0.65162
0.18685,0.60112,0.58757,0.66182
0.19704,0.59602,0.57992,0.65672
0.19959,0.60112,0.57738,0.65672
0.19194,0.60877,0.58247,0.64907
0.1894,0.60112,0.58757,0.65672
0.1843,0.59602,0.58757,0.66437
0.19194,0.59602,0.57483,0.66182
0.19959,0.60112,0.57483,0.65417
0.19194,0.60622,0.57992,0.64907
0.18685,0.60877,0.59267,0.64907
0.1894,0.60112,0.59012,0.66182
0.19449,0.59602,0.58247,0.66182
0.19449,0.59857,0.57992,0.65927
0.19194,0.60112,0.57992,0.65672
0.19194,0.60367,0.58502,0.65672
0.18685,0.60367,0.58757,0.65672
0.19194,0.59602,0.58502,0.66182
0.19959,0.60112,0.57738,0.65672
0.19449,0.60367,0.58247,0.64907
0.19194,0.60112,0.58247,0.65672
0.18685,0.60367,0.57992,0.65672
0.19194,0.59602,0.58502,0.66182
0.19959,0.59857,0.57738,0.65672
0.19959,0.60877,0.57483,0.65162
0.19194,0.60877,0.57992,0.65162
0.19194,0.60367,0.58502,0.65672
0.1894,0.60112,0.58757,0.65927
0.18685,0.59602,0.59012,0.66182
0.1894,0.59602,0.57738,0.66182
0.19959,0.60622,0.57738,0.65672
0.19194,0.60877,0.58247,0.65672
0.18685,0.60112,0.58757,0.65672
0.19449,0.59602,0.58247,0.66182
0.19959,0.59602,0.57483,0.65672
0.19959,0.60877,0.57738,0.64907
0.19449,0.60622,0.58247,0.65162
0.18685,0.60112,0.58757,0.65927
0.1843,0.59602,0.58757,0.66437
0.19194,0.59602,0.58247,0.66437
0.19194,0.59602,0.57738,0.66182
0.19959,0.60112,0.57483,0.65672
0.19449,0.60112,0.58247,0.64907
0.19194,0.60112,0.58247,0.65162
0.1843,0.60112,0.59012,0.65417
0.18685,0.59602,0.58757,0.66437
0.19194,0.59857,0.57483,0.66437
0.19704,0.60112,0.57738,0.65672
0.19449,0.60112,0.58247,0.64907
0.19449,0.60877,0.58247,0.65162
0.1843,0.60367,0.58757,0.65927
0.1894,0.59602,0.58757,0.66437
0.19449,0.60367,0.58502,0.65672
0.19704,0.60367,0.57738,0.65672
0.19704,0.60877,0.57738,0.65162
0.19194,0.60877,0.57992,0.65162
0.19449,0.60112,0.58247,0.65927
0.18685,0.60367,0.57992,0.65927
0.18685,0.59857,0.59012,0.66182
0.19194,0.59602,0.58247,0.66437
0.20214,0.60367,0.57738,0.65672
0.19449,0.60112,0.57992,0.65672
0.19449,0.60877,0.57992,0.65927
0.1894,0.61132,0.58757,0.65672
0.18685,0.59602,0.58757,0.66182
0.19449,0.59857,0.58247,0.66182
0.19959,0.60112,0.57738,0.65672
0.19449,0.60112,0.58247,0.65162
0.19194,0.60112,0.58247,0.65162
0.18685,0.60367,0.59012,0.65927
0.19194,0.59857,0.57992,0.66182
0.19959,0.59857,0.57483,0.65927
0.19959,0.60877,0.57483,0.65417
0.19449,0.60877,0.58247,0.65162
0.19449,0.60367,0.58247,0.65672
0.19449,0.60112,0.58247,0.65672
0.19449,0.59857,0.58247,0.65672
0.20214,0.60112,0.57738,0.65672
0.19194,0.60877,0.58247,0.65162
0.18685,0.60112,0.58757,0.65927
0.18685,0.59602,0.59012,0.66182
0.19449,0.59857,0.57483,0.66182
0.19959,0.60112,0.57483,0.65162
