0.65588,0.3156,0.57992,0.32523
0.65079,0.3105,0.58502,0.32268
0.64824,0.30286,0.58757,0.33033
0.65843,0.30286,0.57228,0.33033
0.66098,0.3105,0.57483,0.32268
0.65588,0.30795,0.57992,0.32268
0.65843,0.3156,0.57992,0.31758
0.65079,0.30795,0.58502,0.32523
0.65079,0.30286,0.58502,0.33033
0.65843,0.30286,0.57992,0.33033
0.65588,0.3105,0.57738,0.32268
0.66353,0.30795,0.57228,0.32268
0.65843,0.3156,0.57738,0.32013
0.65079,0.3156,0.58757,0.32778
0.64824,0.3105,0.58502,0.32523
0.65588,0.30286,0.57738,0.33033
0.65588,0.3105,0.57992,0.32268
0.66353,0.3105,0.57228,0.31758
0.65588,0.3156,0.57738,0.32013
0.65588,0.3105,0.57738,0.32523
0.65333,0.3105,0.58502,0.32268
0.65079,0.30286,0.58502,0.33033
0.65588,0.30031,0.57483,0.33033
0.66353,0.3105,0.57483,0.32523
0.65588,0.3105,0.57738,0.31758
0.65333,0.30795,0.57738,0.32523
0.64824,0.3105,0.58757,0.32268
0.65333,0.30286,0.57992,0.32268
0.66353,0.3105,0.57228,0.32268
0.65588,0.30795,0.57738,0.32013
0.65588,0.3156,0.57738,0.32268
0.64824,0.3105,0.58502,0.32523
0.65588,0.30286,0.57992,0.33288
0.66353,0.30286,0.57483,0.32268
0.66353,0.3105,0.57228,0.31758
0.65588,0.3156,0.57738,0.31758
0.64824,0.3105,0.58502,0.32268
0.65333,0.3105,0.57992,0.33033
0.65588,0.30541,0.57992,0.32268
0.66353,0.3156,0.57483,0.32268
0.65588,0.3156,0.57738,0.31758
0.64824,0.3105,0.58502,0.32268
0.65588,0.30795,0.57992,0.33288
0.65843,0.3105,0.57992,0.32268
0.66353,0.30541,0.57483,0.32523
0.65333,0.3156,0.57738,0.31758
0.64824,0.3156,0.58502,0.32523
0.65079,0.30286,0.58502,0.33033
0.66098,0.30286,0.57738,0.32523
0.65333,0.3105,0.57738,0.32268
0.65588,0.3156,0.58502,0.32013
0.65079,0.30795,0.58502,0.33033
0.65588,0.3105,0.57992,0.32268
0.65333,0.30286,0.57992,0.32523
0.66353,0.3105,0.57228,0.32268
0.66098,0.3156,0.57483,0.32013
0.65333,0.3156,0.57992,0.31758
0.65333,0.3156,0.58502,0.32268
0.64824,0.30795,0.58502,0.33033
0.65333,0.30286,0.57738,0.33033
0.65588,0.3105,0.57738,0.32268
0.66353,0.3105,0.57228,0.32268
0.65588,0.3156,0.57738,0.31758
0.64824,0.3156,0.58502,0.32013
0.64824,0.3105,0.58502,0.32523
0.65588,0.3105,0.57738,0.33288
0.65333,0.30286,0.57992,0.32523
0.66098,0.30795,0.57228,0.32523
0.66098,0.3156,0.57483,0.32013
0.65588,0.3156,0.57992,0.32013
0.64824,0.3105,0.58502,0.32268
0.65333,0.3105,0.57738,0.32268
0.65333,0.30286,0.57992,0.33033
0.66353,0.30286,0.57483,0.32268
0.66098,0.3105,0.57228,0.32523
0.65333,0.3156,0.57738,0.31758
0.65588,0.3105,0.57738,0.32268
0.64824,0.30795,0.58502,0.32523
0.64569,0.30286,0.58502,0.33033
0.65333,0.30286,0.57992,0.33033
0.66353,0.30795,0.57228,0.32523
0.65333,0.3105,0.57992,0.31503
0.65333,0.3156,0.58502,0.32013
0.64824,0.3105,0.58757,0.32778
0.65588,0.30286,0.57738,0.32778
0.65588,0.3105,0.57738,0.32268
0.66098,0.30541,0.57228,0.32523
0.65333,0.3156,0.57738,0.32013
0.64824,0.3156,0.57738,0.31758
0.65079,0.30795,0.58502,0.33033
0.65333,0.30286,0.57992,0.33033
0.65588,0.30286,0.57992,0.32523
0.66098,0.3105,0.57228,0.32268
0.66098,0.3156,0.57483,0.31758
0.65588,0.3156,0.58502,0.32013
0.65588,0.30795,0.57992,0.32268
0.65588,0.3105,0.58502,0.33033
0.65333,0.30286,0.57992,0.33033
0.65588,0.30795,0.57738,0.32268
0.65588,0.3105,0.57738,0.32523
0.65588,0.3156,0.57738,0.32013
0.65079,0.3156,0.58247,0.32523
0.65079,0.30286,0.58502,0.33033
0.65588,0.30286,0.57992,0.33033
0.65588,0.3105,0.57738,0.32268
0.66353,0.3105,0.57738,0.32268
0.65588,0.3156,0.57992,0.31758
0.64824,0.30795,0.58502,0.32268
0.65079,0.30286,0.58502,0.33033
0.66098,0.30286,0.57992,0.33033
0.66353,0.3105,0.57228,0.31758
0.65333,0.3156,0.57992,0.32013
0.65588,0.3105,0.57992,0.32268
0.64824,0.30795,0.57738,0.32523
0.64824,0.30286,0.58502,0.32778
0.66353,0.30286,0.57228,0.33033
0.66353,0.3105,0.57483,0.32523
0.65588,0.3156,0.57738,0.32013
0.65079,0.3105,0.58502,0.33033
0.65588,0.30286,0.57738,0.32778
0.66098,0.30795,0.57483,0.32268
0.66353,0.3156,0.57738,0.31758
0.64824,0.3156,0.58502,0.32523
0.64824,0.30286,0.58502,0.33033
0.65333,0.30286,0.57738,0.33033
0.66353,0.30795,0.57228,0.31503
0.65333,0.3105,0.57992,0.31758
0.65333,0.3105,0.57738,0.32268
0.65079,0.3105,0.58502,0.32523
0.64824,0.30286,0.58502,0.33288
0.65333,0.30286,0.57738,0.33033
0.66353,0.3105,0.57483,0.32268
0.65588,0.3105,0.57738,0.32013
0.65588,0.30795,0.57992,0.32268
0.65588,0.30795,0.57992,0.33033
0.65588,0.30795,0.57738,0.32268
0.65588,0.3105,0.57738,0.32523
0.65333,0.3156,0.57992,0.32523
0.64824,0.3105,0.58757,0.32523
0.65333,0.30286,0.57992,0.32523
0.66353,0.30541,0.57738,0.32268
0.65588,0.30795,0.57738,0.32268
0.65588,0.3156,0.57738,0.32268
0.65079,0.30795,0.57738,0.32268
0.65588,0.30286,0.57738,0.32523
0.66353,0.30795,0.57483,0.32268
0.65588,0.3105,0.57738,0.31758
0.65588,0.3156,0.57738,0.32268
0.65079,0.3105,0.58502,0.32523
0.65588,0.30286,0.57992,0.32523
0.65843,0.30286,0.57228,0.32523
0.66098,0.3156,0.57228,0.31758
0.65333,0.3156,0.58502,0.31758
0.64824,0.31305,0.58502,0.32268
0.64824,0.30541,0.57992,0.33033
0.65333,0.3105,0.57228,0.32523
0.65588,0.3156,0.57738,0.31758
0.64569,0.30795,0.58502,0.32523
0.65333,0.30286,0.57992,0.33033
0.65333,0.30795,0.57992,0.32778
0.65588,0.3105,0.57738,0.32013
0.65588,0.3105,0.57738,0.32268
0.64824,0.3105,0.58757,0.32268
0.65333,0.30286,0.57992,0.33033
0.66098,0.30795,0.57483,0.32268
0.66353,0.31815,0.56973,0.31758
0.65588,0.3156,0.58502,0.32013
0.64824,0.30795,0.58502,0.32268
0.64824,0.30286,0.58502,0.33033
0.66098,0.30286,0.57483,0.32523
0.66098,0.3156,0.57228,0.32013
0.65588,0.3156,0.58502,0.31758
0.65079,0.3105,0.58502,0.32268
0.65333,0.30286,0.57738,0.33288
0.66353,0.3105,0.57483,0.32268
0.65588,0.3105,0.57738,0.31758
0.65588,0.3156,0.58502,0.31758
0.65079,0.3105,0.58502,0.32268
0.65079,0.30286,0.57738,0.32268
0.66098,0.3105,0.57228,0.32778
0.66098,0.3156,0.57483,0.31758
0.64824,0.3156,0.58502,0.32013
0.64824,0.30286,0.58502,0.33033
0.65333,0.30286,0.57483,0.33033
0.66353,0.3156,0.57483,0.31758
0.65588,0.3156,0.57738,0.31758
0.65333,0.3105,0.57738,0.32268
0.64824,0.30286,0.58757,0.33033
0.65588,0.30286,0.57228,0.33033
0.66098,0.3105,0.57483,0.32268
0.65333,0.30795,0.57992,0.32268
0.65333,0.3156,0.57992,0.32013
0.64824,0.3156,0.58502,0.32523
0.64569,0.30286,0.58247,0.33033
0.65588,0.30286,0.57228,0.33288
0.65333,0.30795,0.57992,0.32523
0.66098,0.30795,0.57483,0.32523
0.65333,0.3156,0.57738,0.32013
0.64824,0.3156,0.58757,0.32523
0.64824,0.3105,0.58757,0.32268
0.65333,0.30286,0.57738,0.32778
0.66098,0.30541,0.57228,0.32523
0.66353,0.3156,0.57228,0.31758
0.65333,0.3156,0.57738,0.31758
0.65588,0.3105,0.57738,0.32523
0.64824,0.30795,0.58502,0.32268
0.64824,0.30031,0.58502,0.33033
0.65588,0.30286,0.57738,0.33033
0.65333,0.3105,0.57992,0.32268
0.65333,0.3105,0.57738,0.32523
0.65588,0.3156,0.57738,0.31758
0.65079,0.31305,0.58502,0.32268
0.65079,0.30286,0.58757,0.33033
0.65333,0.30286,0.57738,0.33033
0.66098,0.30795,0.57483,0.32268
0.65843,0.3105,0.57992,0.32013
0.65588,0.3156,0.57738,0.32268
0.64824,0.30795,0.57738,0.32523
0.65333,0.30286,0.57992,0.33033
0.66353,0.30541,0.57483,0.32523
0.66098,0.3156,0.57483,0.32013
0.65588,0.3156,0.58757,0.31758
0.64824,0.3105,0.57738,0.32523
0.65333,0.30286,0.57738,0.32268
0.66098,0.30795,0.57483,0.32523
0.66098,0.3156,0.57738,0.31758
0.65079,0.3156,0.58502,0.32268
0.64824,0.30541,0.58757,0.33033
0.66098,0.30286,0.57228,0.33033
0.66098,0.3156,0.57228,0.31758
0.65333,0.3156,0.57738,0.31758
0.65079,0.3105,0.57738,0.32268
0.65588,0.30286,0.57992,0.32523
0.66353,0.30795,0.57483,0.32523
0.65588,0.3156,0.57992,0.31758
0.65079,0.3156,0.58247,0.32523
0.65333,0.30795,0.57992,0.32523
0.65333,0.30286,0.57738,0.32268
0.66098,0.30795,0.57228,0.32268
0.66098,0.3156,0.57228,0.31758
0.65079,0.3156,0.58247,0.31758
0.64824,0.30795,0.58502,0.33033
0.65333,0.30286,0.57738,0.33033
0.66353,0.3105,0.57228,0.32268
0.66098,0.3156,0.57228,0.31758
0.65333,0.3156,0.58502,0.31758
0.64824,0.30286,0.58502,0.32268
0.65588,0.30286,0.57738,0.33033
0.66098,0.30795,0.57483,0.32523
0.65588,0.31305,0.57738,0.31758
0.65333,0.30541,0.57738,0.32268
0.65333,0.3105,0.57738,0.33288
0.65588,0.30286,0.57738,0.32523
0.66098,0.30795,0.57738,0.32268
0.65333,0.3156,0.58502,0.32013
0.64824,0.30795,0.58502,0.32268
0.65588,0.30286,0.57992,0.33033
0.66098,0.30286,0.57483,0.32268
0.65588,0.30795,0.57738,0.32013
0.65333,0.30795,0.57738,0.32268
0.65079,0.30795,0.58502,0.32268
0.65333,0.30286,0.57992,0.32778
0.66353,0.3105,0.57483,0.32523
0.66098,0.3156,0.57738,0.32268
0.65079,0.31815,0.58502,0.32523
0.64824,0.30286,0.58757,0.33033
0.66353,0.30286,0.57483,0.33033
0.66098,0.3156,0.57228,0.31758
0.65333,0.3156,0.58247,0.32013
0.65079,0.3105,0.57992,0.32523
0.65843,0.30795,0.57992,0.32523
0.65333,0.30795,0.57228,0.32523
0.65588,0.3156,0.57992,0.32268
0.65333,0.3105,0.57992,0.32268
0.65588,0.30286,0.57992,0.32523
0.65333,0.3105,0.57738,0.32268
0.65333,0.3105,0.57992,0.32523
0.65333,0.3105,0.57738,0.32268
0.65333,0.30286,0.57992,0.32523
0.66098,0.30795,0.57738,0.32268
0.65588,0.3156,0.57738,0.32268
0.65588,0.3105,0.57738,0.32268
0.65588,0.30286,0.57992,0.32268
0.66353,0.30795,0.57228,0.32523
0.65588,0.3156,0.57738,0.32268
0.64824,0.30795,0.58502,0.32523
0.65333,0.30286,0.57738,0.32523
0.66098,0.3105,0.57738,0.32268
0.65333,0.3156,0.57738,0.32268
0.65079,0.3105,0.58502,0.32523
0.65588,0.30286,0.57992,0.33288
0.66353,0.30031,0.57228,0.32268
0.66353,0.3156,0.57483,0.32013
0.65333,0.3156,0.57992,0.31758
0.65079,0.30795,0.58502,0.32523
0.65588,0.30795,0.57992,0.33033
0.66098,0.30541,0.57483,0.32268
0.65588,0.3156,0.57738,0.32013
0.65588,0.30795,0.58502,0.33033
0.65588,0.3105,0.57738,0.33033
0.65588,0.30286,0.57992,0.32268
0.66353,0.30795,0.57738,0.32523
0.65588,0.3156,0.57738,0.31758
0.65588,0.3105,0.58757,0.32523
0.65843,0.3105,0.57738,0.32268
0.65588,0.30286,0.57738,0.33033
0.66098,0.3105,0.57992,0.32523
0.66098,0.3156,0.57738,0.32013
0.64824,0.3156,0.58757,0.31758
0.65079,0.30541,0.58502,0.33033
0.65588,0.30541,0.57738,0.33033
0.66098,0.30795,0.57483,0.32523
0.65588,0.3156,0.57738,0.32013
0.65843,0.30795,0.57992,0.32268
0.65588,0.30795,0.57992,0.32268
0.66098,0.30286,0.57228,0.33033
0.66353,0.30795,0.57228,0.32523
0.65588,0.3105,0.57738,0.32268
0.64824,0.30795,0.58502,0.32778
0.65588,0.30286,0.57738,0.33288
0.66098,0.3105,0.57483,0.32268
0.65588,0.3156,0.57738,0.31503
0.64824,0.3156,0.58502,0.32523
0.65079,0.30286,0.58502,0.33033
0.66353,0.30286,0.57228,0.33033
0.66353,0.3105,0.57992,0.32778
0.65588,0.3156,0.57992,0.32268
0.64824,0.3105,0.57992,0.32268
0.65588,0.30286,0.57992,0.32523
0.66098,0.3105,0.57228,0.32523
0.65588,0.3156,0.57992,0.32268
0.65079,0.30795,0.58502,0.32523
0.65333,0.30031,0.57738,0.33033
0.66353,0.3105,0.57992,0.32268
0.65843,0.3156,0.57992,0.32268
0.65843,0.3105,0.57738,0.32523
0.65588,0.30795,0.57992,0.32268
0.65588,0.3156,0.57738,0.32013
0.64824,0.3105,0.58757,0.33033
0.65588,0.30286,0.57992,0.33033
0.66353,0.3105,0.57228,0.31503
0.65588,0.3156,0.57738,0.32013
0.64824,0.3105,0.58502,0.33033
0.66098,0.30286,0.57738,0.33033
0.65588,0.3105,0.57228,0.32523
0.65588,0.3156,0.57738,0.31758
0.65079,0.30286,0.58757,0.33033
0.65333,0.30286,0.57992,0.33033
0.65333,0.3105,0.57992,0.32268
0.66098,0.3105,0.57738,0.32778
0.65333,0.3156,0.57738,0.31758
0.64824,0.30795,0.58502,0.32268
0.65333,0.3105,0.57992,0.33288
0.65333,0.30286,0.57228,0.33033
0.66353,0.3156,0.57228,0.32013
0.65333,0.3156,0.57738,0.31758
0.64824,0.3105,0.58502,0.32268
0.64824,0.30286,0.58502,0.33033
0.65333,0.30286,0.57738,0.33033
0.66098,0.3156,0.57483,0.32268
0.65333,0.3156,0.57738,0.31758
0.64824,0.31305,0.58247,0.32268
0.64824,0.30286,0.58502,0.32778
0.66098,0.30286,0.57738,0.33033
0.66098,0.30795,0.57228,0.32013
0.65333,0.3156,0.57738,0.31503
0.65333,0.30795,0.57738,0.32523
0.65333,0.3105,0.57992,0.32268
0.65333,0.30286,0.57738,0.32268
0.66353,0.30795,0.57228,0.32523
0.65333,0.3156,0.57992,0.31758
0.65079,0.3156,0.58502,0.32268
0.64824,0.3105,0.58502,0.32268
0.65333,0.30795,0.58502,0.33288
0.65333,0.30286,0.57483,0.33033
0.66098,0.30795,0.57228,0.32013
0.65333,0.3105,0.57738,0.31503
0.65333,0.3105,0.57738,0.32268
0.65333,0.3105,0.57738,0.32523
0.65588,0.30541,0.57738,0.32268
0.66353,0.30795,0.57738,0.32268
0.66098,0.3156,0.57483,0.31758
0.65333,0.3156,0.57992,0.31503
0.65079,0.3105,0.58502,0.33033
0.65588,0.30286,0.57738,0.33033
0.65333,0.3105,0.57992,0.32268
0.66098,0.3105,0.57228,0.31758
0.66098,0.3156,0.57483,0.31758
0.64824,0.3156,0.58502,0.31758
0.64569,0.3105,0.58502,0.32523
0.65333,0.30541,0.57738,0.33033
0.66098,0.30286,0.57483,0.33033
0.66098,0.3105,0.57228,0.32523
0.65588,0.3156,0.57738,0.32013
0.65333,0.30795,0.57738,0.32523
0.65333,0.3105,0.57738,0.33033
0.65333,0.30286,0.57228,0.32523
0.66098,0.3156,0.57228,0.32013
0.64569,0.31815,0.58502,0.32013
0.64569,0.3105,0.58502,0.33033
0.66098,0.30286,0.57228,0.32268
0.66353,0.3105,0.57738,0.31758
0.65588,0.3105,0.57738,0.32268
0.65333,0.3105,0.58247,0.32268
0.65333,0.30795,0.57992,0.32523
0.66098,0.3105,0.57228,0.32268
0.66098,0.3156,0.57738,0.31758
0.64824,0.3156,0.58502,0.32013
0.64569,0.30286,0.58502,0.32778
0.66098,0.30286,0.57738,0.33033
0.66098,0.30795,0.56973,0.31758
0.65588,0.3156,0.57738,0.31758
0.65588,0.3105,0.57738,0.32268
0.65333,0.30795,0.57738,0.32268
0.65333,0.3105,0.57738,0.32268
0.66098,0.3105,0.57483,0.32268
0.65333,0.3156,0.57738,0.31758
0.64824,0.3156,0.58247,0.32268
0.64569,0.30286,0.58502,0.33033
0.65333,0.30286,0.57483,0.33033
0.66098,0.3105,0.57228,0.32268
0.65333,0.30795,0.57992,0.32268
0.65333,0.3156,0.57738,0.32268
0.65333,0.3105,0.58502,0.32523
0.65333,0.30286,0.57992,0.32523
0.66098,0.30541,0.57228,0.32523
0.66098,0.3156,0.57483,0.31758
0.65588,0.3156,0.58502,0.31503
0.64569,0.30795,0.58502,0.32268
0.65588,0.30286,0.57992,0.33033
0.66098,0.30795,0.57228,0.31758
0.65588,0.3156,0.57738,0.32013
0.65079,0.3105,0.58502,0.33033
0.65333,0.30286,0.57738,0.33033
0.66353,0.30286,0.57228,0.32268
0.65333,0.30795,0.57992,0.31758
0.65333,0.30795,0.57992,0.32523
0.64824,0.3105,0.57738,0.32268
0.65333,0.30286,0.57738,0.33033
0.65843,0.30795,0.57483,0.32268
0.66098,0.3156,0.57228,0.31758
0.65333,0.3156,0.57738,0.32013
0.65079,0.3105,0.58502,0.33033
0.65333,0.3105,0.57738,0.33033
0.66098,0.30286,0.57228,0.33033
0.66098,0.3105,0.57228,0.31503
0.65588,0.3156,0.57738,0.31758
0.65079,0.30795,0.58502,0.32268
0.65588,0.3105,0.57992,0.33033
0.65333,0.30286,0.57992,0.32268
0.66098,0.30795,0.57228,0.32268
0.65588,0.3156,0.57738,0.31758
0.65079,0.3156,0.58502,0.31758
0.64824,0.3105,0.58502,0.33033
0.65333,0.30286,0.57992,0.33033
0.65333,0.30795,0.57738,0.32523
0.65333,0.30795,0.57483,0.32523
0.65333,0.3156,0.57992,0.32268
0.64824,0.30795,0.58757,0.32523
0.65079,0.30286,0.58502,0.33033
0.66098,0.30286,0.57228,0.33033
0.66098,0.3105,0.57228,0.31758
0.65333,0.31815,0.57738,0.31503
0.65588,0.3105,0.58502,0.32268
0.65333,0.30795,0.58502,0.33033
0.65333,0.30031,0.57992,0.33033
0.66353,0.3105,0.57228,0.32268
0.65333,0.3105,0.57738,0.32013
0.65588,0.3156,0.57738,0.32268
0.64824,0.3105,0.58502,0.32523
0.65588,0.30541,0.57738,0.33288
0.66098,0.30286,0.57228,0.32268
0.66098,0.3156,0.57228,0.32013
0.64824,0.3156,0.58502,0.31758
0.64824,0.30795,0.58757,0.32523
0.65843,0.3105,0.57738,0.33033
0.65588,0.30795,0.57738,0.32268
0.65333,0.30795,0.57738,0.32268
0.65333,0.3156,0.57738,0.31758
0.64824,0.3156,0.58502,0.32268
0.64824,0.3105,0.57738,0.32268
0.65588,0.30286,0.57738,0.32268
0.66353,0.30286,0.57228,0.32268
0.66098,0.30795,0.57228,0.31758
0.65588,0.3156,0.57738,0.32013
0.65079,0.30795,0.58502,0.32268
0.65333,0.3105,0.57738,0.32523
0.65588,0.30286,0.57738,0.33033
0.66353,0.30795,0.57483,0.32523
0.65843,0.3156,0.57228,0.31758
0.65588,0.3156,0.57738,0.31758
0.65333,0.30795,0.57992,0.32523
0.65588,0.3105,0.58502,0.32013
0.65333,0.30286,0.57738,0.33033
0.66353,0.30795,0.57228,0.32268
0.66098,0.3156,0.57228,0.31758
0.64824,0.3156,0.58502,0.31758
0.64824,0.3105,0.58502,0.33033
0.65588,0.30286,0.57228,0.33033
0.66098,0.3105,0.57228,0.32268
0.65588,0.3156,0.57738,0.32013
0.65333,0.3105,0.58502,0.32268
0.64824,0.30286,0.58502,0.33033
0.66353,0.30286,0.57228,0.32523
0.66098,0.31305,0.57228,0.31758
0.65333,0.3105,0.57992,0.32523
0.64824,0.30795,0.58502,0.32268
0.65333,0.30031,0.57738,0.33033
0.66098,0.30286,0.56973,0.32523
0.66098,0.3156,0.57228,0.32013
0.64569,0.3156,0.58247,0.31758
0.64569,0.30286,0.58502,0.33033
0.65333,0.30286,0.57992,0.33033
0.65333,0.30795,0.57228,0.32268
0.65333,0.3105,0.57738,0.32268
0.65333,0.3156,0.57738,0.31758
0.65079,0.3105,0.58502,0.32523
0.65079,0.30286,0.58502,0.32268
0.65333,0.30541,0.57992,0.32523
0.66098,0.30795,0.57228,0.32268
0.65333,0.3105,0.57738,0.31503
0.65333,0.3105,0.57738,0.32268
0.65588,0.3105,0.57738,0.32523
0.65333,0.30286,0.57738,0.32268
0.66098,0.30541,0.57228,0.32268
0.66098,0.3156,0.57228,0.31758
0.64569,0.3156,0.57738,0.31503
0.64824,0.3105,0.58502,0.32523
0.65333,0.30286,0.57992,0.33033
0.65333,0.30541,0.57992,0.32523
0.65333,0.3105,0.57228,0.32268
0.65588,0.3156,0.57738,0.31758
0.64569,0.3105,0.58502,0.32268
0.65588,0.30795,0.57738,0.32523
0.65333,0.30286,0.57738,0.32268
0.66353,0.3105,0.57483,0.32523
0.65333,0.3105,0.57738,0.32013
0.65333,0.3105,0.57738,0.32268
0.65588,0.30795,0.58502,0.33033
0.65333,0.30286,0.57992,0.33033
0.66098,0.3105,0.57228,0.32523
0.65588,0.3156,0.57738,0.32013
0.64824,0.3105,0.58502,0.32268
0.65588,0.30286,0.57738,0.33033
0.66098,0.3105,0.57228,0.32268
0.65588,0.3156,0.57738,0.32268
0.64824,0.30795,0.58502,0.32523
0.66098,0.30286,0.57228,0.33288
0.66353,0.3156,0.57483,0.31758
0.65079,0.31305,0.58502,0.31503
0.65079,0.30795,0.58502,0.32778
0.66098,0.30541,0.57738,0.32778
0.65843,0.3105,0.57483,0.32268
0.65588,0.3156,0.57738,0.31758
0.65588,0.3105,0.57738,0.32268
0.64824,0.31305,0.57992,0.32268
0.65588,0.30286,0.57992,0.33033
0.66353,0.30286,0.57483,0.33033
0.65843,0.3105,0.57483,0.32013
0.65333,0.30795,0.57738,0.31758
0.65588,0.3156,0.57738,0.32268
0.65588,0.30795,0.58757,0.32268
0.65333,0.30286,0.57992,0.33033
0.66098,0.30286,0.57228,0.33033
0.65843,0.3105,0.57228,0.31758
0.65588,0.3156,0.57738,0.32013
0.65333,0.30795,0.57992,0.32268
0.64824,0.3105,0.58502,0.33033
0.65843,0.30286,0.57738,0.33033
0.65843,0.30286,0.57738,0.32523
0.66098,0.30541,0.57228,0.32523
0.66098,0.3156,0.57228,0.32013
0.64824,0.3156,0.58502,0.31758
0.64824,0.30795,0.58502,0.32523
0.65333,0.3105,0.57992,0.32778
0.65333,0.30286,0.57738,0.33033
0.66098,0.30795,0.57483,0.32268
0.65588,0.3105,0.57992,0.32523
0.65333,0.3156,0.57738,0.31758
0.64824,0.3156,0.58502,0.32268
0.65079,0.30286,0.58502,0.33033
0.66353,0.30286,0.57738,0.33033
0.66098,0.3105,0.57228,0.32268
0.65588,0.3156,0.57738,0.31758
0.65588,0.30795,0.57738,0.32268
0.65333,0.30795,0.57738,0.32268
0.65333,0.30031,0.57992,0.32268
0.66098,0.3105,0.57483,0.32523
0.65588,0.3156,0.57738,0.31758
0.64824,0.3156,0.58502,0.32778
0.65079,0.30031,0.58502,0.33033
0.66098,0.30286,0.57738,0.32268
0.66353,0.3105,0.57483,0.32268
0.65588,0.3156,0.57992,0.31758
0.65333,0.30795,0.57738,0.32268
0.65333,0.3105,0.58502,0.32268
0.64824,0.30286,0.58502,0.33033
0.65588,0.30286,0.57992,0.32523
0.65843,0.30795,0.57228,0.32268
0.66098,0.3156,0.57228,0.31758
0.65079,0.3156,0.58247,0.32013
0.64824,0.3105,0.58502,0.32268
0.65333,0.3105,0.57738,0.32268
0.65333,0.30286,0.57738,0.32523
0.66098,0.30541,0.57228,0.32268
0.66353,0.3156,0.57483,0.31758
0.65588,0.3156,0.58757,0.31503
0.64824,0.3105,0.58502,0.32268
0.65588,0.30286,0.57738,0.33033
0.65333,0.30795,0.57992,0.32523
0.65588,0.30795,0.57228,0.32523
0.65333,0.30795,0.57992,0.32268
0.65333,0.3105,0.58502,0.32268
0.65333,0.30286,0.57738,0.33288
0.66098,0.30541,0.57228,0.32268
0.66353,0.3156,0.57228,0.31758
0.64824,0.3156,0.58247,0.32013
0.64824,0.30286,0.58502,0.33033
0.65588,0.30286,0.57738,0.33033
0.65588,0.3105,0.57738,0.32268
0.66098,0.3105,0.57228,0.32523
0.65588,0.3156,0.57738,0.31758
0.65079,0.3105,0.58502,0.32268
0.64824,0.30286,0.58502,0.33033
0.66353,0.30286,0.57228,0.33033
0.66098,0.3105,0.57992,0.32523
0.65588,0.3156,0.57738,0.31758
0.65079,0.3156,0.58502,0.32268
0.64824,0.3105,0.58502,0.33033
0.65333,0.30286,0.57738,0.33033
0.65588,0.30541,0.57738,0.32268
0.65333,0.3105,0.57228,0.31758
0.65588,0.3156,0.57738,0.32013
0.64824,0.30795,0.58502,0.32778
0.64824,0.30286,0.58502,0.33033
0.66098,0.30286,0.57228,0.33033
0.66353,0.30795,0.57228,0.32268
0.65588,0.3156,0.57992,0.31758
0.65588,0.3105,0.57738,0.32268
0.64824,0.3105,0.57992,0.32268
0.65333,0.30286,0.57992,0.33033
0.66098,0.3105,0.57228,0.32268
0.66098,0.3156,0.57483,0.32013
0.65079,0.3156,0.57738,0.31758
0.64824,0.3105,0.58502,0.32013
0.65333,0.3105,0.57992,0.33033
0.65588,0.30031,0.57992,0.32268
0.66098,0.30795,0.57228,0.32268
0.65588,0.3105,0.57738,0.31758
0.65588,0.3156,0.57738,0.32268
0.65588,0.30795,0.57992,0.32268
0.64824,0.30286,0.58502,0.33033
0.66098,0.30286,0.57992,0.33033
0.65588,0.3105,0.57738,0.32523
0.66353,0.3105,0.57228,0.32268
0.65333,0.3156,0.57738,0.31503
0.64824,0.3156,0.58502,0.32268
0.65079,0.30795,0.58502,0.33033
0.66098,0.30286,0.57738,0.33288
0.66098,0.30286,0.57228,0.32523
0.66353,0.3156,0.57228,0.31503
0.65333,0.3156,0.57738,0.31503
0.65588,0.3105,0.57738,0.32268
0.65079,0.3105,0.58502,0.32268
0.65333,0.30286,0.57992,0.33033
0.66098,0.30031,0.57228,0.33033
0.66098,0.3156,0.57483,0.31758
0.65588,0.3105,0.57738,0.31758
0.65333,0.3105,0.57738,0.32523
0.65333,0.30541,0.58502,0.32268
0.65333,0.30286,0.57738,0.32523
0.66353,0.30286,0.57483,0.33033
0.66353,0.3105,0.57228,0.32268
0.65333,0.3156,0.57738,0.31758
0.65333,0.30795,0.57738,0.32268
0.65079,0.30286,0.58757,0.33033
0.65333,0.30286,0.57483,0.33033
0.66098,0.3105,0.57483,0.32268
0.65333,0.3105,0.57738,0.31758
0.65588,0.30795,0.57738,0.32523
0.64824,0.30795,0.58502,0.32268
0.65333,0.30286,0.57738,0.33033
0.66098,0.30286,0.57228,0.33033
0.66098,0.3156,0.57228,0.31758
0.65333,0.3156,0.57738,0.31758
0.65588,0.3105,0.57738,0.32268
0.64824,0.3105,0.57992,0.32523
0.65588,0.30286,0.57738,0.32268
0.65588,0.3105,0.57228,0.32523
0.65588,0.3156,0.57992,0.31758
0.64824,0.3105,0.58247,0.32523
0.64824,0.30286,0.58502,0.33033
0.66098,0.30286,0.57992,0.33033
0.66098,0.30795,0.57228,0.32523
0.65333,0.30795,0.57738,0.32013
0.65333,0.3156,0.57738,0.32268
0.64824,0.30795,0.58757,0.32268
0.64824,0.30795,0.57738,0.33033
0.65333,0.3105,0.57992,0.32523
0.66353,0.30541,0.57228,0.32268
0.65588,0.3156,0.57738,0.31758
0.64824,0.30795,0.58247,0.32268
0.64824,0.30286,0.58502,0.33033
0.66353,0.30286,0.57228,0.32523
0.65843,0.3156,0.57228,0.31758
0.64824,0.3156,0.58502,0.31758
0.64824,0.30541,0.58502,0.32523
0.65588,0.30286,0.57992,0.32268
0.66098,0.3105,0.57228,0.32268
0.66098,0.3156,0.57228,0.31758
0.65588,0.3105,0.57738,0.32268
0.65333,0.30795,0.58502,0.32268
0.65333,0.3105,0.57992,0.32268
0.66353,0.30795,0.57738,0.32268
0.65588,0.3156,0.57738,0.32523
0.64824,0.3105,0.58502,0.32268
0.65333,0.30286,0.57738,0.33033
0.66353,0.30795,0.57228,0.32523
0.66098,0.3156,0.57738,0.32523
0.65079,0.30795,0.58502,0.32523
0.65079,0.30286,0.57992,0.33033
0.66098,0.30286,0.57228,0.32268
0.66098,0.3156,0.57483,0.32013
0.64824,0.3156,0.58502,0.31503
0.65079,0.3105,0.58502,0.32523
0.65588,0.30795,0.57738,0.32523
0.65333,0.30795,0.57483,0.32268
0.65333,0.30795,0.57738,0.32268
0.65588,0.3105,0.58502,0.32268
0.65333,0.30795,0.57992,0.32268
0.65588,0.3105,0.57738,0.31758
0.65333,0.3105,0.57992,0.32268
0.65333,0.3105,0.58502,0.32523
0.65588,0.30286,0.57992,0.32268
0.66353,0.3105,0.57228,0.32268
0.65333,0.3156,0.57992,0.32013
0.64824,0.3105,0.58502,0.32268
0.65333,0.30286,0.57738,0.33033
0.65333,0.3105,0.57228,0.32268
0.65333,0.3105,0.57738,0.31503
0.64824,0.3156,0.57738,0.32268
0.65333,0.30795,0.57738,0.32268
0.65333,0.3105,0.57738,0.32268
0.66098,0.3105,0.57738,0.32268
0.65333,0.3156,0.57738,0.31758
0.65588,0.30795,0.57738,0.32268
0.65588,0.30795,0.57738,0.32268
0.65333,0.30286,0.57992,0.32523
0.66098,0.30795,0.57228,0.32268
0.65588,0.3105,0.57483,0.31503
0.64824,0.3156,0.58502,0.32523
0.65079,0.30795,0.58247,0.32268
0.65588,0.3105,0.57992,0.32268
0.66353,0.3105,0.57483,0.32523
0.65843,0.30795,0.57992,0.31758
0.65079,0.30541,0.58502,0.32268
0.65588,0.30286,0.57738,0.33288
0.65843,0.3105,0.57483,0.32523
0.66353,0.3156,0.57738,0.31758
0.64824,0.3156,0.58502,0.32268
0.65079,0.30286,0.57992,0.33033
0.66098,0.30286,0.57228,0.32523
0.66353,0.3156,0.57228,0.32013
0.64824,0.3156,0.57738,0.32013
0.65333,0.30795,0.57738,0.32268
0.65843,0.30795,0.57992,0.32268
0.66353,0.30795,0.57483,0.32523
0.65588,0.3156,0.57738,0.31758
0.64824,0.30795,0.58502,0.32268
0.65333,0.30286,0.57738,0.33033
0.66098,0.30286,0.57483,0.32268
0.66353,0.3156,0.57228,0.31758
0.65079,0.3156,0.57738,0.32268
0.65588,0.3105,0.57738,0.33288
0.65333,0.3105,0.57738,0.32268
0.66098,0.3156,0.57483,0.31503
0.64569,0.3156,0.58502,0.32268
0.65079,0.30286,0.58502,0.33033
0.65333,0.30795,0.57738,0.32268
0.65333,0.3105,0.57738,0.31758
0.65333,0.30795,0.57738,0.32268
0.65333,0.3105,0.57738,0.33033
0.65333,0.3105,0.57228,0.32268
0.66353,0.3156,0.57228,0.31758
0.64824,0.3156,0.58502,0.31503
0.64824,0.3105,0.57738,0.32268
0.65333,0.30286,0.57992,0.32523
0.66098,0.30795,0.57228,0.32523
0.65333,0.3156,0.57992,0.32268
0.65079,0.3156,0.58502,0.32523
0.65079,0.30286,0.58502,0.33033
0.65588,0.30286,0.57483,0.33033
0.66098,0.3105,0.57738,0.32268
0.65333,0.3156,0.57738,0.32268
0.64824,0.30795,0.57738,0.32268
0.65333,0.30286,0.57992,0.32523
0.65588,0.3105,0.57483,0.32523
0.65588,0.3156,0.57992,0.31758
0.64824,0.30795,0.58502,0.32523
0.65333,0.30286,0.57992,0.33033
0.66098,0.3105,0.56973,0.32013
0.65588,0.3156,0.57738,0.31758
0.65588,0.30795,0.57738,0.32268
0.65333,0.30795,0.57738,0.33033
0.65588,0.3105,0.57738,0.32778
0.65588,0.3105,0.57738,0.31758
0.65333,0.3105,0.57738,0.32268
0.65588,0.30795,0.58502,0.33033
0.66098,0.30286,0.57228,0.33033
0.66353,0.3105,0.57483,0.31758
0.64824,0.3156,0.58757,0.31758
0.64824,0.30795,0.58502,0.33033
0.66353,0.30031,0.57228,0.33033
0.66353,0.3156,0.57228,0.31758
0.64824,0.3105,0.58247,0.32268
0.65079,0.30286,0.58502,0.33033
0.66098,0.30286,0.57228,0.33033
0.66098,0.30795,0.57228,0.32523
0.65588,0.3156,0.57738,0.31758
0.64824,0.3156,0.58502,0.31758
0.64824,0.30795,0.58502,0.33033
0.65333,0.30286,0.57738,0.33033
0.66353,0.3105,0.57228,0.32268
0.66353,0.3156,0.57483,0.32013
0.65079,0.3156,0.57738,0.32268
0.65588,0.30795,0.57738,0.32523
0.65333,0.30286,0.57992,0.32268
0.66353,0.3105,0.57228,0.32268
0.65333,0.3156,0.57992,0.31758
0.64824,0.3105,0.58757,0.32523
0.65079,0.30286,0.58502,0.33033
0.66353,0.30286,0.57992,0.33033
0.66353,0.30795,0.57228,0.31758
0.65588,0.3156,0.57738,0.32013
0.65588,0.30795,0.58502,0.32268
0.65333,0.3105,0.57738,0.33033
0.65333,0.3105,0.58247,0.32523
0.66098,0.30795,0.57228,0.32268
0.65588,0.3156,0.57738,0.31758
0.64824,0.3105,0.58502,0.32523
0.65079,0.30286,0.57992,0.33033
0.66353,0.30286,0.57483,0.33288
0.66353,0.3156,0.57483,0.32013
0.65588,0.3156,0.57992,0.32013
0.65588,0.30795,0.57738,0.32268
0.64824,0.3105,0.57992,0.32268
0.65843,0.30031,0.57992,0.32523
0.66353,0.30541,0.57228,0.32523
0.66353,0.3156,0.57483,0.32013
0.65079,0.3156,0.58502,0.31758
0.64824,0.30795,0.58502,0.33033
0.65588,0.30286,0.57992,0.32523
0.66353,0.3105,0.57483,0.32268
0.65333,0.3156,0.57738,0.31503
0.65079,0.3105,0.58502,0.32523
0.65079,0.30286,0.57992,0.33033
0.66353,0.30286,0.57228,0.32523
0.66098,0.31305,0.57228,0.31758
0.64824,0.3156,0.58502,0.31758
0.64824,0.30286,0.58502,0.33033
0.66098,0.30286,0.57228,0.32268
0.66098,0.31305,0.57228,0.31758
0.65079,0.3156,0.58502,0.31758
0.65079,0.30286,0.58502,0.33288
0.66098,0.30286,0.57228,0.32523
0.66098,0.3156,0.57483,0.31758
0.65079,0.3156,0.58502,0.31758
0.64824,0.30286,0.58502,0.33033
0.65333,0.30031,0.57738,0.33033
0.65588,0.3105,0.57738,0.32268
0.65588,0.3105,0.57738,0.32523
0.65588,0.3105,0.57738,0.32268
0.65333,0.3105,0.58502,0.32268
0.65588,0.30286,0.57992,0.33033
0.66353,0.30541,0.57483,0.32523
0.65843,0.3156,0.57738,0.31758
0.65588,0.3105,0.57738,0.32268
0.65333,0.30795,0.57738,0.32523
0.65588,0.30031,0.57992,0.33033
0.66098,0.30795,0.57483,0.32268
0.66353,0.3156,0.57228,0.32013
0.65079,0.3156,0.57738,0.31758
0.65079,0.30286,0.58502,0.32778
0.66353,0.30286,0.57738,0.32523
0.66098,0.3105,0.57483,0.32778
0.65588,0.3156,0.57992,0.32268
0.65333,0.3105,0.57738,0.32523
0.65588,0.30286,0.57992,0.32523
0.66353,0.30795,0.57228,0.32523
0.65333,0.3156,0.57738,0.32523
0.65588,0.3105,0.57992,0.32268
0.65588,0.3105,0.57738,0.32268
0.65588,0.3156,0.57738,0.32013
0.64824,0.3105,0.58502,0.32523
0.65333,0.30795,0.57992,0.33033
0.65333,0.3105,0.57738,0.32268
0.65588,0.3105,0.57738,0.32778
0.65588,0.3105,0.57738,0.32268
0.64824,0.3105,0.58502,0.32523
0.65588,0.30031,0.57992,0.33033
0.65588,0.30795,0.57483,0.32523
0.65588,0.3105,0.57738,0.32013
0.65588,0.30795,0.57992,0.32268
0.64824,0.3105,0.58757,0.32268
0.65079,0.30286,0.58247,0.33288
0.65588,0.30286,0.57992,0.32268
0.66353,0.30795,0.57228,0.32013
0.65588,0.3156,0.57738,0.31758
0.65333,0.3156,0.58502,0.31758
0.64824,0.30795,0.58247,0.33033
0.65333,0.30286,0.57992,0.33033
0.66098,0.30286,0.57228,0.33033
0.66098,0.30795,0.57738,0.32523
0.65588,0.3156,0.57738,0.32013
0.64824,0.3156,0.58502,0.32268
0.65079,0.30541,0.58502,0.33033
0.66098,0.30286,0.57483,0.32523
0.66353,0.3156,0.57483,0.31758
0.65588,0.3105,0.57992,0.32268
0.65333,0.3105,0.57738,0.33033
0.65588,0.3105,0.57992,0.32523
0.65588,0.3105,0.57738,0.31758
0.65333,0.3105,0.57992,0.32268
0.65333,0.3105,0.57738,0.33033
0.65588,0.3105,0.57992,0.32268
0.65588,0.30795,0.57228,0.32268
0.65588,0.3156,0.57992,0.31758
0.64824,0.3156,0.58502,0.32523
0.64824,0.30795,0.58502,0.32778
0.65333,0.30286,0.57992,0.32268
0.66353,0.30286,0.57228,0.32268
0.66353,0.3105,0.57483,0.32268
0.65588,0.3156,0.57738,0.31758
0.65079,0.3156,0.58502,0.31758
0.65079,0.30286,0.58502,0.33033
0.65333,0.30795,0.57992,0.32268
0.66353,0.30795,0.57228,0.32268
0.65588,0.3156,0.57738,0.31758
0.65079,0.3156,0.58757,0.32268
0.64824,0.30286,0.58502,0.33288
0.65333,0.30286,0.57228,0.33033
0.66098,0.3156,0.57228,0.32268
0.65588,0.3156,0.57738,0.31758
0.65333,0.3105,0.57992,0.32523
0.65588,0.30795,0.57738,0.32268
0.65843,0.30031,0.57228,0.33033
0.66098,0.3105,0.57483,0.32268
0.65588,0.3156,0.57992,0.32778
0.64824,0.3105,0.58502,0.32268
0.65333,0.30286,0.57738,0.33033
0.66353,0.30286,0.57992,0.32268
0.66353,0.3105,0.57992,0.32268
0.65588,0.3105,0.57738,0.32013
0.65079,0.3156,0.58502,0.32523
0.65079,0.30286,0.58757,0.33033
0.65588,0.30286,0.57738,0.33033
0.65333,0.3105,0.57992,0.32523
0.66353,0.3105,0.57483,0.32268
0.65333,0.3156,0.57738,0.31758
0.64569,0.30795,0.58502,0.33033
0.65588,0.30541,0.57738,0.33033
0.65588,0.30286,0.57992,0.32268
0.66353,0.3105,0.57228,0.31758
0.65333,0.3105,0.57738,0.32013
0.65333,0.3105,0.57738,0.32268
0.64824,0.3105,0.58502,0.32268
0.65588,0.30286,0.57992,0.33033
0.66353,0.3105,0.57483,0.32013
0.65588,0.3156,0.58502,0.31758
0.65079,0.3105,0.58502,0.33288
0.65333,0.30286,0.57228,0.33033
0.66353,0.3105,0.57228,0.32268
0.65079,0.3156,0.57738,0.31758
0.65079,0.3105,0.58502,0.32523
0.65843,0.30286,0.57992,0.33033
0.66353,0.30795,0.57228,0.32268
0.65588,0.3156,0.57992,0.31758
0.65079,0.30795,0.58502,0.32523
0.65588,0.30031,0.57992,0.33033
0.65843,0.30795,0.57228,0.32523
0.65333,0.3156,0.57992,0.32013
0.64824,0.3105,0.58502,0.32778
0.65588,0.30286,0.57992,0.32778
0.66098,0.3105,0.57228,0.32268
0.65333,0.3156,0.57992,0.31758
0.64824,0.30795,0.58502,0.32523
0.65333,0.30286,0.57738,0.33033
0.66098,0.30795,0.57228,0.31758
0.65333,0.3156,0.57738,0.31758
0.65333,0.3105,0.58502,0.32523
0.65333,0.30286,0.57738,0.33288
0.66098,0.3156,0.57228,0.32523
0.65588,0.30795,0.57738,0.32013
0.65333,0.30795,0.57738,0.33033
0.65588,0.30795,0.58502,0.33033
0.65588,0.30286,0.57992,0.33033
0.66353,0.3105,0.57483,0.32268
0.65588,0.3156,0.57992,0.31758
0.64824,0.3156,0.58757,0.32268
0.65079,0.30286,0.58502,0.32778
