0.16136,0.81271,0.94443,0.57512
0.1741,0.82036,0.93168,0.56747
0.16645,0.82545,0.93933,0.57002
0.16136,0.82036,0.93678,0.57002
0.16645,0.82036,0.93933,0.56747
0.16645,0.828,0.93678,0.56492
0.15881,0.82036,0.93423,0.57002
0.16645,0.82036,0.93678,0.56747
0.1639,0.828,0.93933,0.56237
0.15881,0.82036,0.94188,0.57002
0.1741,0.81271,0.92913,0.56747
0.16645,0.82545,0.93678,0.56237
0.16136,0.82036,0.94188,0.56747
0.16645,0.81526,0.92913,0.57767
0.17155,0.82545,0.93168,0.56492
0.16136,0.82036,0.94443,0.57257
0.16645,0.81781,0.93933,0.57257
0.1741,0.82545,0.93168,0.56492
0.16136,0.82545,0.94443,0.57002
0.169,0.81526,0.93678,0.57512
0.16645,0.82036,0.93423,0.57257
0.16136,0.82036,0.94443,0.57002
0.169,0.81526,0.93678,0.57512
0.1741,0.82036,0.93168,0.57002
0.15881,0.82545,0.94443,0.56237
0.15881,0.81271,0.93933,0.57512
0.1741,0.82036,0.92913,0.56747
0.16645,0.82545,0.94443,0.56237
0.15881,0.81526,0.94443,0.57512
0.1741,0.81271,0.93933,0.57002
0.16645,0.82545,0.93678,0.56237
0.16136,0.82036,0.94443,0.56747
0.17155,0.81271,0.93168,0.57767
0.16645,0.82545,0.93933,0.56237
0.15881,0.82036,0.94443,0.56747
0.16645,0.81526,0.93168,0.57002
0.1741,0.82545,0.93678,0.56237
0.15881,0.82036,0.94443,0.56747
0.16645,0.82036,0.93933,0.57002
0.16645,0.82545,0.93678,0.56747
0.16136,0.8229,0.93678,0.57002
0.169,0.81781,0.93933,0.56747
0.16645,0.82545,0.93678,0.56492
0.16136,0.81526,0.94188,0.57512
0.1741,0.82036,0.93168,0.57002
0.16645,0.8229,0.93678,0.56747
0.1639,0.82036,0.93933,0.57257
0.17665,0.82036,0.93168,0.57002
0.16645,0.82036,0.93423,0.56747
0.16645,0.82036,0.93933,0.57257
0.1741,0.82036,0.92913,0.56747
0.169,0.82545,0.93423,0.56237
0.16136,0.82036,0.94188,0.56747
0.16645,0.82036,0.93423,0.57257
0.169,0.82036,0.92913,0.56237
0.1639,0.82545,0.94188,0.56747
0.16645,0.81526,0.93423,0.57257
0.1741,0.81781,0.92913,0.56747
0.169,0.82545,0.93423,0.56747
0.169,0.81781,0.93423,0.57002
0.169,0.81781,0.93423,0.57002
0.17155,0.82545,0.93423,0.56237
0.15881,0.82036,0.94188,0.56747
0.16645,0.81271,0.93423,0.57512
0.169,0.82036,0.92913,0.56747
0.16645,0.81781,0.94188,0.56747
0.16645,0.81271,0.93678,0.57512
0.1741,0.82036,0.92913,0.56747
0.16645,0.81781,0.93423,0.56747
0.169,0.82036,0.93423,0.57512
0.1741,0.81781,0.92658,0.56747
0.16136,0.82545,0.93423,0.56237
0.15881,0.81781,0.93423,0.56747
0.169,0.82036,0.93678,0.56747
0.16645,0.82545,0.93423,0.56492
0.16136,0.81526,0.94443,0.57512
0.1741,0.81526,0.92913,0.57002
0.16645,0.82545,0.93423,0.56747
0.15881,0.81781,0.93678,0.56747
0.16645,0.82036,0.93423,0.56747
0.16645,0.82545,0.93678,0.56237
0.16136,0.81271,0.94188,0.57512
0.1741,0.81526,0.93168,0.57002
0.169,0.82545,0.93423,0.56237
0.169,0.82036,0.94188,0.57002
0.17155,0.82036,0.92913,0.57002
0.169,0.82545,0.94443,0.56237
0.16645,0.82036,0.93678,0.57512
0.169,0.82036,0.92913,0.56747
0.169,0.828,0.93423,0.56747
0.16136,0.82036,0.94443,0.57002
0.16645,0.81781,0.93678,0.56747
0.169,0.82545,0.93423,0.55982
0.16136,0.81781,0.94443,0.57002
0.16645,0.81526,0.93678,0.57002
0.17665,0.82036,0.93168,0.56747
0.16645,0.82545,0.94443,0.56237
0.16136,0.81526,0.94443,0.57512
0.1741,0.81526,0.92913,0.57512
0.1741,0.82545,0.93423,0.56747
0.16136,0.82545,0.94443,0.57257
0.16645,0.81271,0.93678,0.56747
0.17155,0.82036,0.93933,0.57002
0.16645,0.82036,0.93678,0.56747
0.169,0.82036,0.93933,0.57512
0.16645,0.82036,0.93678,0.57002
0.16645,0.82545,0.94443,0.56492
0.1639,0.82036,0.94188,0.56747
0.169,0.82036,0.93678,0.56747
0.16645,0.82545,0.93678,0.56492
0.15881,0.81271,0.94443,0.56747
0.169,0.81271,0.93168,0.57512
0.1741,0.828,0.93168,0.56237
0.16136,0.82036,0.94443,0.56747
0.169,0.81271,0.93933,0.57767
0.1741,0.828,0.93168,0.56237
0.16136,0.82036,0.94443,0.57002
0.169,0.81271,0.93678,0.57512
0.1741,0.82545,0.93168,0.56492
0.16136,0.828,0.94443,0.57002
0.1639,0.81271,0.93678,0.57512
0.1741,0.8229,0.93168,0.56492
0.16136,0.828,0.93933,0.56237
0.16136,0.8229,0.94443,0.57512
0.1741,0.81271,0.93168,0.57002
0.17665,0.828,0.93168,0.56237
0.16136,0.82545,0.94443,0.57002
0.16136,0.81526,0.93678,0.57512
0.17155,0.82036,0.93423,0.57002
0.16645,0.82545,0.93933,0.56492
0.16136,0.8229,0.93933,0.57002
0.1741,0.81271,0.93933,0.57512
0.1741,0.82545,0.93168,0.56492
0.16136,0.828,0.93933,0.56237
0.16136,0.81271,0.94443,0.57512
0.1741,0.81271,0.93168,0.57002
0.17155,0.82545,0.93168,0.56492
0.16136,0.82036,0.94443,0.56747
0.16645,0.81526,0.93678,0.57767
0.1741,0.82036,0.93423,0.56747
0.16645,0.82545,0.93678,0.56492
0.16136,0.81526,0.94443,0.57512
0.17155,0.81271,0.93168,0.56747
0.1741,0.82545,0.93168,0.56492
0.16136,0.82036,0.94443,0.57002
0.16645,0.81526,0.93933,0.57512
0.1741,0.82036,0.93168,0.57002
0.169,0.81781,0.93678,0.57002
0.16136,0.82036,0.94443,0.57767
0.1741,0.81526,0.93168,0.57512
0.1741,0.82036,0.93933,0.56237
0.16645,0.8229,0.93678,0.57002
0.1639,0.81526,0.93933,0.57767
0.1639,0.82036,0.93423,0.57002
0.1639,0.82545,0.93933,0.56237
0.16136,0.82036,0.94443,0.57002
0.16645,0.81271,0.93933,0.57767
0.17155,0.82545,0.93168,0.56492
0.169,0.828,0.93678,0.56237
0.16136,0.8229,0.94443,0.56747
0.16645,0.81526,0.93168,0.57512
0.1741,0.8229,0.93168,0.56492
0.16136,0.82036,0.94443,0.57002
0.16645,0.81526,0.93933,0.57002
0.17665,0.82545,0.93168,0.56237
0.16136,0.82036,0.93678,0.57257
0.169,0.82036,0.93933,0.57257
0.169,0.82036,0.93933,0.56492
0.15881,0.81781,0.94443,0.57512
0.16645,0.81271,0.93933,0.56747
0.16645,0.82036,0.93933,0.56492
0.16136,0.82036,0.94443,0.57512
0.1741,0.81271,0.93933,0.57002
0.16645,0.828,0.93678,0.56492
0.16136,0.81271,0.94443,0.57767
0.17155,0.81271,0.93423,0.57512
0.17155,0.82545,0.93423,0.56237
0.15881,0.8229,0.94443,0.56747
0.1639,0.81526,0.94188,0.57002
0.169,0.82036,0.93933,0.57002
0.16136,0.82036,0.94443,0.57002
0.16645,0.81526,0.94188,0.57512
0.17665,0.82545,0.92913,0.56492
0.15881,0.828,0.94443,0.57002
0.169,0.81526,0.93933,0.57767
0.1741,0.82036,0.93168,0.56492
0.16136,0.82545,0.94443,0.56492
0.16645,0.81526,0.93933,0.57767
0.17665,0.82036,0.94188,0.57002
0.169,0.82545,0.93933,0.57002
0.16645,0.82036,0.93933,0.57512
0.17155,0.82036,0.93168,0.56492
0.16645,0.82545,0.93933,0.56492
0.16136,0.82036,0.93933,0.56747
0.169,0.81781,0.93933,0.57512
0.16645,0.81781,0.93423,0.57257
0.169,0.82036,0.93933,0.57002
0.16645,0.82036,0.93933,0.57512
0.1639,0.82036,0.93933,0.57257
0.169,0.828,0.93933,0.56492
0.16136,0.81526,0.94443,0.57512
0.16645,0.81271,0.93678,0.57512
0.1741,0.81781,0.93168,0.57002
0.16645,0.82036,0.93933,0.56747
0.16645,0.82036,0.93933,0.57002
0.16645,0.82036,0.93933,0.57002
0.16645,0.828,0.93933,0.56492
0.16136,0.82036,0.94443,0.57002
0.169,0.81526,0.93678,0.57002
0.16645,0.82036,0.93933,0.57002
0.169,0.81781,0.93933,0.57002
0.16645,0.82036,0.93933,0.57512
0.1741,0.82545,0.93168,0.57002
0.15881,0.82545,0.94443,0.56492
0.16136,0.81016,0.94443,0.57767
0.1741,0.81271,0.93423,0.57002
0.169,0.82545,0.93933,0.56747
0.16136,0.82036,0.94697,0.57002
0.16645,0.82036,0.93933,0.57767
0.1741,0.82036,0.93933,0.57002
0.169,0.82036,0.93933,0.57002
0.16136,0.81526,0.94443,0.57767
0.17155,0.81526,0.93168,0.56747
0.17155,0.82545,0.93423,0.56492
0.15881,0.82036,0.94443,0.57002
0.169,0.81271,0.93678,0.57002
0.1741,0.82036,0.93168,0.55982
0.16645,0.82545,0.93933,0.56492
0.15881,0.8229,0.94443,0.57767
0.1741,0.81271,0.93423,0.57002
0.1741,0.82545,0.93933,0.56237
0.16136,0.82036,0.94697,0.57002
0.16645,0.81526,0.94188,0.57002
0.16645,0.82036,0.93423,0.57002
0.16645,0.82036,0.93933,0.56747
0.169,0.81526,0.93933,0.57767
0.16645,0.82036,0.93933,0.57002
0.16136,0.82036,0.94443,0.57257
0.17155,0.81271,0.93168,0.57257
0.17665,0.82545,0.93423,0.56492
0.1639,0.8229,0.94443,0.56747
0.1741,0.81526,0.93168,0.57512
0.16645,0.82545,0.93933,0.56237
0.16136,0.82036,0.94443,0.56747
0.169,0.81271,0.93168,0.57512
0.17155,0.82036,0.93933,0.57002
0.16645,0.82545,0.94443,0.56237
0.16136,0.81526,0.94443,0.57512
0.1741,0.82036,0.93168,0.56747
0.169,0.82036,0.93933,0.56747
0.16645,0.8229,0.93933,0.57002
0.1639,0.82036,0.93933,0.57002
0.169,0.828,0.93933,0.56492
0.16136,0.81781,0.93933,0.56747
0.16645,0.82036,0.93933,0.57002
0.16645,0.82545,0.93933,0.56237
0.16136,0.81526,0.94443,0.57767
0.1741,0.82036,0.93168,0.56747
0.169,0.82036,0.94443,0.57002
0.1741,0.81526,0.93423,0.56747
0.16645,0.82545,0.93933,0.57002
0.1639,0.8229,0.93933,0.57512
0.17155,0.82036,0.93168,0.56492
0.169,0.82545,0.94697,0.56492
0.16136,0.81526,0.94188,0.57512
0.1741,0.82036,0.93168,0.56747
0.169,0.82036,0.93933,0.56747
0.169,0.81526,0.93933,0.57512
0.1741,0.82545,0.93423,0.56492
0.16136,0.82036,0.94443,0.57002
0.16645,0.82036,0.93933,0.57002
0.1741,0.82036,0.93933,0.57002
0.16645,0.82036,0.94188,0.56747
0.16645,0.82036,0.93933,0.57512
0.169,0.82036,0.93168,0.57002
0.1639,0.82545,0.93933,0.56237
0.16136,0.81526,0.94697,0.57512
0.17155,0.81526,0.93168,0.57002
0.17155,0.82545,0.93423,0.56492
0.15881,0.81781,0.94443,0.56747
0.16645,0.81526,0.93933,0.57512
0.1741,0.82036,0.93168,0.56747
0.16645,0.82545,0.93678,0.57002
0.169,0.82036,0.93933,0.57512
0.17665,0.82036,0.93168,0.56747
0.169,0.82545,0.93423,0.56237
0.16136,0.81781,0.94443,0.56747
0.169,0.81526,0.93168,0.57767
0.17155,0.82545,0.93168,0.56237
0.15881,0.82545,0.93678,0.56747
0.169,0.81781,0.93678,0.57767
0.1741,0.82036,0.93168,0.55982
0.16645,0.82545,0.93933,0.56747
0.15881,0.81781,0.93933,0.56747
0.169,0.81781,0.93678,0.57002
0.169,0.82036,0.93933,0.56237
0.169,0.81781,0.94443,0.57002
0.16645,0.82036,0.93678,0.56747
0.1639,0.82545,0.93423,0.56237
0.16645,0.82036,0.93423,0.56747
0.17155,0.81781,0.93168,0.56747
0.16645,0.82545,0.93678,0.56747
0.16645,0.8229,0.93678,0.57512
0.1741,0.81526,0.93168,0.56747
0.16136,0.82545,0.94443,0.56237
0.169,0.81271,0.93678,0.57257
0.16645,0.8229,0.92913,0.56747
0.16645,0.82036,0.93423,0.56747
0.169,0.81271,0.93423,0.57512
0.1741,0.82545,0.93168,0.56237
0.15881,0.82036,0.94188,0.56747
0.1639,0.82036,0.93933,0.57002
0.1639,0.82036,0.93423,0.56492
0.169,0.81781,0.93423,0.56747
0.169,0.81526,0.93678,0.57512
0.1741,0.82036,0.92913,0.56747
0.16136,0.82545,0.93423,0.56237
0.169,0.82036,0.94188,0.57257
0.1741,0.81781,0.92913,0.56747
0.169,0.828,0.93423,0.56237
0.169,0.82036,0.94443,0.56747
0.169,0.82036,0.93933,0.57002
0.169,0.82036,0.93678,0.56237
0.16136,0.81526,0.94443,0.56747
0.16645,0.81526,0.93678,0.57512
0.17155,0.81781,0.93168,0.56237
0.169,0.82545,0.94443,0.56237
0.16136,0.81271,0.94188,0.57257
0.169,0.81781,0.93678,0.56747
0.16645,0.82036,0.93678,0.56237
0.169,0.82036,0.93678,0.56747
0.16645,0.81016,0.93678,0.57512
0.1741,0.82036,0.92913,0.56237
0.169,0.82545,0.93423,0.55982
0.16136,0.82036,0.94188,0.57002
0.1741,0.81526,0.93933,0.57002
0.169,0.82036,0.93678,0.56237
0.169,0.82036,0.93678,0.56747
0.169,0.81271,0.93678,0.57512
0.1741,0.82036,0.93168,0.56747
0.16645,0.82545,0.93423,0.56237
0.16136,0.81526,0.94443,0.57512
0.17155,0.82036,0.92913,0.57002
0.169,0.82545,0.93423,0.56747
0.169,0.82036,0.93933,0.56747
0.16645,0.82036,0.93168,0.57002
0.16645,0.82545,0.93678,0.56492
0.169,0.8229,0.93678,0.56747
0.16645,0.82036,0.93678,0.56747
0.16645,0.82545,0.93423,0.56237
0.16136,0.82036,0.94188,0.56747
0.16645,0.82036,0.93678,0.56747
0.17155,0.81781,0.93423,0.57002
0.169,0.82036,0.93423,0.56747
0.16645,0.81781,0.93933,0.57512
0.16645,0.82036,0.93678,0.56747
0.16645,0.82545,0.93933,0.56237
0.16136,0.82036,0.94188,0.57002
0.169,0.81526,0.93678,0.57512
0.17665,0.82545,0.92913,0.56747
0.16645,0.82545,0.93678,0.57002
0.16136,0.82036,0.94188,0.57002
0.16645,0.82036,0.93678,0.57002
0.169,0.82036,0.93678,0.56747
0.169,0.82036,0.93423,0.56747
0.16645,0.81271,0.93678,0.57512
0.17155,0.82036,0.92913,0.56747
0.16645,0.82545,0.93933,0.56492
0.1639,0.82036,0.93678,0.56747
0.16645,0.82036,0.93678,0.56747
0.1741,0.82036,0.93678,0.57002
0.16645,0.82545,0.93678,0.56747
0.169,0.81781,0.93678,0.57002
0.169,0.82036,0.93678,0.56747
0.17155,0.82545,0.93168,0.56492
0.16136,0.82545,0.94188,0.56747
0.16136,0.81526,0.94443,0.57257
0.1741,0.81271,0.92913,0.56747
0.17665,0.82036,0.93678,0.56237
0.16645,0.8229,0.94443,0.56747
0.169,0.81271,0.93933,0.57512
0.1741,0.82036,0.93168,0.56747
0.169,0.82545,0.93423,0.56747
0.16136,0.82036,0.94443,0.56747
0.169,0.82036,0.93933,0.57002
0.169,0.82036,0.93678,0.56237
0.16136,0.82036,0.93933,0.56747
0.1639,0.81271,0.93933,0.56747
0.1741,0.82036,0.93933,0.56747
0.169,0.81781,0.93678,0.56747
0.16645,0.81271,0.93678,0.57257
0.17155,0.82036,0.92913,0.56237
0.169,0.82545,0.93933,0.56237
0.16136,0.81271,0.94443,0.57512
0.1741,0.82036,0.93168,0.56747
0.169,0.82545,0.93678,0.56747
0.16136,0.82036,0.94443,0.57002
0.169,0.82036,0.93933,0.57002
0.16645,0.82545,0.93423,0.56237
0.16136,0.81271,0.94443,0.57512
0.16645,0.81526,0.93678,0.57767
0.17665,0.82545,0.93168,0.56237
0.16645,0.82036,0.94443,0.56747
0.1639,0.81271,0.93678,0.57002
0.16645,0.81781,0.93678,0.56237
0.16136,0.82036,0.94443,0.57512
0.1741,0.81526,0.92913,0.56747
0.16645,0.8229,0.93933,0.56492
0.1639,0.82036,0.94443,0.57257
0.1741,0.81526,0.93168,0.56747
0.169,0.82545,0.93678,0.56237
0.15881,0.8229,0.93933,0.57002
0.1741,0.82036,0.93168,0.56237
0.169,0.82036,0.93678,0.57002
0.169,0.82036,0.93678,0.57512
0.1741,0.82036,0.93168,0.56747
0.16136,0.8229,0.94443,0.56747
0.16645,0.81271,0.93678,0.57512
0.1741,0.81781,0.93168,0.57002
0.169,0.82036,0.93933,0.56492
0.16645,0.81271,0.93678,0.57512
0.1741,0.82036,0.93678,0.56747
0.169,0.82545,0.93933,0.56747
0.16645,0.82036,0.93933,0.57002
0.169,0.81781,0.93933,0.56747
0.169,0.82545,0.93933,0.56237
0.16136,0.82036,0.94443,0.57002
0.1741,0.81526,0.93168,0.57002
0.16645,0.82545,0.93678,0.56747
0.15881,0.82036,0.93678,0.56747
0.17155,0.81781,0.93168,0.56747
0.169,0.82545,0.93678,0.56237
0.16136,0.81271,0.94443,0.57512
0.17155,0.82036,0.93168,0.57002
0.169,0.82036,0.93933,0.56747
0.169,0.81526,0.93933,0.57512
0.16645,0.81781,0.93933,0.57002
0.16645,0.82036,0.93933,0.57002
0.169,0.81526,0.93678,0.57512
0.1741,0.82036,0.93678,0.56237
0.16136,0.81271,0.94443,0.56747
0.16645,0.81526,0.93168,0.57512
0.1741,0.82545,0.93168,0.56237
0.1639,0.82545,0.93678,0.56237
0.16645,0.82036,0.93678,0.56747
0.16645,0.82036,0.93678,0.57002
0.16645,0.82036,0.93933,0.56237
0.16136,0.82036,0.94188,0.57002
0.169,0.81526,0.93933,0.57512
0.1741,0.81781,0.92913,0.56237
0.16136,0.82545,0.93678,0.55982
0.16136,0.81271,0.94443,0.57767
0.17155,0.81526,0.93168,0.56747
0.169,0.82545,0.93678,0.56237
0.16136,0.81781,0.94443,0.56747
0.16645,0.81526,0.93678,0.57512
0.17155,0.82036,0.93168,0.56747
0.169,0.8229,0.93933,0.56237
0.16136,0.81526,0.94443,0.57257
0.1741,0.81526,0.93168,0.57512
0.1741,0.81781,0.92913,0.56237
0.15881,0.82545,0.94443,0.56747
0.169,0.81526,0.93678,0.57512
0.1741,0.81781,0.92913,0.56237
0.169,0.82545,0.94188,0.56492
0.16136,0.81016,0.93933,0.57257
0.17665,0.81781,0.93168,0.56747
0.169,0.828,0.93678,0.56237
0.15881,0.81271,0.94443,0.57512
0.1741,0.81271,0.92913,0.56747
0.17665,0.82545,0.93168,0.56237
0.16136,0.82036,0.94443,0.56747
0.169,0.81526,0.93678,0.57512
0.16645,0.82036,0.93168,0.56492
0.1639,0.82545,0.94443,0.56492
0.16136,0.81526,0.94188,0.57767
0.169,0.81781,0.93678,0.57002
0.16645,0.82545,0.93423,0.56492
0.16136,0.82036,0.94443,0.57512
0.16645,0.81526,0.93678,0.57512
0.17155,0.82545,0.92913,0.55982
0.16136,0.82545,0.94443,0.56492
0.16136,0.81526,0.94443,0.57512
0.1741,0.82036,0.93168,0.56492
0.169,0.82545,0.93933,0.56237
0.16136,0.81271,0.94443,0.56747
0.16645,0.81526,0.93168,0.57512
0.1741,0.82545,0.93168,0.56237
0.16136,0.828,0.94443,0.56237
0.16136,0.81526,0.94443,0.57512
0.1639,0.81781,0.93678,0.56747
0.16645,0.82545,0.93678,0.55982
0.16136,0.8229,0.93678,0.57002
0.16645,0.82036,0.93678,0.57002
0.1639,0.82036,0.93678,0.55982
0.16136,0.81781,0.94443,0.56747
0.16645,0.82036,0.93933,0.57767
0.16645,0.82036,0.93168,0.57002
0.169,0.82545,0.93678,0.56237
0.16136,0.81781,0.94188,0.56747
0.16645,0.81271,0.93678,0.57512
0.1741,0.82036,0.93168,0.56237
0.16645,0.82545,0.93423,0.56492
0.16645,0.81781,0.93423,0.56747
0.1741,0.81781,0.93168,0.56747
0.169,0.82545,0.94188,0.55982
0.16136,0.81526,0.94188,0.57512
0.17155,0.82036,0.92913,0.56747
0.16645,0.82036,0.93423,0.56237
0.16136,0.81526,0.94188,0.57512
0.169,0.81781,0.93423,0.57002
0.16645,0.82545,0.93423,0.55982
0.16136,0.81781,0.94188,0.56747
0.169,0.81271,0.93678,0.57257
0.1741,0.81781,0.92913,0.56237
0.16136,0.828,0.94188,0.56237
0.16136,0.81271,0.93933,0.57257
0.1741,0.81781,0.92913,0.57002
0.16645,0.82545,0.93423,0.56237
0.16645,0.82036,0.93423,0.56747
0.169,0.82036,0.93678,0.57002
0.169,0.82545,0.93423,0.55982
0.15881,0.82036,0.94188,0.57257
0.16645,0.81271,0.92658,0.57512
0.17665,0.828,0.92658,0.55982
0.15881,0.82036,0.94188,0.56747
0.169,0.81526,0.93423,0.56747
0.16645,0.82545,0.93423,0.56237
0.1639,0.81271,0.93933,0.57257
0.169,0.81271,0.93423,0.57512
0.1741,0.82545,0.93168,0.55982
0.16136,0.82545,0.94188,0.55982
0.16645,0.81781,0.93423,0.57512
0.16645,0.82036,0.92913,0.56747
0.169,0.82545,0.93423,0.56237
0.16136,0.82036,0.94188,0.56747
0.16645,0.81526,0.93423,0.57512
0.1741,0.81781,0.92913,0.56747
0.169,0.82545,0.93423,0.55982
0.16136,0.81781,0.94188,0.56747
0.169,0.81271,0.93423,0.57257
0.17665,0.82036,0.92913,0.56747
0.169,0.82545,0.93423,0.56237
0.1639,0.82036,0.94188,0.56747
0.16645,0.82036,0.93423,0.56492
0.1741,0.81781,0.92913,0.56492
0.16645,0.82036,0.93423,0.55982
0.16136,0.81271,0.94188,0.57512
0.1741,0.81271,0.92913,0.56747
0.169,0.82545,0.93423,0.56237
0.16136,0.82036,0.94443,0.56747
0.16645,0.81271,0.93678,0.57512
0.1741,0.8229,0.93168,0.55982
0.16136,0.81781,0.94188,0.56747
0.16645,0.81271,0.93423,0.56747
0.169,0.8229,0.93423,0.55982
0.16136,0.82036,0.94188,0.57512
0.1741,0.81271,0.92913,0.56747
0.169,0.82545,0.93423,0.55982
0.169,0.82036,0.93423,0.56747
0.169,0.81781,0.93678,0.56747
0.169,0.82545,0.93423,0.55982
0.16136,0.81271,0.93423,0.57512
0.17155,0.82036,0.93168,0.56747
0.169,0.82545,0.93423,0.56747
0.1639,0.81271,0.93678,0.57512
0.1741,0.82036,0.93168,0.56747
0.16136,0.82545,0.93423,0.56237
0.16136,0.81016,0.94188,0.57512
0.1741,0.81271,0.93678,0.57002
0.169,0.82545,0.93423,0.56237
0.16136,0.81271,0.94188,0.57512
0.1741,0.82036,0.92913,0.56747
0.169,0.82545,0.93678,0.56747
0.169,0.81781,0.94443,0.57257
0.1741,0.82036,0.92913,0.56747
0.17155,0.81781,0.93423,0.56747
0.169,0.81016,0.93678,0.57512
0.1741,0.82545,0.92913,0.55982
0.16136,0.82036,0.94443,0.56747
0.169,0.81781,0.93423,0.56747
0.16645,0.81781,0.93423,0.56237
0.169,0.82036,0.93423,0.57002
0.16645,0.81271,0.93423,0.57512
0.17155,0.82545,0.92913,0.56237
0.1639,0.82545,0.94188,0.56747
0.169,0.81271,0.93423,0.56747
0.17155,0.81781,0.93168,0.56747
0.169,0.81781,0.93678,0.56747
0.16645,0.82036,0.93423,0.56747
0.16645,0.81781,0.93678,0.57002
0.16645,0.82036,0.93678,0.55982
0.16645,0.81781,0.93423,0.56747
0.169,0.81271,0.93678,0.57512
0.1741,0.82545,0.93168,0.56237
0.16136,0.82545,0.94188,0.56747
0.169,0.81526,0.93678,0.56747
0.1741,0.82036,0.93168,0.56747
0.16645,0.81781,0.94188,0.56747
0.169,0.81271,0.93678,0.57512
0.1741,0.82545,0.93168,0.56237
0.16136,0.82545,0.93933,0.56747
0.16645,0.81271,0.93678,0.57512
0.169,0.82036,0.92913,0.57002
0.16645,0.82545,0.93933,0.56237
0.16645,0.82036,0.93423,0.56747
0.16645,0.82036,0.93678,0.56747
0.169,0.82545,0.93423,0.56237
0.16136,0.81781,0.94188,0.57257
0.169,0.81271,0.93168,0.57512
0.1741,0.81781,0.93168,0.56237
0.15881,0.82545,0.94443,0.55982
0.16136,0.81271,0.94443,0.57512
0.17665,0.81271,0.93168,0.57512
0.1741,0.82545,0.92913,0.56237
0.16136,0.81781,0.94188,0.56747
0.16645,0.81271,0.93678,0.56747
0.16645,0.82036,0.92913,0.55982
0.16136,0.81781,0.94443,0.56747
0.169,0.81271,0.93678,0.56747
0.169,0.82545,0.93678,0.56237
0.16136,0.81271,0.94443,0.57512
0.169,0.81271,0.92913,0.57257
0.17665,0.82545,0.92913,0.56237
0.16136,0.82036,0.93933,0.56747
0.16645,0.81781,0.93423,0.56747
0.169,0.82036,0.93678,0.56237
0.15881,0.82036,0.94443,0.56747
0.16645,0.81271,0.92913,0.57512
0.1741,0.82545,0.93933,0.56237
0.16136,0.82036,0.94188,0.56747
0.169,0.81271,0.93678,0.56747
0.16645,0.82036,0.93678,0.55982
0.16136,0.82036,0.94443,0.56747
0.17665,0.81526,0.93168,0.56747
0.16645,0.82545,0.93933,0.56237
0.16136,0.81271,0.94443,0.57512
0.17155,0.81271,0.92913,0.56747
0.169,0.82545,0.93423,0.56747
0.16136,0.81781,0.93933,0.56747
0.17155,0.82036,0.93168,0.56747
0.15881,0.828,0.93678,0.56492
0.169,0.81526,0.93678,0.56747
0.1741,0.82036,0.93168,0.56747
0.169,0.81781,0.93933,0.56747
0.16645,0.81271,0.93678,0.57257
0.1741,0.82036,0.93678,0.56747
0.169,0.82545,0.94443,0.56747
0.16645,0.81526,0.93678,0.57512
0.16645,0.82036,0.93678,0.56747
0.16645,0.82036,0.93678,0.56747
0.16645,0.81271,0.93168,0.57257
0.1741,0.82036,0.93168,0.56237
0.16136,0.82545,0.93678,0.56237
0.16136,0.81271,0.94188,0.57257
0.1741,0.81526,0.93168,0.56747
0.16645,0.82545,0.93678,0.57002
0.16136,0.82036,0.94443,0.56747
0.169,0.81271,0.93933,0.56747
0.16645,0.82036,0.93423,0.55982
0.16136,0.81781,0.94443,0.56747
0.1741,0.81271,0.93678,0.57512
0.17665,0.82545,0.92658,0.56237
0.16136,0.81526,0.94443,0.56747
0.16645,0.81526,0.93168,0.57767
0.1741,0.82545,0.93168,0.56237
0.1639,0.82545,0.94443,0.56747
0.16645,0.81271,0.93678,0.57512
0.1741,0.82036,0.92913,0.56747
0.16645,0.82545,0.93678,0.57002
0.16645,0.81781,0.94443,0.57512
0.17155,0.81271,0.92913,0.56747
0.169,0.82545,0.93423,0.56237
0.16136,0.81781,0.94188,0.57512
0.16645,0.81526,0.93423,0.56492
0.16645,0.82036,0.93423,0.56747
0.16645,0.81781,0.93678,0.56747
0.16645,0.81271,0.93933,0.57512
0.1741,0.82545,0.93168,0.56237
0.16136,0.82545,0.94443,0.56747
0.16136,0.81271,0.94443,0.57257
0.1741,0.82036,0.92913,0.56747
0.169,0.82545,0.93678,0.56747
0.16136,0.81781,0.94443,0.56747
0.169,0.82036,0.93423,0.56747
0.16645,0.82036,0.93678,0.56237
0.16136,0.82036,0.94188,0.56747
0.16645,0.81526,0.93933,0.57512
0.17665,0.82545,0.93168,0.55982
0.16136,0.82545,0.94443,0.56747
0.16645,0.81271,0.93678,0.57257
0.1741,0.81781,0.93933,0.56747
0.16645,0.81781,0.93933,0.56747
0.16645,0.81781,0.93678,0.56747
0.169,0.81781,0.93933,0.56747
0.169,0.828,0.93678,0.55982
0.16136,0.82036,0.94443,0.56747
0.169,0.81271,0.93678,0.57512
0.1741,0.82545,0.93168,0.56237
0.16136,0.82545,0.94443,0.56747
0.16645,0.81271,0.93678,0.57512
0.1741,0.81781,0.93168,0.57002
0.169,0.82036,0.93933,0.56747
0.16645,0.82036,0.93678,0.57512
0.1741,0.82545,0.93168,0.56237
0.1639,0.82545,0.94443,0.55982
0.16136,0.81271,0.94443,0.57512
0.17155,0.81781,0.92913,0.57002
0.169,0.82036,0.93678,0.56747
0.16645,0.81781,0.93678,0.57257
0.1741,0.82036,0.93168,0.56747
0.169,0.82545,0.93933,0.56237
0.16136,0.81271,0.94443,0.57512
0.1741,0.81271,0.93168,0.57512
0.1741,0.82545,0.93168,0.56492
0.16136,0.81781,0.94188,0.57002
0.169,0.81271,0.93168,0.57512
0.1741,0.82545,0.93933,0.56237
0.16136,0.8229,0.94443,0.56747
0.16645,0.82036,0.93933,0.56747
0.16645,0.82545,0.93678,0.57002
0.169,0.82036,0.93423,0.57002
0.17155,0.82036,0.93168,0.56747
0.16645,0.82545,0.93933,0.55982
0.16136,0.81271,0.94188,0.57257
0.1741,0.81271,0.93168,0.56747
0.169,0.82545,0.93678,0.56237
0.1639,0.81781,0.94443,0.56747
0.169,0.82036,0.93678,0.57002
0.169,0.82545,0.93423,0.56492
0.15881,0.81526,0.94443,0.56492
0.16645,0.81271,0.92913,0.57512
0.1741,0.82545,0.93168,0.56747
0.16645,0.81781,0.93678,0.57002
0.169,0.82036,0.93678,0.57512
0.169,0.81781,0.93678,0.57002
0.16645,0.82545,0.93933,0.56237
0.16136,0.82036,0.94443,0.56747
0.169,0.81271,0.93678,0.57512
0.1741,0.81781,0.93168,0.56237
0.16136,0.82545,0.94443,0.56237
0.16136,0.81781,0.94443,0.57512
0.1741,0.81526,0.93168,0.57512
0.17155,0.8229,0.93168,0.56237
0.16136,0.82545,0.94443,0.56237
0.15881,0.81271,0.94443,0.57512
0.17155,0.81271,0.93168,0.57512
0.17155,0.82545,0.93168,0.56237
0.16136,0.82036,0.94443,0.56747
0.169,0.81526,0.93678,0.57512
0.1741,0.81526,0.93168,0.56747
0.169,0.82545,0.93678,0.56747
0.16136,0.81781,0.93678,0.56747
0.169,0.82036,0.93678,0.56747
0.16645,0.82036,0.93423,0.56237
0.1639,0.82036,0.94443,0.56747
0.169,0.81271,0.93933,0.57512
0.1741,0.82036,0.93168,0.56747
0.169,0.82545,0.94443,0.55982
0.16136,0.81271,0.94443,0.57512
0.1741,0.82036,0.93168,0.56747
0.169,0.82545,0.93678,0.56237
0.16136,0.81271,0.94188,0.57257
0.16645,0.82036,0.93678,0.56747
0.169,0.82036,0.93678,0.56747
0.169,0.82036,0.93678,0.57512
0.17665,0.82036,0.93168,0.57257
0.169,0.82545,0.94443,0.56237
0.16136,0.81781,0.94443,0.56747
0.169,0.81781,0.93678,0.56747
0.169,0.82545,0.93678,0.56492
0.16136,0.81271,0.94443,0.57767
0.17155,0.81271,0.93168,0.56747
0.169,0.82545,0.93678,0.56237
0.16136,0.81781,0.93678,0.56747
0.169,0.82036,0.93933,0.56237
0.16645,0.82545,0.93933,0.56237
0.15881,0.82036,0.94188,0.57512
0.1741,0.81781,0.93423,0.57002
0.16645,0.82036,0.93678,0.56492
0.16136,0.81271,0.94443,0.57512
0.1741,0.82036,0.93168,0.56747
0.169,0.82545,0.93678,0.56237
0.16136,0.82036,0.94697,0.56747
0.169,0.81271,0.93678,0.57002
0.169,0.82036,0.93933,0.56492
0.16136,0.8229,0.94443,0.56747
0.16645,0.81271,0.93933,0.57002
0.16645,0.81781,0.93678,0.56237
0.16136,0.82036,0.94443,0.57002
0.16645,0.81271,0.93933,0.57512
0.1741,0.82545,0.93168,0.56237
0.16136,0.81781,0.94443,0.56747
0.16645,0.81781,0.93933,0.57002
0.169,0.82545,0.93933,0.56492
0.16136,0.82036,0.94443,0.57257
0.1741,0.82036,0.93168,0.57002
0.16645,0.82545,0.93933,0.57002
0.169,0.81271,0.93678,0.57767
0.17155,0.82545,0.93168,0.56237
0.16645,0.82036,0.93678,0.57002
0.1741,0.81526,0.93933,0.57512
0.16645,0.82036,0.93933,0.56492
0.16136,0.82036,0.94443,0.56747
0.1741,0.81526,0.93168,0.57512
0.16645,0.82545,0.93933,0.56237
0.169,0.82036,0.93933,0.57512
0.1741,0.82036,0.93168,0.57002
0.1639,0.82545,0.93933,0.55982
0.16645,0.81271,0.93678,0.57512
0.1741,0.82036,0.93423,0.56747
0.16645,0.82545,0.94443,0.56237
0.16136,0.81271,0.94443,0.57512
0.1741,0.82036,0.93423,0.56747
0.16645,0.82036,0.93933,0.56747
0.169,0.81526,0.93933,0.57257
0.1741,0.82545,0.93423,0.56747
0.16645,0.82545,0.93933,0.56747
0.169,0.81781,0.93678,0.56747
0.17155,0.82036,0.93423,0.56747
0.16136,0.82545,0.94443,0.56492
0.16645,0.81271,0.93678,0.56747
0.16645,0.82036,0.93933,0.56237
0.16136,0.82036,0.94443,0.56747
0.1741,0.81271,0.93168,0.57002
0.16645,0.82545,0.93933,0.56237
0.15881,0.82036,0.93933,0.56747
0.169,0.82036,0.93933,0.56747
0.169,0.82545,0.93933,0.56747
0.16136,0.82036,0.93933,0.57002
0.1741,0.81781,0.93423,0.57002
0.169,0.81781,0.93678,0.56747
0.16645,0.82036,0.93933,0.57512
0.17665,0.82036,0.93168,0.57002
0.16136,0.82545,0.94443,0.56237
0.1639,0.81271,0.93933,0.57512
0.17665,0.81781,0.93168,0.56237
0.16136,0.82545,0.94443,0.56747
0.16645,0.81526,0.93933,0.57512
0.1741,0.81781,0.93678,0.56237
0.16136,0.82036,0.94443,0.57002
0.16645,0.82036,0.93678,0.57512
0.17155,0.82545,0.93168,0.56237
0.16136,0.82036,0.94443,0.56747
0.169,0.8229,0.93678,0.57512
0.169,0.82545,0.93933,0.56237
0.16136,0.82036,0.94443,0.56747
0.16645,0.81781,0.93933,0.56747
0.169,0.8229,0.93933,0.56237
0.16136,0.82036,0.94443,0.57512
0.1741,0.81271,0.93168,0.57002
0.16645,0.82545,0.93933,0.56492
0.169,0.82036,0.93933,0.57767
0.17155,0.82036,0.93168,0.56492
0.169,0.82545,0.93933,0.56747
0.16645,0.82036,0.93678,0.57002
0.17155,0.81781,0.93168,0.57002
0.1639,0.82545,0.93933,0.56492
0.16136,0.81271,0.93933,0.57257
0.17155,0.82036,0.93168,0.57002
0.169,0.82545,0.94443,0.56747
0.16645,0.81526,0.93933,0.57512
0.17155,0.81781,0.93168,0.56237
0.16136,0.81781,0.94188,0.57002
0.16645,0.81781,0.93933,0.56747
0.17155,0.82545,0.93168,0.56237
0.15881,0.82036,0.94188,0.57002
0.16645,0.81271,0.93678,0.56747
0.17155,0.81781,0.93168,0.56492
0.16136,0.82545,0.94443,0.56747
0.16645,0.81526,0.93678,0.57512
0.169,0.82036,0.92913,0.57002
0.16645,0.82036,0.93678,0.56747
0.16645,0.82036,0.93678,0.57512
0.17155,0.82036,0.92913,0.56747
0.16645,0.82545,0.93423,0.56492
0.16136,0.82036,0.94188,0.57512
0.16645,0.81526,0.93168,0.57512
0.1741,0.82545,0.93168,0.55982
0.1639,0.82545,0.94188,0.56747
0.169,0.81526,0.93423,0.57512
0.169,0.81781,0.93168,0.56747
0.15881,0.8229,0.93678,0.56747
0.169,0.82036,0.93678,0.57257
0.1741,0.82036,0.93168,0.56237
0.16645,0.82545,0.93423,0.56747
0.16645,0.82036,0.94188,0.56747
0.17155,0.81781,0.92913,0.56747
0.17155,0.82545,0.93423,0.56237
0.16136,0.81271,0.94443,0.57512
0.17155,0.81526,0.92913,0.56747
0.169,0.82545,0.93423,0.56237
0.16136,0.82036,0.94188,0.56747
0.169,0.81781,0.93678,0.56747
0.169,0.82545,0.93678,0.56237
0.16136,0.81781,0.94188,0.57512
0.1741,0.81526,0.92913,0.57767
0.16645,0.82545,0.93678,0.56237
0.16136,0.81781,0.94188,0.56747
0.169,0.81781,0.93423,0.56747
0.16645,0.82036,0.93678,0.56237
0.16136,0.82036,0.94188,0.56747
0.16645,0.82036,0.93678,0.56747
0.169,0.82036,0.93423,0.56237
0.16136,0.81271,0.94188,0.57512
0.17155,0.82036,0.92658,0.56747
0.16645,0.81781,0.93678,0.56237
0.1639,0.81271,0.93933,0.57512
0.1741,0.82036,0.92913,0.56747
0.16136,0.82545,0.94188,0.56237
0.16136,0.81526,0.94188,0.57512
0.1741,0.81781,0.92913,0.56747
0.16645,0.82545,0.93423,0.56747
0.16136,0.81781,0.94188,0.56747
0.169,0.82036,0.93423,0.56747
0.169,0.82545,0.93423,0.56237
0.16136,0.82036,0.94188,0.57512
0.1741,0.81271,0.93423,0.56747
0.16645,0.82545,0.93933,0.55982
0.16136,0.81781,0.94188,0.57512
0.169,0.81271,0.92913,0.57512
0.16645,0.82545,0.93423,0.56747
0.16136,0.81781,0.94188,0.56747
0.169,0.82036,0.93423,0.56747
0.169,0.81781,0.93423,0.55982
0.16136,0.81271,0.94188,0.57512
0.1741,0.81271,0.92658,0.56747
0.169,0.82545,0.93423,0.55982
0.16136,0.81271,0.94188,0.57257
0.1741,0.81781,0.92913,0.56747
0.16645,0.81781,0.93423,0.56747
0.16645,0.81781,0.93423,0.57512
0.1741,0.82036,0.92913,0.57002
0.16136,0.82545,0.93933,0.56747
0.16645,0.82036,0.93423,0.56747
0.1639,0.82545,0.93423,0.55727
0.16136,0.81271,0.94188,0.57257
0.1741,0.81781,0.92658,0.56747
0.169,0.82545,0.94188,0.56237
0.16136,0.81781,0.93678,0.57257
0.1741,0.82036,0.92913,0.56747
0.16645,0.81781,0.93423,0.56747
0.15881,0.81271,0.93933,0.57512
0.1741,0.81781,0.92913,0.56747
0.16645,0.8229,0.93423,0.56747
0.16645,0.81271,0.93423,0.57512
0.17155,0.82036,0.93423,0.56747
0.16136,0.82036,0.93933,0.56747
0.169,0.81271,0.92913,0.57512
0.17665,0.82545,0.92658,0.56237
0.16136,0.81781,0.94188,0.56492
0.169,0.81271,0.93423,0.57512
0.17155,0.8229,0.92913,0.55982
0.16136,0.81781,0.93933,0.56747
0.1639,0.81271,0.93423,0.56747
0.16645,0.82036,0.93423,0.56237
0.16136,0.82036,0.94188,0.57512
0.1741,0.81271,0.92658,0.57257
0.169,0.82545,0.93423,0.56237
0.16136,0.81781,0.94188,0.56747
0.17665,0.82036,0.92913,0.56747
0.16136,0.82545,0.94188,0.56237
0.16645,0.81271,0.93423,0.57512
0.169,0.81781,0.93423,0.56747
0.16136,0.82036,0.94188,0.56747
0.17155,0.81016,0.93423,0.57512
0.169,0.82545,0.93423,0.56237
0.16136,0.82036,0.94188,0.56747
0.169,0.81781,0.93423,0.56747
0.169,0.82036,0.93678,0.56237
0.16136,0.82036,0.94188,0.56747
0.17155,0.81271,0.92658,0.57512
0.16645,0.82545,0.93423,0.55982
0.16136,0.81271,0.94188,0.57512
0.1741,0.82036,0.93168,0.56747
0.16645,0.82036,0.93423,0.57002
0.169,0.81526,0.93423,0.57512
0.1741,0.82545,0.92913,0.56492
0.16136,0.82036,0.94188,0.56747
0.169,0.81271,0.93423,0.57512
0.16645,0.82036,0.93423,0.56747
0.16645,0.81781,0.94188,0.56747
0.169,0.81271,0.93678,0.57512
0.17665,0.82036,0.92913,0.55982
0.169,0.82545,0.93933,0.56237
0.16136,0.81271,0.93423,0.57257
0.1741,0.82036,0.92913,0.56747
0.169,0.82036,0.93423,0.56747
0.169,0.81271,0.93678,0.57512
0.16645,0.81781,0.93423,0.56747
0.16136,0.82036,0.94443,0.57002
0.17155,0.81271,0.93168,0.57512
0.16645,0.82545,0.93678,0.56237
0.16645,0.82036,0.93678,0.57512
0.17665,0.82036,0.93168,0.56237
0.16136,0.82036,0.94443,0.56747
0.16645,0.81781,0.93423,0.57002
0.169,0.82545,0.93423,0.55982
0.16136,0.81271,0.94188,0.57257
0.1741,0.81271,0.93168,0.56747
