0.83687,0.73368,1.8722,0.10593
0.83177,0.72858,1.8773,0.10848
0.83687,0.72348,1.8722,0.11103
0.84197,0.72603,1.8671,0.11103
0.83687,0.72858,1.8722,0.11103
0.83177,0.72603,1.8722,0.11103
0.83687,0.72093,1.8646,0.11868
0.84452,0.73623,1.8646,0.10593
0.83687,0.73623,1.8799,0.10848
0.82922,0.72093,1.8799,0.12123
0.84197,0.72348,1.8722,0.11868
0.84452,0.72858,1.8646,0.11103
0.83687,0.73368,1.8697,0.10593
0.83177,0.73368,1.8799,0.11358
0.82922,0.72603,1.8799,0.11868
0.83687,0.72093,1.8697,0.11868
0.84452,0.72858,1.8646,0.11358
0.83687,0.73368,1.8697,0.10593
0.83177,0.72348,1.8799,0.11613
0.83687,0.72348,1.8646,0.11868
0.84452,0.73368,1.8646,0.11358
0.83432,0.73368,1.8722,0.10848
0.82922,0.73368,1.8773,0.10848
0.83177,0.72093,1.8773,0.11868
0.83687,0.72093,1.8621,0.11868
0.84452,0.72603,1.8621,0.10593
0.83432,0.73113,1.8697,0.10593
0.82922,0.73113,1.8748,0.11103
0.83687,0.72603,1.8671,0.11103
0.83432,0.72603,1.8671,0.11103
0.84197,0.72348,1.8621,0.11103
0.83432,0.73368,1.8697,0.11103
0.82922,0.72348,1.8722,0.11358
0.82922,0.71839,1.8722,0.11868
0.84197,0.72093,1.8595,0.11868
0.84197,0.73368,1.8595,0.10338
0.83432,0.73113,1.8671,0.10593
0.82922,0.72603,1.8722,0.11103
0.83432,0.71839,1.8646,0.11868
0.83942,0.72093,1.8621,0.11103
0.83942,0.73113,1.8646,0.10338
0.82667,0.72603,1.8722,0.11103
0.83687,0.71839,1.8646,0.11868
0.83942,0.72603,1.857,0.11103
0.83177,0.73113,1.8671,0.11103
0.83432,0.72348,1.8722,0.10848
0.83432,0.72348,1.8646,0.11103
0.83432,0.72603,1.8621,0.11103
0.83687,0.72348,1.8646,0.10848
0.83177,0.72603,1.8646,0.11868
0.83432,0.72348,1.8595,0.11103
0.83432,0.72348,1.8646,0.10593
0.83432,0.72603,1.8646,0.11103
0.83432,0.72603,1.8697,0.11868
0.83432,0.72093,1.8646,0.11613
0.84197,0.72348,1.8595,0.10848
0.83432,0.72603,1.8646,0.10593
0.83687,0.72603,1.8671,0.11103
0.83687,0.72603,1.8646,0.11613
0.83432,0.72348,1.8646,0.11358
0.83942,0.72603,1.8595,0.11103
0.83432,0.73368,1.8671,0.10593
0.82667,0.72348,1.8722,0.11103
0.83432,0.72093,1.8671,0.11868
0.83942,0.72348,1.857,0.11103
0.83177,0.73113,1.8671,0.10848
0.82922,0.73113,1.8722,0.11358
0.82922,0.71839,1.8722,0.11868
0.84197,0.72093,1.8595,0.11103
0.84197,0.72858,1.8595,0.10593
0.82922,0.73113,1.8722,0.10593
0.82667,0.72603,1.8697,0.11103
0.82922,0.72093,1.8722,0.11868
0.84197,0.72093,1.8621,0.11103
0.84197,0.72603,1.8595,0.10593
0.83432,0.73113,1.8671,0.10593
0.82922,0.72603,1.8722,0.11103
0.82922,0.71839,1.8722,0.11868
0.84197,0.72093,1.8621,0.11868
0.84197,0.73368,1.8621,0.10593
0.83687,0.73368,1.8671,0.10593
0.82667,0.72603,1.8722,0.11868
0.83687,0.72093,1.8671,0.11868
0.84197,0.72348,1.8621,0.10593
0.83432,0.73368,1.8671,0.10593
0.83687,0.72603,1.8697,0.11103
0.83432,0.72603,1.8671,0.11868
0.83432,0.72348,1.8646,0.11103
0.83432,0.72603,1.8671,0.10593
0.82667,0.72603,1.8748,0.11868
0.83432,0.72093,1.8697,0.11103
0.83942,0.72348,1.8621,0.11103
0.84197,0.73368,1.8621,0.10593
0.83687,0.73368,1.8748,0.10593
0.83177,0.72603,1.8697,0.11103
0.83687,0.72093,1.8671,0.11868
0.83432,0.72093,1.8621,0.11358
0.84452,0.72603,1.8671,0.11103
0.83432,0.72603,1.8697,0.11358
0.82922,0.72603,1.8671,0.11103
0.83432,0.71839,1.8697,0.11868
0.84197,0.72603,1.8621,0.11103
0.83687,0.73368,1.8671,0.10593
0.82922,0.72603,1.8748,0.11103
0.83432,0.71839,1.8697,0.11868
0.84197,0.72603,1.8621,0.11103
0.83687,0.73368,1.8671,0.10593
0.82922,0.72603,1.8748,0.11103
0.83687,0.72093,1.8697,0.11868
0.84197,0.72858,1.8621,0.11103
0.83687,0.73368,1.8697,0.11358
0.83687,0.72858,1.8697,0.10848
0.83432,0.72858,1.8722,0.11103
0.84452,0.72603,1.8722,0.11103
0.83687,0.73368,1.8722,0.11103
0.82922,0.72348,1.8773,0.11868
0.84197,0.72093,1.8646,0.11103
0.84452,0.73368,1.8646,0.10593
0.83687,0.73368,1.8697,0.10593
0.83177,0.72858,1.8799,0.11358
0.83432,0.72858,1.8722,0.11868
0.83687,0.72603,1.8722,0.11103
0.84197,0.72603,1.8646,0.10593
0.83942,0.73368,1.8722,0.10593
0.83942,0.73113,1.8799,0.11103
0.83687,0.72858,1.8799,0.11103
0.83687,0.72348,1.8722,0.11868
0.84452,0.72093,1.8697,0.11103
0.84452,0.72603,1.8671,0.10593
0.83942,0.73623,1.8722,0.10593
0.83687,0.73113,1.8824,0.11103
0.83687,0.72348,1.8722,0.11868
0.83942,0.72858,1.8748,0.11103
0.83942,0.72858,1.8671,0.10848
0.83687,0.73368,1.8722,0.10593
0.83177,0.73113,1.8799,0.11358
0.83942,0.72348,1.8773,0.11868
0.83687,0.73113,1.8748,0.11103
0.84197,0.73113,1.8697,0.11103
0.83942,0.73878,1.8773,0.10593
0.83177,0.73623,1.8773,0.11103
0.83432,0.72858,1.8824,0.11103
0.84197,0.72858,1.8799,0.11358
0.84707,0.73113,1.8773,0.11103
0.84197,0.73368,1.8773,0.11358
0.83432,0.72858,1.8824,0.11358
0.84197,0.73113,1.8799,0.11868
0.84707,0.72348,1.8722,0.11103
0.84707,0.73623,1.8722,0.10848
0.83687,0.73878,1.885,0.10848
0.84197,0.73113,1.885,0.11868
0.84707,0.72603,1.8722,0.11868
0.84707,0.72858,1.8722,0.11103
0.84197,0.73878,1.8799,0.10848
0.83432,0.73113,1.8875,0.11358
0.83432,0.72603,1.8773,0.11868
0.84707,0.73368,1.8722,0.11358
0.84197,0.73878,1.8799,0.11103
0.83432,0.73113,1.885,0.11103
0.83432,0.73368,1.8799,0.11868
0.84197,0.72858,1.8799,0.11103
0.83942,0.73113,1.8799,0.11103
0.83942,0.73368,1.8799,0.11358
0.84197,0.72858,1.8799,0.11358
0.83942,0.72858,1.8799,0.11103
0.84707,0.73623,1.8748,0.10593
0.84197,0.73623,1.8799,0.10593
0.84197,0.72858,1.8824,0.11103
0.83942,0.72348,1.8773,0.11358
0.84707,0.73113,1.8773,0.11103
0.84452,0.73368,1.8773,0.11103
0.83942,0.73113,1.8799,0.11358
0.83942,0.73113,1.8773,0.11103
0.83942,0.72858,1.8773,0.10848
0.83942,0.73113,1.8773,0.11103
0.83942,0.73113,1.8824,0.11358
0.83942,0.73113,1.8773,0.11358
0.84452,0.72858,1.8748,0.11103
0.84197,0.73878,1.8773,0.10593
0.83432,0.73623,1.8824,0.11103
0.83432,0.72348,1.8799,0.11868
0.84452,0.72348,1.8671,0.11358
0.84452,0.73878,1.8697,0.11358
0.83942,0.72858,1.8748,0.10593
0.83177,0.72348,1.8799,0.11868
0.84452,0.72348,1.8697,0.11868
0.84452,0.72858,1.8697,0.11103
0.83942,0.73623,1.8722,0.10593
0.83177,0.72858,1.8799,0.11358
0.83687,0.72603,1.8722,0.11868
0.84707,0.72093,1.8773,0.11358
0.83942,0.72858,1.8722,0.11103
0.83942,0.72858,1.8722,0.11358
0.83687,0.73113,1.8748,0.11868
0.84452,0.72858,1.8697,0.11103
0.83687,0.73368,1.8722,0.10593
0.83432,0.73113,1.8799,0.11358
0.84197,0.72348,1.8748,0.11103
0.84452,0.72858,1.8671,0.11103
0.83942,0.73368,1.8748,0.11103
0.83687,0.72858,1.8773,0.11103
0.83687,0.72858,1.8748,0.11358
0.84707,0.73113,1.8748,0.11103
0.83942,0.72858,1.8773,0.11103
0.83687,0.72858,1.8748,0.11868
0.84452,0.73623,1.8697,0.10593
0.83432,0.73623,1.8748,0.10593
0.83432,0.72348,1.8824,0.11868
0.84707,0.72348,1.8773,0.11103
0.84707,0.73113,1.8722,0.11358
0.83942,0.72858,1.8773,0.11103
0.83432,0.72858,1.8799,0.11103
0.83687,0.73113,1.8773,0.11103
0.83942,0.72858,1.8773,0.10593
0.83942,0.72858,1.8773,0.11358
0.83942,0.72603,1.8773,0.11868
0.84452,0.73113,1.8748,0.11103
0.83942,0.73623,1.8773,0.10593
0.83432,0.72348,1.885,0.11868
0.84707,0.72348,1.8773,0.11103
0.83942,0.73113,1.8773,0.10593
0.83177,0.72858,1.885,0.11103
0.83942,0.72348,1.8773,0.11868
0.84707,0.72858,1.8722,0.11103
0.83942,0.73623,1.8773,0.10593
0.83432,0.73113,1.885,0.11868
0.83942,0.72858,1.8773,0.11358
0.83942,0.73113,1.8773,0.11103
0.83942,0.73878,1.8799,0.11103
0.83942,0.73113,1.8799,0.11358
0.84197,0.72858,1.8773,0.11358
0.83942,0.73113,1.8773,0.10593
0.83432,0.73113,1.8875,0.11103
0.84197,0.72603,1.8773,0.11868
0.84707,0.73368,1.8722,0.10593
0.84197,0.73623,1.885,0.10593
0.83432,0.73113,1.885,0.11358
0.84197,0.72603,1.8799,0.11103
0.83942,0.73368,1.8748,0.11103
0.83942,0.73113,1.8799,0.11103
0.84197,0.73113,1.8799,0.11358
0.84197,0.73113,1.8799,0.11358
0.84197,0.72858,1.8799,0.10593
0.84197,0.73368,1.8875,0.11103
0.84197,0.73113,1.8824,0.11868
0.84197,0.73113,1.8824,0.11358
0.84197,0.73113,1.8799,0.10848
0.84452,0.73113,1.8799,0.11103
0.84197,0.72603,1.8824,0.11868
0.84707,0.73113,1.8748,0.11103
0.84452,0.73623,1.8824,0.11358
0.83687,0.72858,1.8875,0.11358
0.84197,0.72603,1.8824,0.11868
0.84197,0.72858,1.8824,0.11103
0.84197,0.73368,1.8799,0.10593
0.84197,0.73113,1.8824,0.11358
0.84197,0.73113,1.8799,0.11868
0.84197,0.73113,1.8824,0.11103
0.84197,0.73878,1.8799,0.10593
0.83687,0.73368,1.885,0.11103
0.83432,0.72348,1.885,0.11868
0.84707,0.72348,1.8748,0.11868
0.84707,0.73623,1.8748,0.10593
0.84197,0.73623,1.8799,0.10593
0.83432,0.72348,1.8824,0.11868
0.84707,0.72348,1.8722,0.11868
0.84452,0.73623,1.8722,0.10593
0.84197,0.73878,1.8773,0.10593
0.83432,0.73113,1.8824,0.11103
0.83942,0.72348,1.8773,0.11103
0.84707,0.72348,1.8722,0.11358
0.84707,0.73623,1.8697,0.10848
0.83942,0.73623,1.8824,0.10848
0.83432,0.72348,1.8824,0.11868
0.83942,0.72348,1.8773,0.11613
0.83942,0.72858,1.8773,0.10593
0.83942,0.73113,1.8773,0.10593
0.83177,0.72603,1.8799,0.11358
0.83687,0.72348,1.8722,0.11868
0.84707,0.72858,1.8671,0.10593
0.83942,0.73368,1.8748,0.10593
0.83177,0.72603,1.8799,0.11103
0.83687,0.72348,1.8722,0.11868
0.84452,0.72858,1.8671,0.11358
0.83687,0.73368,1.8748,0.10338
0.82922,0.73113,1.8773,0.11103
0.83687,0.72093,1.8748,0.11868
0.84452,0.72603,1.8671,0.11358
0.83432,0.73368,1.8722,0.10338
0.83177,0.72858,1.8773,0.11103
0.83687,0.72858,1.8722,0.11868
0.84452,0.72603,1.8671,0.10593
0.83687,0.73368,1.8722,0.10593
0.82922,0.72858,1.8799,0.11103
0.83942,0.72093,1.8722,0.11868
0.83942,0.72858,1.8722,0.11358
0.84452,0.73368,1.8646,0.10593
0.82922,0.73368,1.8799,0.10848
0.83177,0.72858,1.8773,0.11868
0.83687,0.72348,1.8722,0.11868
0.84197,0.72858,1.8671,0.11103
0.84452,0.73368,1.8646,0.10593
0.83942,0.73368,1.8799,0.10593
0.82922,0.72348,1.8799,0.11868
0.83687,0.72093,1.8722,0.12123
0.84197,0.72858,1.8671,0.10593
0.83687,0.73368,1.8722,0.10593
0.83177,0.72858,1.8799,0.11103
0.83177,0.72348,1.8799,0.11613
0.84452,0.72348,1.8646,0.11868
0.84452,0.73368,1.8646,0.10593
0.83177,0.73368,1.8722,0.11103
0.83177,0.72603,1.8799,0.11103
0.83687,0.72858,1.8722,0.11103
0.83687,0.72603,1.8722,0.11358
0.83687,0.72858,1.8722,0.11103
0.83687,0.72858,1.8722,0.11103
0.83687,0.72603,1.8697,0.11103
0.83687,0.72858,1.8697,0.11103
0.83687,0.72603,1.8697,0.11103
0.82922,0.72603,1.8722,0.11103
0.83687,0.72093,1.8722,0.11103
0.84452,0.72858,1.8646,0.11103
0.83432,0.72603,1.8722,0.10593
0.82922,0.72603,1.8773,0.11103
0.83432,0.72348,1.8722,0.11868
0.83942,0.72603,1.8646,0.11103
0.83432,0.73368,1.8722,0.10848
0.82922,0.72603,1.8799,0.11103
0.83687,0.72093,1.8722,0.11868
0.84452,0.72348,1.8621,0.11103
0.83687,0.73368,1.8697,0.11358
0.83177,0.72603,1.8773,0.11103
0.83687,0.72348,1.8722,0.11103
0.84452,0.72603,1.8646,0.11358
0.83687,0.73623,1.8722,0.10593
0.82922,0.72603,1.8799,0.11103
0.83432,0.72093,1.8722,0.11868
0.84452,0.72858,1.8671,0.11103
0.84452,0.72603,1.8722,0.10593
0.83687,0.72858,1.8722,0.11103
0.83177,0.72858,1.8722,0.11103
0.83687,0.72093,1.8722,0.11868
0.84452,0.72348,1.8697,0.11103
0.84452,0.72858,1.8646,0.10593
0.83687,0.73368,1.8722,0.10593
0.83177,0.72858,1.8799,0.11358
0.83942,0.72858,1.8799,0.11868
0.84452,0.72348,1.8671,0.11868
0.84452,0.72858,1.8671,0.10848
0.83687,0.73368,1.8722,0.11358
0.83177,0.72858,1.8799,0.11358
0.83432,0.72348,1.8799,0.11868
0.84452,0.72348,1.8697,0.11868
0.84452,0.73623,1.8697,0.11358
0.83687,0.72858,1.8773,0.11103
0.83177,0.72858,1.8824,0.11103
0.83942,0.72348,1.8773,0.11103
0.84707,0.73113,1.8697,0.11358
0.83942,0.73113,1.8773,0.11358
0.83687,0.73113,1.8773,0.11358
0.83942,0.72858,1.8773,0.11103
0.84197,0.72858,1.8773,0.10593
0.83942,0.73113,1.8773,0.11103
0.84197,0.73113,1.8773,0.11868
0.84197,0.73113,1.8773,0.11103
0.83942,0.73113,1.8773,0.10848
0.83942,0.72858,1.8773,0.11358
0.83687,0.72858,1.8824,0.11358
0.84197,0.72348,1.8722,0.11868
0.84707,0.72858,1.8722,0.11358
0.83942,0.73878,1.8773,0.10593
0.83432,0.73113,1.8824,0.11103
0.83177,0.72348,1.8824,0.11868
0.84707,0.72348,1.8697,0.11868
0.84707,0.73623,1.8722,0.10593
0.84197,0.73623,1.8799,0.10593
0.83432,0.72858,1.885,0.11868
0.84197,0.72348,1.8773,0.11868
0.84707,0.73113,1.8722,0.10848
0.83432,0.73878,1.8799,0.10593
0.83432,0.73113,1.8824,0.11868
0.84197,0.72348,1.8799,0.11868
0.84707,0.73113,1.8722,0.11358
0.83687,0.73623,1.8799,0.10593
0.83432,0.73113,1.8875,0.11103
0.84197,0.72348,1.8799,0.11868
0.84707,0.72858,1.8722,0.11358
0.84197,0.73878,1.8799,0.10848
0.83432,0.73113,1.885,0.11103
0.83942,0.72348,1.8824,0.11868
0.84707,0.73113,1.8748,0.10593
0.84197,0.73623,1.8875,0.10593
0.83432,0.72603,1.885,0.11868
0.84707,0.72603,1.8748,0.12123
0.84707,0.73623,1.8722,0.10593
0.84197,0.73368,1.8799,0.10593
0.83177,0.73368,1.885,0.11868
0.84197,0.72603,1.8799,0.11868
0.84707,0.73368,1.8773,0.10593
0.84197,0.73113,1.8799,0.10848
0.84197,0.73113,1.8799,0.11358
0.83432,0.73113,1.8824,0.11358
0.84197,0.72348,1.8799,0.11358
0.84707,0.73113,1.8722,0.11358
0.84452,0.73878,1.8799,0.10593
0.83432,0.73878,1.885,0.11103
0.84197,0.72348,1.8824,0.11868
0.84707,0.73113,1.8748,0.11103
0.84197,0.73113,1.8799,0.11103
0.83687,0.73113,1.8799,0.11103
0.84197,0.72348,1.8799,0.11868
0.84707,0.73113,1.8748,0.11103
0.84197,0.73878,1.8799,0.10848
0.83432,0.73113,1.885,0.11358
0.84197,0.73368,1.8799,0.11868
0.83942,0.72603,1.8748,0.11103
0.84707,0.73623,1.8722,0.10593
0.83432,0.73878,1.885,0.10848
0.84197,0.72348,1.8799,0.11868
0.84707,0.73113,1.8722,0.10593
0.84197,0.73878,1.8799,0.10593
0.83432,0.72603,1.885,0.11868
0.84707,0.72858,1.8722,0.11103
0.84197,0.73878,1.8799,0.10593
0.83432,0.73368,1.8824,0.11103
0.84197,0.72348,1.8799,0.11868
0.84707,0.72348,1.8697,0.11358
0.84452,0.73623,1.8722,0.10593
0.83432,0.73623,1.8824,0.11358
0.84197,0.73113,1.8748,0.11358
0.83942,0.72858,1.8748,0.10848
0.84707,0.72858,1.8722,0.10593
0.83942,0.73368,1.8748,0.10848
0.83177,0.72858,1.8824,0.11103
0.83432,0.72348,1.8824,0.11868
0.84707,0.72603,1.8697,0.11103
0.83687,0.73368,1.8748,0.10848
0.83177,0.73113,1.8773,0.11358
0.83687,0.72348,1.8748,0.11868
0.84452,0.72858,1.8671,0.11103
0.83687,0.73623,1.8748,0.11358
0.83432,0.72858,1.8799,0.11103
0.83942,0.72093,1.8722,0.11868
0.84452,0.72858,1.8646,0.11103
0.83687,0.73623,1.8722,0.10848
0.83432,0.72858,1.8773,0.11103
0.83177,0.72093,1.8697,0.11868
0.84197,0.72348,1.8646,0.11103
0.84452,0.73368,1.8646,0.10593
0.83432,0.72603,1.8773,0.11103
0.84452,0.72348,1.8722,0.12123
0.84452,0.73368,1.8621,0.10848
0.82922,0.73368,1.8773,0.11103
0.82922,0.72348,1.8773,0.11868
0.84452,0.72093,1.8646,0.11103
0.84452,0.73368,1.8646,0.10848
0.83177,0.73368,1.8773,0.11103
0.83177,0.72093,1.8748,0.11613
0.84197,0.72348,1.8621,0.11358
0.84197,0.72603,1.8671,0.10593
0.83687,0.72603,1.8671,0.11103
0.83687,0.72858,1.8671,0.11613
0.83687,0.72603,1.8671,0.11103
0.83432,0.72858,1.8671,0.11103
0.83687,0.73368,1.8697,0.11358
0.82922,0.72603,1.8697,0.11103
0.83432,0.72093,1.8671,0.10848
0.83432,0.72348,1.8671,0.11103
0.83432,0.72603,1.8671,0.11103
0.82922,0.72093,1.8722,0.11868
0.84197,0.72093,1.8646,0.11103
0.83432,0.72348,1.8621,0.11103
0.83687,0.73113,1.8646,0.10593
0.82922,0.72603,1.8722,0.11868
0.83687,0.72093,1.8671,0.11613
0.84197,0.72348,1.8621,0.11358
0.83432,0.73113,1.8646,0.10593
0.83432,0.72348,1.8646,0.11103
0.82922,0.72093,1.8722,0.11613
0.83432,0.72093,1.8646,0.11868
0.84197,0.72603,1.8595,0.11103
0.83432,0.73113,1.8646,0.11358
0.82922,0.72603,1.8722,0.11358
0.83432,0.72603,1.8671,0.11868
0.83432,0.72348,1.8697,0.10848
0.83432,0.72603,1.8621,0.10593
0.83687,0.73368,1.8671,0.10338
0.82922,0.72603,1.8748,0.11358
0.83687,0.71839,1.8671,0.11868
0.84197,0.72093,1.8621,0.11358
0.84197,0.73368,1.8621,0.10593
0.83432,0.73368,1.8697,0.10593
0.82922,0.72603,1.8722,0.10848
0.83687,0.72603,1.8671,0.11103
0.83687,0.72093,1.8671,0.11103
0.83687,0.72603,1.8697,0.11358
0.83687,0.73368,1.8697,0.10593
0.83687,0.72603,1.8748,0.11103
0.83687,0.72603,1.8671,0.11868
0.83687,0.71839,1.8646,0.11103
0.84197,0.72603,1.8621,0.10848
0.83432,0.73368,1.8671,0.10593
0.82922,0.72603,1.8748,0.11358
0.83432,0.71839,1.8671,0.10848
0.84197,0.72603,1.8621,0.11358
0.83432,0.73368,1.8646,0.10338
0.83687,0.72603,1.8722,0.11103
0.83432,0.71839,1.8671,0.11103
0.84197,0.72603,1.8621,0.11103
0.83687,0.72603,1.8671,0.10593
0.82922,0.72093,1.8722,0.11868
0.83942,0.72093,1.8595,0.11103
0.84197,0.73368,1.8595,0.10338
0.82922,0.72348,1.8722,0.11868
0.83432,0.72093,1.8671,0.11868
0.84197,0.72348,1.8621,0.11358
0.83432,0.73368,1.8646,0.10593
0.82667,0.72348,1.8722,0.11103
0.83177,0.72093,1.8671,0.11868
0.84197,0.73113,1.8621,0.11358
0.83432,0.73368,1.8722,0.10593
0.82922,0.71839,1.8722,0.11613
0.84197,0.72093,1.8595,0.11103
0.84197,0.73113,1.8595,0.10593
0.82667,0.72348,1.8722,0.11103
0.83432,0.72603,1.8671,0.11103
0.84197,0.72348,1.8595,0.11103
0.83432,0.72603,1.8646,0.10848
0.82667,0.72348,1.8646,0.10848
0.83432,0.71839,1.8646,0.11103
0.83432,0.72348,1.8621,0.11103
0.83432,0.72348,1.8621,0.11358
0.83432,0.72603,1.8621,0.11103
0.83177,0.72348,1.8646,0.11103
0.83942,0.73113,1.857,0.10593
0.83687,0.72348,1.8621,0.11103
0.82667,0.71839,1.8722,0.11868
0.83942,0.71839,1.857,0.11868
0.83942,0.73113,1.8595,0.10593
0.83177,0.73113,1.8697,0.10593
0.82667,0.71839,1.8697,0.11868
0.83177,0.71839,1.8621,0.11868
0.83942,0.72348,1.8544,0.11103
0.83432,0.73113,1.8621,0.11103
0.82922,0.72348,1.8671,0.10848
0.83432,0.71839,1.8621,0.11103
0.83432,0.72348,1.8595,0.11103
0.82922,0.72348,1.8595,0.11103
0.83177,0.71839,1.8621,0.11868
0.83687,0.72348,1.8595,0.11103
0.83432,0.73113,1.8621,0.10593
0.83687,0.72348,1.8722,0.10848
0.83432,0.71839,1.8646,0.11103
0.83942,0.72348,1.857,0.11103
0.83432,0.73113,1.8621,0.10593
0.82922,0.71839,1.8697,0.11868
0.83687,0.72093,1.8621,0.11358
0.83687,0.72858,1.8621,0.11103
0.82667,0.73113,1.8722,0.10593
0.82667,0.71839,1.8697,0.11868
0.83432,0.72093,1.857,0.11613
0.84197,0.73113,1.8595,0.10593
0.83177,0.73113,1.8621,0.10593
0.82667,0.72348,1.8697,0.11868
0.83177,0.71839,1.8621,0.11868
0.84197,0.72348,1.8595,0.11103
0.83432,0.73113,1.8621,0.10593
0.82667,0.72348,1.8697,0.11103
0.83432,0.71839,1.8621,0.11103
0.83432,0.72348,1.8621,0.11103
0.83432,0.72348,1.8621,0.11103
0.82667,0.72348,1.8621,0.11103
0.83177,0.72348,1.8621,0.11103
0.83177,0.72348,1.8595,0.10593
0.83432,0.72603,1.8621,0.10848
0.83177,0.71839,1.8621,0.11868
0.83942,0.72348,1.857,0.11103
0.83432,0.73113,1.8621,0.10593
0.82922,0.72348,1.8697,0.11613
0.83942,0.72093,1.8621,0.11868
0.84197,0.72858,1.857,0.11103
0.83177,0.73113,1.8621,0.11103
0.82667,0.72603,1.8646,0.11103
0.83942,0.72093,1.8646,0.11103
0.83432,0.72348,1.8621,0.11358
0.83432,0.72348,1.8646,0.10848
0.82667,0.72603,1.8722,0.11103
0.83432,0.72093,1.8646,0.11103
0.83432,0.72348,1.8595,0.11103
0.83432,0.73113,1.8671,0.11103
0.82922,0.72093,1.8722,0.11868
0.84197,0.72093,1.8595,0.11868
0.84197,0.73368,1.8595,0.10593
0.82922,0.73368,1.8722,0.11103
0.82922,0.72348,1.8748,0.11868
0.83942,0.72348,1.8621,0.11103
0.83432,0.73368,1.8671,0.10593
0.82667,0.72603,1.8722,0.11103
0.83432,0.72603,1.8671,0.11103
0.83942,0.73368,1.8621,0.10593
0.82667,0.73113,1.8748,0.11103
0.83432,0.72093,1.8671,0.11868
0.84197,0.72603,1.8621,0.11103
0.83432,0.73368,1.8697,0.11103
0.82667,0.72603,1.8748,0.11103
0.83432,0.72093,1.8697,0.11868
0.84197,0.72603,1.8621,0.11103
0.83687,0.73113,1.8671,0.10593
0.82667,0.72348,1.8722,0.11103
0.83432,0.72348,1.8697,0.11868
0.84197,0.73113,1.8621,0.10593
0.82667,0.73368,1.8773,0.10593
0.82667,0.72093,1.8748,0.11358
0.83687,0.72603,1.8697,0.11103
0.83432,0.72348,1.8671,0.10593
0.83432,0.72603,1.8697,0.11103
0.83432,0.72093,1.8697,0.11868
0.84197,0.72603,1.8621,0.11103
0.83432,0.73113,1.8671,0.10848
0.82922,0.72603,1.8773,0.11103
0.83687,0.72093,1.8671,0.11103
0.83432,0.72603,1.8621,0.11358
0.82922,0.73368,1.8671,0.10338
0.83432,0.72603,1.8748,0.10848
0.83432,0.72348,1.8671,0.11103
0.83177,0.72603,1.8671,0.11103
0.83432,0.72603,1.8671,0.10593
0.82922,0.72603,1.8748,0.11868
0.83432,0.72093,1.8697,0.11868
0.84197,0.72603,1.8621,0.11103
0.83432,0.73368,1.8646,0.11103
0.82922,0.72603,1.8748,0.10848
0.83687,0.72093,1.8697,0.11868
0.84197,0.72348,1.8621,0.11358
0.83432,0.73113,1.8671,0.10593
0.82922,0.72603,1.8748,0.11103
0.83432,0.71839,1.8671,0.11868
0.84197,0.72348,1.8621,0.11103
0.83432,0.73368,1.8646,0.10593
0.82922,0.73113,1.8748,0.11103
0.82667,0.71839,1.8748,0.11868
0.84197,0.71839,1.8621,0.11103
0.84197,0.73113,1.8621,0.10593
0.82667,0.72603,1.8748,0.11103
0.83687,0.72093,1.8671,0.11868
0.83942,0.72603,1.8621,0.10593
0.83432,0.73113,1.8748,0.10593
0.82667,0.72093,1.8722,0.11868
0.84452,0.72093,1.8621,0.11868
0.84197,0.73113,1.8646,0.10593
0.82922,0.73368,1.8748,0.11103
0.83687,0.72348,1.8697,0.11868
0.83687,0.72603,1.8697,0.11103
0.83432,0.72603,1.8697,0.11103
0.83687,0.72348,1.8697,0.12123
0.84197,0.72858,1.8646,0.11103
0.84197,0.73368,1.8646,0.10593
0.82922,0.73368,1.8773,0.11103
0.83177,0.72603,1.8697,0.11103
0.83687,0.72603,1.8697,0.11103
0.83687,0.72858,1.8646,0.11358
0.83687,0.73368,1.8697,0.10593
0.83177,0.72603,1.8773,0.11103
0.83687,0.72093,1.8722,0.11868
0.84452,0.72858,1.8646,0.11103
0.83687,0.73368,1.8799,0.10593
0.83687,0.72603,1.8722,0.11103
0.84707,0.72093,1.8646,0.11868
0.83687,0.72603,1.8722,0.10593
0.83687,0.72858,1.8722,0.11358
0.83687,0.73113,1.8748,0.11613
0.83942,0.72858,1.8722,0.11103
0.83687,0.73623,1.8722,0.10593
0.83687,0.73113,1.8799,0.11358
0.83687,0.72348,1.8722,0.12123
0.83942,0.72603,1.8722,0.11103
0.83942,0.73368,1.8722,0.10593
0.83177,0.72603,1.8773,0.11358
0.83687,0.72348,1.8722,0.11868
0.84452,0.72858,1.8671,0.11103
0.83942,0.73878,1.8697,0.10338
0.83177,0.72603,1.8773,0.11868
0.83687,0.72348,1.8748,0.11868
0.84452,0.72858,1.8671,0.10848
0.83177,0.73368,1.8722,0.10593
0.83177,0.72348,1.8773,0.11613
0.83687,0.72348,1.8671,0.11868
0.84452,0.72858,1.8697,0.10848
0.83942,0.73368,1.8722,0.10848
0.83687,0.72603,1.8722,0.11103
0.83687,0.72603,1.8722,0.11868
0.83687,0.72858,1.8722,0.11358
0.83942,0.72603,1.8748,0.11358
0.83942,0.72858,1.8748,0.11358
0.83942,0.73113,1.8799,0.11358
0.83942,0.72093,1.8722,0.11868
0.84707,0.72348,1.8671,0.11868
0.84452,0.73368,1.8671,0.10593
0.83942,0.73368,1.8722,0.10593
0.83177,0.72858,1.8773,0.11103
0.83687,0.72348,1.8748,0.11868
0.83687,0.72348,1.8671,0.11358
0.84452,0.72858,1.8697,0.10593
0.83687,0.73623,1.8748,0.10593
0.83177,0.72858,1.8824,0.11358
0.83942,0.72348,1.8748,0.11868
0.83687,0.72348,1.8697,0.11868
0.84452,0.72858,1.8671,0.11103
0.83942,0.73368,1.8748,0.10593
0.83177,0.72603,1.8824,0.11103
0.83687,0.72093,1.8748,0.11868
0.84452,0.72858,1.8671,0.11103
0.83942,0.73368,1.8748,0.10593
0.83177,0.72858,1.8799,0.11358
0.83942,0.72093,1.8722,0.12123
0.84452,0.73368,1.8646,0.11103
0.83942,0.73368,1.8722,0.10848
0.83432,0.73113,1.8799,0.11103
0.83687,0.72348,1.8722,0.11358
0.84197,0.72858,1.8646,0.11103
0.83687,0.73368,1.8722,0.10848
0.83177,0.72858,1.8773,0.11103
0.83177,0.72348,1.8722,0.11868
0.84452,0.72348,1.8671,0.11103
0.83687,0.73368,1.8722,0.10593
0.83432,0.73368,1.8722,0.11358
0.83687,0.72858,1.8722,0.11103
0.83942,0.72858,1.8722,0.11103
0.84452,0.72858,1.8671,0.11103
0.83687,0.72858,1.8748,0.11103
0.83177,0.72858,1.8799,0.11103
0.83687,0.72093,1.8722,0.11868
0.83687,0.72858,1.8748,0.10848
0.83942,0.72603,1.8722,0.11103
0.83687,0.72603,1.8722,0.11103
0.83177,0.72858,1.8773,0.11358
0.83687,0.72603,1.8697,0.11868
0.83687,0.72858,1.8722,0.11103
0.83687,0.72858,1.8722,0.11103
0.83687,0.73368,1.8697,0.10593
0.82922,0.72858,1.8773,0.10848
0.83687,0.71839,1.8697,0.11868
0.84197,0.72348,1.8621,0.11613
0.84197,0.73368,1.8646,0.10848
0.82922,0.73368,1.8773,0.10593
0.83177,0.72603,1.8748,0.11103
0.84197,0.72093,1.8697,0.11868
0.84197,0.72603,1.8621,0.11103
0.83432,0.73368,1.8671,0.10593
0.83687,0.72603,1.8697,0.10848
0.82922,0.72093,1.8748,0.11868
0.84197,0.72093,1.8671,0.11103
0.84197,0.72603,1.8621,0.11103
0.83687,0.73368,1.8697,0.10593
0.83177,0.72603,1.8722,0.11103
0.82922,0.72093,1.8773,0.11868
0.83687,0.72603,1.8621,0.11103
0.83687,0.72348,1.8671,0.10593
0.83687,0.72603,1.8671,0.11103
0.83687,0.72603,1.8697,0.11868
0.83687,0.72093,1.8621,0.11103
0.83687,0.73368,1.8722,0.11103
0.83177,0.72858,1.8773,0.11358
0.83687,0.72093,1.8722,0.11868
0.84452,0.72858,1.8646,0.11103
0.83687,0.73368,1.8722,0.10593
0.83432,0.72858,1.8799,0.11868
0.83687,0.72093,1.8722,0.11868
0.84452,0.72858,1.8646,0.10593
0.83687,0.73368,1.8722,0.10593
0.83177,0.73113,1.8799,0.11103
0.83687,0.72858,1.8748,0.10848
0.83942,0.72858,1.8722,0.11103
0.83687,0.72603,1.8748,0.11358
0.83177,0.72858,1.8799,0.11103
0.83687,0.72348,1.8773,0.11868
0.84452,0.72603,1.8697,0.11358
0.83942,0.73368,1.8773,0.10848
0.83432,0.73368,1.8824,0.11358
0.83687,0.72348,1.8748,0.11868
0.84452,0.73623,1.8671,0.11358
0.83687,0.73368,1.8824,0.10848
0.83432,0.72348,1.8824,0.11613
0.83687,0.72348,1.8671,0.11868
0.84452,0.72858,1.8697,0.10848
0.83687,0.73368,1.8748,0.11103
0.83177,0.72858,1.8824,0.11103
0.83942,0.72093,1.8773,0.11868
0.84452,0.72348,1.8697,0.11103
0.84452,0.73623,1.8697,0.10593
0.83687,0.73113,1.8748,0.10593
0.83432,0.72858,1.8824,0.11868
0.83687,0.72348,1.8773,0.11868
0.84452,0.72858,1.8697,0.10593
0.83687,0.73368,1.8799,0.10593
0.83177,0.72603,1.8824,0.11358
0.83432,0.72348,1.8748,0.11868
0.84452,0.72348,1.8697,0.11358
0.84452,0.73623,1.8722,0.10593
0.83432,0.73623,1.8799,0.10593
0.83687,0.72858,1.8722,0.11103
0.83942,0.72858,1.8773,0.11358
0.83942,0.72858,1.8773,0.10848
0.84197,0.73113,1.8824,0.11103
0.84197,0.72348,1.8773,0.11868
0.84707,0.72858,1.8697,0.11358
0.83942,0.73623,1.8773,0.10593
0.83687,0.73113,1.8773,0.11358
0.83942,0.72858,1.8773,0.11103
0.84197,0.72858,1.8773,0.10848
0.83942,0.73623,1.8824,0.10593
0.83177,0.72348,1.885,0.12123
0.83687,0.72348,1.8722,0.11868
0.84707,0.72858,1.8722,0.11103
0.83432,0.73623,1.8773,0.10593
0.83432,0.72348,1.8824,0.11868
0.84452,0.72348,1.8722,0.11103
0.84707,0.73878,1.8697,0.10593
0.83432,0.73368,1.8824,0.11103
0.83687,0.72348,1.8773,0.11868
0.84707,0.72858,1.8722,0.11103
0.83942,0.73623,1.8773,0.10848
0.83432,0.73113,1.8824,0.11868
0.83942,0.72348,1.8773,0.11868
0.84707,0.73113,1.8722,0.11103
0.83942,0.73878,1.8799,0.10593
0.83432,0.72858,1.885,0.12123
0.84197,0.72348,1.8799,0.11868
0.84707,0.73113,1.8722,0.11358
0.83942,0.73623,1.8799,0.10593
0.83942,0.73113,1.8799,0.11358
0.84197,0.73113,1.8799,0.11868
0.84197,0.72348,1.8722,0.11358
0.84707,0.73878,1.8748,0.10593
0.83942,0.73878,1.8799,0.10848
0.83432,0.73113,1.885,0.11358
0.83432,0.72348,1.885,0.11868
0.84197,0.73113,1.8824,0.11103
0.84707,0.72858,1.8773,0.11358
0.84197,0.73878,1.8799,0.11103
0.83432,0.73113,1.885,0.11358
0.83942,0.72603,1.8799,0.11868
0.84707,0.73113,1.8748,0.10848
0.83942,0.73623,1.8799,0.10848
0.83432,0.73113,1.885,0.11868
0.84197,0.72603,1.8773,0.11868
0.84707,0.73623,1.8748,0.10848
0.83432,0.73878,1.8875,0.11358
0.83432,0.72348,1.8875,0.11358
0.84707,0.72603,1.8748,0.11358
0.84707,0.73623,1.8748,0.10593
0.83432,0.73878,1.8875,0.10593
0.83432,0.72348,1.885,0.11868
0.84452,0.72348,1.8722,0.12123
0.84707,0.73623,1.8748,0.10593
0.83432,0.73623,1.8824,0.10848
0.83432,0.73113,1.885,0.11358
0.84197,0.72348,1.8799,0.12123
0.84707,0.72858,1.8722,0.11103
0.84197,0.73878,1.8799,0.10848
0.83432,0.73368,1.885,0.11103
0.84197,0.72348,1.8799,0.11868
0.84707,0.72348,1.8722,0.11358
0.84707,0.73113,1.8824,0.10593
0.84197,0.73368,1.8799,0.11358
0.84197,0.73113,1.8773,0.12123
0.84197,0.73113,1.8824,0.11103
0.84707,0.73878,1.8722,0.10848
0.83432,0.73113,1.885,0.11358
0.84197,0.72348,1.8799,0.11868
0.84707,0.73113,1.8748,0.11103
0.84197,0.73878,1.885,0.10593
0.83432,0.73113,1.8875,0.11868
0.84707,0.72348,1.8824,0.11868
0.84707,0.73623,1.8748,0.10593
0.83432,0.73878,1.8875,0.11358
0.83432,0.72603,1.8875,0.11868
0.84707,0.72348,1.8748,0.11358
0.84197,0.73623,1.8799,0.10593
0.83432,0.73113,1.8875,0.11868
0.84197,0.72348,1.8824,0.12123
0.84707,0.73113,1.8773,0.10848
0.84197,0.74133,1.8824,0.10593
0.84197,0.73113,1.8824,0.11358
0.84197,0.73113,1.8824,0.11868
0.83942,0.73368,1.8799,0.11358
0.84197,0.73113,1.8824,0.10848
0.83942,0.73113,1.8824,0.11358
0.84197,0.73113,1.8799,0.11868
0.83942,0.73113,1.8799,0.11358
0.83942,0.73113,1.8799,0.10593
0.84197,0.73113,1.8824,0.11358
0.83432,0.73113,1.8799,0.11358
0.84197,0.72348,1.8824,0.11868
0.84452,0.73113,1.8799,0.11103
0.84197,0.73878,1.8824,0.10848
0.83432,0.73368,1.8901,0.11358
0.83432,0.72348,1.8875,0.11868
0.84707,0.72603,1.8748,0.12123
0.84962,0.73113,1.8824,0.11358
0.83942,0.73623,1.8799,0.11358
0.83432,0.73113,1.885,0.11103
0.84197,0.72858,1.8799,0.11868
0.84707,0.72603,1.8748,0.11103
0.84707,0.73113,1.8799,0.10848
0.84197,0.73113,1.8824,0.11103
0.83942,0.73113,1.8824,0.11868
0.83942,0.73113,1.8799,0.11103
0.84707,0.73113,1.8824,0.11358
0.84197,0.73623,1.8799,0.11358
0.84197,0.73113,1.8824,0.11103
0.84197,0.73113,1.8799,0.11103
0.84707,0.73368,1.8748,0.11358
0.83942,0.73113,1.8773,0.11103
0.84197,0.73113,1.885,0.11358
0.84197,0.72348,1.8799,0.11868
0.84707,0.73113,1.8748,0.11358
0.84197,0.73878,1.8824,0.10593
0.83432,0.73368,1.8875,0.11358
0.84197,0.72348,1.8824,0.11868
0.84707,0.73113,1.8773,0.11103
0.84197,0.73623,1.8824,0.10593
0.83432,0.73113,1.8901,0.11868
0.84197,0.72348,1.8799,0.11868
0.84707,0.73368,1.8748,0.10593
0.83942,0.73878,1.8824,0.10593
0.83432,0.72603,1.8875,0.11868
0.84707,0.72603,1.8773,0.11868
0.84707,0.73623,1.8773,0.10593
0.83432,0.73878,1.8824,0.10848
0.83432,0.72603,1.8901,0.11868
0.84707,0.72348,1.8773,0.11868
0.84707,0.73878,1.8773,0.10848
0.83432,0.73878,1.8901,0.11358
0.83687,0.72603,1.8901,0.11868
0.84707,0.73368,1.8773,0.11358
0.84197,0.73878,1.8824,0.10593
0.83687,0.73113,1.8901,0.11868
0.84197,0.72603,1.885,0.12123
0.84962,0.73878,1.8773,0.10593
0.83687,0.73878,1.8926,0.10848
0.83432,0.72858,1.8926,0.11868
0.84197,0.73368,1.885,0.11358
0.84452,0.73878,1.8824,0.10593
0.83432,0.73368,1.8926,0.11358
0.84707,0.72603,1.8799,0.11868
0.84962,0.74133,1.8824,0.10848
0.84197,0.73878,1.8901,0.10848
0.83942,0.72603,1.8901,0.11868
0.84962,0.72603,1.885,0.11868
0.84707,0.73368,1.8773,0.10593
0.83687,0.74133,1.8926,0.11358
0.84452,0.72603,1.8824,0.11868
0.84707,0.73368,1.8799,0.11358
0.84197,0.73878,1.885,0.11358
0.83432,0.73368,1.8901,0.11868
0.84452,0.72858,1.8824,0.11868
0.84707,0.73113,1.8799,0.11103
0.84197,0.74133,1.8824,0.10593
0.84197,0.73368,1.8824,0.11358
0.83432,0.73368,1.8824,0.11103
0.84197,0.72603,1.8824,0.11358
0.84962,0.73113,1.8799,0.10848
0.84197,0.73878,1.8799,0.10848
0.83687,0.73368,1.8901,0.11358
0.83432,0.72603,1.8901,0.11868
0.84707,0.72603,1.8773,0.12123
0.84707,0.73878,1.8773,0.11358
0.84197,0.73878,1.8824,0.10848
0.83687,0.73368,1.8901,0.11358
0.83687,0.72348,1.8901,0.11868
0.84707,0.72348,1.8773,0.11358
0.84707,0.73113,1.8773,0.11358
0.84197,0.73878,1.8824,0.10848
0.83432,0.73113,1.8875,0.11103
0.84197,0.72348,1.8799,0.11868
0.84197,0.73113,1.8824,0.11103
0.83942,0.73113,1.8824,0.10593
0.84197,0.73113,1.8799,0.11358
0.83942,0.73113,1.8824,0.11358
0.83942,0.72603,1.8748,0.11868
0.83942,0.73113,1.8799,0.11358
0.84197,0.73113,1.8799,0.11358
0.83942,0.73113,1.8799,0.11358
0.83942,0.72858,1.8799,0.11358
0.83942,0.72858,1.8748,0.10593
0.83432,0.73878,1.8824,0.10593
0.83432,0.72603,1.885,0.11868
0.84707,0.73113,1.8722,0.11103
0.83942,0.73368,1.8799,0.10593
0.83432,0.73113,1.885,0.11868
0.84452,0.72348,1.8722,0.11868
0.84452,0.73623,1.8722,0.10593
0.83432,0.73113,1.885,0.11358
0.83942,0.72603,1.8799,0.11103
0.84707,0.73113,1.8722,0.11103
0.83942,0.72858,1.8773,0.11103
0.83942,0.73113,1.8773,0.11868
0.84707,0.73113,1.8722,0.11358
