2.3154,0.6827,1.9997,1.4217
2.3179,0.6827,1.9971,1.4141
2.3179,0.6827,1.9997,1.4217
2.3205,0.68524,1.9971,1.4294
2.3179,0.6827,1.9997,1.4243
2.3256,0.68524,1.9997,1.4217
2.323,0.6827,2.0022,1.4217
2.3128,0.6827,2.0073,1.4217
2.3179,0.6827,2.0022,1.4217
2.3256,0.6827,1.9946,1.4217
2.3205,0.68779,1.9997,1.4141
2.3154,0.6827,2.0073,1.4217
2.323,0.6827,2.0022,1.4217
2.3281,0.6827,2.0048,1.4217
2.3205,0.6827,2.0048,1.4243
2.3205,0.6776,2.0048,1.4294
2.3281,0.68015,1.9997,1.4243
2.3205,0.68779,2.0048,1.4115
2.3154,0.68015,2.015,1.4268
2.3205,0.6725,2.0022,1.4268
2.3281,0.68779,2.0022,1.4141
2.3128,0.68015,2.015,1.4192
2.3205,0.67505,2.0048,1.4268
2.3281,0.68015,2.0048,1.4141
2.3205,0.68524,2.0175,1.4141
2.3179,0.68015,2.0175,1.4243
2.3281,0.6725,2.0073,1.4217
2.323,0.68524,2.0124,1.4141
2.3154,0.68015,2.0175,1.4217
2.323,0.6725,2.0124,1.4243
2.3307,0.68015,2.015,1.4217
2.323,0.68015,2.015,1.4192
2.3154,0.68015,2.0201,1.4192
2.323,0.6725,2.0048,1.4192
2.3281,0.68524,2.0099,1.4141
2.3154,0.68015,2.0201,1.4192
2.323,0.67505,2.015,1.4268
2.3281,0.6776,2.0099,1.4192
2.3256,0.68524,2.0201,1.4141
2.3179,0.6725,2.0201,1.4268
2.3281,0.67505,2.0073,1.4243
2.3256,0.6827,2.0073,1.4141
2.3154,0.68015,2.015,1.4243
2.3307,0.6725,2.0022,1.4217
2.323,0.68015,2.0099,1.4166
2.3205,0.6827,2.0124,1.4217
2.3205,0.67505,2.0073,1.4268
2.3256,0.68015,2.0022,1.4217
2.323,0.68015,2.0099,1.4217
2.3205,0.68015,2.0099,1.4217
2.3205,0.68015,2.0124,1.4217
2.3205,0.68524,2.0099,1.4141
2.3154,0.6827,2.015,1.4268
2.323,0.67505,2.0099,1.4268
2.3256,0.68015,2.0022,1.4141
2.3205,0.68779,2.0099,1.4141
2.3154,0.67505,2.0175,1.4268
2.3256,0.68015,2.0048,1.4217
2.323,0.68779,2.0073,1.4141
2.3154,0.67505,2.0175,1.4294
2.3256,0.68015,2.0022,1.4192
2.323,0.68524,2.0073,1.4166
2.3154,0.67505,2.0175,1.4268
2.3281,0.67505,2.0073,1.4192
2.3205,0.68524,2.0099,1.4141
2.3154,0.68015,2.0124,1.4192
2.323,0.6776,2.0099,1.4217
2.3179,0.68015,2.0099,1.4141
2.3205,0.68015,2.0073,1.4192
2.3205,0.6725,2.0099,1.4294
2.3256,0.68015,2.0022,1.4192
2.3154,0.68524,2.0124,1.4141
2.3154,0.6725,2.0175,1.4268
2.3281,0.66995,2.0048,1.4217
2.323,0.68524,2.0099,1.4166
2.3128,0.6776,2.0175,1.4243
2.3281,0.6725,2.0073,1.4268
2.3281,0.68779,2.0048,1.4141
2.3154,0.6776,2.0201,1.4217
2.323,0.6725,2.0099,1.4294
2.3307,0.6776,2.0073,1.4217
2.323,0.68524,2.0124,1.4141
2.3179,0.68015,2.0201,1.4268
2.323,0.6725,2.0124,1.4243
2.3307,0.6827,2.015,1.4192
2.323,0.68779,2.0099,1.4217
2.3179,0.68015,2.0175,1.4192
2.3179,0.6725,2.0201,1.4268
2.3281,0.6725,2.0048,1.4217
2.323,0.68524,2.0124,1.4166
2.3154,0.68015,2.0201,1.4217
2.323,0.66995,2.0124,1.4268
2.3281,0.6776,2.0048,1.4192
2.3307,0.6827,2.0124,1.4166
2.3179,0.6776,2.0201,1.4243
2.3179,0.66995,2.0201,1.4268
2.323,0.68015,2.0124,1.4217
2.3256,0.68015,2.0099,1.4141
2.3205,0.6776,2.0124,1.4217
2.323,0.68015,2.0099,1.4268
2.323,0.68015,2.0124,1.4192
2.323,0.68015,2.0124,1.4141
2.323,0.68015,2.0099,1.4192
2.323,0.68015,2.0124,1.4268
2.3307,0.68015,2.0048,1.4243
2.323,0.68524,2.0099,1.4166
2.3154,0.6725,2.0201,1.4243
2.3256,0.6725,2.0073,1.4268
2.3256,0.6827,2.0048,1.4166
2.3154,0.68524,2.0201,1.4217
2.3154,0.6725,2.0175,1.4294
2.3307,0.66995,2.0073,1.4268
2.3307,0.68779,2.0073,1.4141
2.3154,0.68524,2.0201,1.4166
2.3154,0.6725,2.0201,1.4268
2.323,0.6725,2.0048,1.4294
2.3307,0.68524,2.0073,1.4141
2.323,0.68524,2.015,1.4141
2.3179,0.6725,2.0201,1.4268
2.323,0.66995,2.0124,1.4268
2.3307,0.68015,2.0073,1.4166
2.3179,0.6776,2.0201,1.4217
2.323,0.6725,2.015,1.4268
2.3307,0.68015,2.0099,1.4217
2.3256,0.6827,2.015,1.4141
2.3179,0.68015,2.0226,1.4192
2.3179,0.66995,2.0226,1.4268
2.3281,0.6725,2.0073,1.4217
2.3307,0.6827,2.0099,1.4141
2.3154,0.6776,2.0252,1.4217
2.323,0.66995,2.015,1.4294
2.3307,0.68524,2.0099,1.4192
2.3179,0.6827,2.0175,1.4141
2.3205,0.6725,2.0226,1.4268
2.3307,0.66995,2.0099,1.4294
2.3307,0.6827,2.0099,1.4141
2.3205,0.6776,2.0226,1.4192
2.3256,0.6725,2.015,1.4243
2.3307,0.6776,2.0099,1.4141
2.323,0.6827,2.015,1.4141
2.3205,0.6725,2.0201,1.4243
2.3307,0.6725,2.0099,1.4217
2.3256,0.6827,2.015,1.4141
2.3179,0.6776,2.0201,1.4217
2.3256,0.66995,2.015,1.4268
2.3307,0.6776,2.0048,1.4217
2.3179,0.6827,2.0124,1.4192
2.3256,0.6776,2.0124,1.4268
2.3332,0.6776,2.0099,1.4192
2.3281,0.68524,2.0099,1.4141
2.3179,0.68015,2.0201,1.4192
2.3332,0.66995,2.0124,1.4268
2.3332,0.68524,2.0048,1.4166
2.3179,0.6776,2.0201,1.4192
2.3256,0.66995,2.0124,1.4294
2.3307,0.67505,2.0048,1.4141
2.3179,0.68524,2.0175,1.4166
2.3179,0.66995,2.0175,1.4268
2.3256,0.6776,2.0048,1.4217
2.3256,0.68524,2.0073,1.4166
2.3205,0.6725,2.0175,1.4268
2.3307,0.68015,2.0022,1.4217
2.3281,0.6827,2.0073,1.4141
2.3179,0.6827,2.015,1.4217
2.323,0.68015,2.0048,1.4217
2.3307,0.68779,1.9997,1.4141
2.3154,0.68524,2.0124,1.4192
2.3256,0.6725,2.0073,1.4294
2.3281,0.6776,1.9997,1.4217
2.3256,0.68779,2.0022,1.4192
2.323,0.6827,2.0073,1.4217
2.323,0.6827,2.0022,1.4217
2.3179,0.68015,2.0022,1.4166
2.3205,0.69034,2.0073,1.4243
2.3154,0.67505,2.0048,1.4294
2.3281,0.68524,1.992,1.4217
2.323,0.69289,1.9971,1.4166
2.3154,0.6827,2.0022,1.4243
2.323,0.68015,1.9946,1.4217
2.323,0.68524,1.9946,1.4243
2.3205,0.68524,1.9946,1.4217
2.3205,0.68524,1.9946,1.4268
2.3281,0.68524,1.9869,1.4217
2.323,0.69289,1.9971,1.4166
2.3154,0.68015,1.9946,1.4268
2.3281,0.6827,1.9819,1.4294
2.3281,0.69544,1.9819,1.4141
2.3205,0.69799,1.992,1.4141
2.3128,0.69034,1.9946,1.4294
2.3256,0.6827,1.9844,1.4294
2.3256,0.68779,1.9793,1.4141
2.3205,0.69544,1.9844,1.4166
2.3128,0.69034,1.992,1.4294
2.3205,0.68524,1.9844,1.4268
2.3281,0.69034,1.9793,1.4243
2.3205,0.69799,1.9869,1.4166
2.3154,0.6827,1.9895,1.4294
2.3256,0.6827,1.9793,1.4217
2.3205,0.69799,1.9844,1.4166
2.3154,0.69034,1.992,1.4217
2.3179,0.6827,1.9844,1.4217
2.3256,0.69034,1.9869,1.4243
2.3205,0.68779,1.9869,1.4243
2.323,0.69034,1.9869,1.4192
2.3179,0.68779,1.9895,1.4217
2.323,0.68779,1.9819,1.4166
2.3154,0.69289,1.9946,1.4192
2.3128,0.6827,1.9946,1.4294
2.3205,0.68015,1.992,1.4268
2.3281,0.68779,1.9844,1.4243
2.3205,0.69289,1.9895,1.4141
2.3128,0.68779,1.9946,1.4217
2.323,0.68015,1.992,1.4268
2.3281,0.68779,1.9819,1.4217
2.323,0.69544,1.9895,1.4166
2.3128,0.68524,1.9946,1.4268
2.3179,0.6827,1.9819,1.4294
2.3256,0.68779,1.9819,1.4217
2.3205,0.69289,1.9895,1.4141
2.3128,0.68779,1.9971,1.4192
2.3205,0.6827,1.9895,1.4294
2.3281,0.68779,1.9844,1.4141
2.3205,0.69544,1.9895,1.4141
2.3154,0.68779,1.9946,1.4268
2.3256,0.6827,1.9819,1.4294
2.3281,0.69544,1.9819,1.4141
2.3154,0.69544,1.9869,1.4141
2.3154,0.68779,1.9946,1.4268
2.3205,0.6827,1.9844,1.4294
2.3281,0.68779,1.9819,1.4166
2.3205,0.69289,1.992,1.4141
2.3128,0.68015,1.9946,1.4294
2.3256,0.69034,1.9793,1.4243
2.3179,0.69544,1.9869,1.4141
2.3103,0.68779,1.9946,1.4243
2.3205,0.69034,1.9844,1.4243
2.3205,0.68779,1.9844,1.4217
2.3205,0.68779,1.9844,1.4243
2.3179,0.6827,1.9869,1.4294
2.3281,0.68779,1.9793,1.4243
2.3205,0.69544,1.9869,1.4192
2.3128,0.68524,1.9946,1.4243
2.3179,0.68779,1.9895,1.4243
2.323,0.68779,1.9869,1.4141
2.3128,0.69034,1.9946,1.4243
2.3179,0.68015,1.992,1.4217
2.3205,0.68779,1.9895,1.4243
2.323,0.69034,1.9895,1.4217
2.3205,0.68015,1.9946,1.4294
2.3256,0.68524,1.9844,1.4166
2.323,0.69034,1.9946,1.4166
2.3128,0.68015,1.9971,1.4268
2.3256,0.68779,1.9844,1.4217
2.323,0.69289,1.9946,1.4243
2.3205,0.69034,1.9895,1.4217
2.3205,0.68524,1.9946,1.4217
2.3179,0.69289,1.992,1.4166
2.3154,0.68779,1.992,1.4243
2.3179,0.68015,1.9946,1.4243
2.3256,0.68524,1.9869,1.4243
2.3205,0.68524,1.9895,1.4243
2.3205,0.68524,1.9946,1.4294
2.323,0.68779,1.9869,1.4217
2.3205,0.69034,1.9946,1.4166
2.3154,0.68524,1.9997,1.4243
2.323,0.68015,1.9946,1.4217
2.3205,0.68779,1.992,1.4192
2.3179,0.68524,1.9946,1.4243
2.3205,0.68779,1.9946,1.4294
2.3256,0.6827,1.9869,1.4141
2.3205,0.69289,1.9946,1.4192
2.3128,0.68524,2.0022,1.4243
2.3205,0.68015,1.9946,1.4243
2.3205,0.6827,1.9946,1.4166
2.3128,0.68524,2.0022,1.4294
2.323,0.68015,1.9869,1.4319
2.3281,0.69034,1.9895,1.4141
2.3154,0.69289,2.0022,1.4243
2.323,0.68015,1.9971,1.4294
2.3281,0.68524,1.9895,1.4243
2.3205,0.69289,1.9946,1.4192
2.3154,0.68524,2.0022,1.4243
2.3128,0.68015,2.0022,1.4294
2.3205,0.68524,1.9971,1.4217
2.3205,0.69034,1.9971,1.4166
2.3128,0.6827,2.0022,1.4217
2.3205,0.6776,1.9946,1.4294
2.3281,0.6827,1.992,1.4243
2.323,0.69034,1.9971,1.4166
2.3154,0.6776,2.0022,1.4294
2.3205,0.6776,1.992,1.4319
2.3281,0.68524,1.992,1.4166
2.3128,0.69289,2.0022,1.4243
2.323,0.6776,1.9971,1.4319
2.3256,0.68524,1.9895,1.4217
2.3205,0.69034,1.9971,1.4243
2.3205,0.68524,1.9971,1.4319
2.3256,0.68524,1.9895,1.4243
2.323,0.69289,1.9946,1.4166
2.3205,0.68524,2.0022,1.4243
2.3205,0.68015,1.9946,1.4243
2.3179,0.6827,1.9946,1.4243
2.3205,0.68524,1.992,1.4243
2.3205,0.6827,1.9946,1.4294
2.3281,0.68524,1.9869,1.4166
2.3205,0.69289,1.9971,1.4166
2.3205,0.68524,1.9997,1.4243
2.3179,0.68779,1.992,1.4243
2.3205,0.69289,1.992,1.4166
2.3128,0.68779,1.9971,1.4294
2.3256,0.68015,1.9895,1.4294
2.3256,0.69289,1.9819,1.4192
2.3128,0.69034,1.9946,1.4243
2.3205,0.6827,1.9869,1.4243
2.3256,0.68779,1.9819,1.4141
2.3154,0.69544,1.992,1.4217
2.3128,0.68015,1.9844,1.4294
2.3281,0.68779,1.9793,1.4217
2.323,0.69799,1.9819,1.4192
2.3154,0.68779,1.9895,1.4268
2.3179,0.68524,1.9742,1.4294
2.3281,0.70054,1.9742,1.4166
2.3128,0.69034,1.9844,1.4243
2.3179,0.68524,1.9819,1.4294
2.3256,0.69544,1.9742,1.4217
2.3128,0.69799,1.9869,1.4166
2.3128,0.68524,1.9844,1.4268
2.3256,0.69289,1.9742,1.4217
2.3205,0.69289,1.9793,1.4141
2.3205,0.69289,1.9793,1.4243
2.323,0.69034,1.9768,1.4217
2.3205,0.69289,1.9793,1.4166
2.3179,0.69289,1.9742,1.4294
2.3205,0.69289,1.9768,1.4294
2.3256,0.69289,1.9717,1.4243
2.3179,0.70054,1.9768,1.4166
2.3205,0.69289,1.9844,1.4294
2.3256,0.68524,1.9691,1.4294
2.3256,0.69799,1.9717,1.4166
2.3128,0.69799,1.9844,1.4217
2.3128,0.69289,1.9844,1.4268
2.3256,0.68779,1.9717,1.4294
2.3281,0.69799,1.9691,1.4166
2.3128,0.69799,1.9844,1.4166
2.3128,0.68524,1.9819,1.4319
2.3256,0.68524,1.9768,1.4294
2.3256,0.69289,1.9717,1.4166
2.3154,0.70054,1.9768,1.4166
2.3128,0.6827,1.9844,1.4294
2.3256,0.68524,1.9717,1.4294
2.3256,0.69799,1.9717,1.4192
2.3205,0.69544,1.9793,1.4243
2.3205,0.69034,1.9793,1.4243
2.3205,0.68524,1.9819,1.4243
2.3256,0.69034,1.9793,1.4243
2.3128,0.69799,1.9819,1.4192
2.3128,0.69289,1.9895,1.4319
2.3205,0.6827,1.9742,1.4294
2.3256,0.69289,1.9768,1.4166
2.3128,0.69799,1.9895,1.4166
2.3128,0.68015,1.9869,1.4345
2.3256,0.6827,1.9793,1.4217
2.3281,0.69289,1.9793,1.4166
2.3154,0.69034,1.992,1.4243
2.3205,0.6827,1.9844,1.4294
2.3256,0.69034,1.9793,1.4243
2.3179,0.69544,1.9844,1.4243
2.3154,0.68779,1.9895,1.4243
2.3205,0.6827,1.9793,1.4294
2.3307,0.69544,1.9793,1.4166
2.3128,0.69289,1.9946,1.4243
2.323,0.6827,1.9869,1.4294
2.3256,0.69034,1.9819,1.4166
2.3154,0.69544,1.992,1.4166
2.3154,0.68015,1.9946,1.4319
2.3281,0.68015,1.9819,1.4243
2.3307,0.69289,1.9869,1.4166
2.3128,0.68779,1.9946,1.4217
2.323,0.6827,1.9895,1.4319
2.3307,0.6827,1.9844,1.4217
2.323,0.69289,1.992,1.4166
2.3154,0.68524,1.9971,1.4243
2.3256,0.6776,1.9946,1.4268
2.3307,0.68524,1.9844,1.4243
2.323,0.69289,1.992,1.4166
2.3154,0.68524,1.9971,1.4294
2.3256,0.68015,1.9895,1.4294
2.323,0.6827,1.9946,1.4243
2.3256,0.68524,1.9946,1.4243
2.323,0.68524,1.992,1.4217
2.323,0.6776,1.9946,1.4294
2.3281,0.68524,1.9869,1.4166
2.323,0.69289,1.9997,1.4141
2.3154,0.68015,2.0022,1.4294
2.3281,0.68015,1.9895,1.4243
2.3307,0.69289,1.9869,1.4166
2.3154,0.69289,2.0022,1.4166
2.3154,0.68015,2.0022,1.4294
2.3281,0.68015,1.9869,1.4294
2.3307,0.68779,1.9869,1.4141
2.323,0.6827,1.9971,1.4217
2.3154,0.68524,1.9971,1.4243
2.3256,0.68524,1.9971,1.4243
2.3256,0.6827,1.9895,1.4192
2.3179,0.68779,2.0022,1.4217
2.3154,0.68015,2.0048,1.4294
2.3307,0.6776,1.992,1.4294
2.3332,0.6827,1.9946,1.4141
2.323,0.6827,1.9997,1.4217
2.323,0.6776,2.0022,1.4294
2.3281,0.6827,1.9946,1.4243
2.3256,0.68779,1.9997,1.4166
2.3179,0.6725,2.0073,1.4294
2.3307,0.6776,1.9946,1.4217
2.3307,0.68779,2.0022,1.4166
2.3154,0.6827,2.0073,1.4243
2.323,0.6776,2.0048,1.4217
2.3256,0.68015,1.9997,1.4217
2.3256,0.68524,2.0048,1.4217
2.323,0.68015,2.0073,1.4268
2.3307,0.68015,2.0022,1.4217
2.3256,0.68524,2.0099,1.4166
2.3179,0.68015,2.015,1.4268
2.3307,0.67505,2.0022,1.4268
2.3307,0.68524,2.0022,1.4141
2.3179,0.6776,2.0124,1.4243
2.3256,0.67505,2.0073,1.4268
2.3332,0.68015,2.0022,1.4217
2.3256,0.68015,2.0099,1.4141
2.3179,0.6827,2.015,1.4192
2.3256,0.67505,2.0073,1.4268
2.3307,0.68015,2.0048,1.4166
2.3179,0.68524,2.0124,1.4141
2.3205,0.68015,2.015,1.4243
2.323,0.6725,2.0073,1.4294
2.3281,0.6827,1.9997,1.4243
2.3256,0.68524,2.0048,1.4166
2.3179,0.68015,2.015,1.4243
2.3256,0.67505,2.0048,1.4294
2.3307,0.6827,1.9997,1.4217
2.3256,0.68779,2.0022,1.4141
2.323,0.6827,2.0048,1.4217
2.3256,0.6776,2.0048,1.4268
2.3307,0.6827,1.9997,1.4217
2.3179,0.69034,2.0073,1.4141
2.3179,0.68015,2.0073,1.4294
2.3307,0.6776,1.9946,1.4217
2.3205,0.68779,2.0022,1.4166
2.3179,0.6827,2.0048,1.4294
2.323,0.6776,1.9997,1.4294
2.3281,0.6776,1.992,1.4243
2.3307,0.69034,1.992,1.4166
2.3179,0.69034,1.9997,1.4192
2.323,0.6827,1.9971,1.4217
2.3307,0.68015,1.9895,1.4243
2.323,0.69289,1.9971,1.4166
2.3179,0.68524,2.0022,1.4243
2.323,0.68524,1.9946,1.4243
2.3281,0.68524,1.992,1.4243
2.323,0.68524,1.9946,1.4243
2.323,0.68015,1.9946,1.4294
2.3281,0.68524,1.9844,1.4243
2.3154,0.69289,1.9946,1.4192
2.3154,0.6827,1.9971,1.4243
2.323,0.68015,1.992,1.4294
2.3307,0.68524,1.9844,1.4192
2.3205,0.69289,1.9895,1.4166
2.3154,0.68779,1.9971,1.4294
2.323,0.68015,1.9895,1.4294
2.3281,0.68779,1.9844,1.4217
2.3205,0.69544,1.9869,1.4243
2.3179,0.68779,1.9971,1.4243
2.3205,0.68015,1.9895,1.4243
2.3256,0.68779,1.9819,1.4243
2.323,0.69289,1.9895,1.4243
2.3154,0.68524,1.9946,1.4243
2.323,0.68015,1.9869,1.4294
2.3281,0.68779,1.9819,1.4243
2.323,0.69544,1.9844,1.4243
2.3154,0.68779,1.9946,1.4243
2.3205,0.68015,1.9844,1.4243
2.323,0.69034,1.9819,1.4243
2.3205,0.69544,1.9844,1.4243
2.323,0.69034,1.9844,1.4319
2.3256,0.69034,1.9869,1.4243
2.3205,0.68779,1.9844,1.4166
2.3128,0.68779,1.9946,1.4243
2.3205,0.69034,1.9844,1.4319
2.3281,0.68524,1.9819,1.4243
2.3179,0.69289,1.9844,1.4166
2.3154,0.68779,1.992,1.4294
2.3256,0.68015,1.9819,1.4319
2.3281,0.68779,1.9819,1.4192
2.323,0.69544,1.9946,1.4192
2.3128,0.68015,1.992,1.4319
2.3281,0.68015,1.9869,1.4319
2.3256,0.69544,1.9819,1.4217
2.3179,0.69289,1.992,1.4192
2.3179,0.6827,1.9946,1.4319
2.3281,0.6827,1.9793,1.4243
