3.5389,1.9777,4.411,2.1026
3.544,1.9752,4.411,2.1077
3.5415,1.9752,4.4136,2.1
3.5415,1.9752,4.411,2.0949
3.5415,1.9752,4.4212,2.1026
3.5389,1.9675,4.4187,2.1077
3.5466,1.9726,4.4136,2.1026
3.544,1.9777,4.4212,2.0949
3.5364,1.9701,4.4263,2.1
3.5389,1.9701,4.4212,2.1
3.5389,1.9701,4.4212,2.0949
3.5338,1.9726,4.4289,2.1
3.5389,1.9675,4.4263,2.1026
3.5415,1.9675,4.4238,2.1026
3.5364,1.9701,4.4289,2.1026
3.5389,1.9675,4.4289,2.1077
3.5389,1.9675,4.4314,2.1026
3.544,1.9752,4.4263,2.0949
3.5313,1.9726,4.439,2.1
3.5338,1.9624,4.439,2.1077
3.5415,1.9624,4.4238,2.1
3.544,1.9726,4.4212,2.0949
3.5338,1.9752,4.439,2.1026
3.5338,1.9624,4.439,2.1077
3.544,1.9624,4.4263,2.1077
3.544,1.9752,4.4263,2.0949
3.5338,1.9752,4.434,2.0975
3.5338,1.965,4.434,2.1077
3.5466,1.9624,4.4212,2.1026
3.544,1.9777,4.4238,2.0949
3.5313,1.9777,4.4365,2.1026
3.5364,1.965,4.4289,2.1077
3.544,1.9675,4.4238,2.1051
3.5364,1.9777,4.4263,2.0949
3.5313,1.9701,4.434,2.1051
3.5389,1.965,4.4289,2.1026
3.544,1.9752,4.4187,2.0949
3.5389,1.9752,4.4314,2.0949
3.5287,1.9726,4.4314,2.1077
3.5364,1.965,4.4212,2.1077
3.544,1.9726,4.4238,2.1026
3.5364,1.9701,4.4263,2.1026
3.5364,1.9726,4.4238,2.1077
3.5389,1.965,4.4212,2.1026
3.5466,1.9777,4.4187,2.0949
3.5364,1.9701,4.4314,2.1026
3.5364,1.965,4.4263,2.1077
3.544,1.9726,4.4187,2.1026
3.5389,1.9777,4.4263,2.0975
3.5313,1.9701,4.4314,2.1026
3.5364,1.965,4.4263,2.1077
3.5364,1.9726,4.4263,2.1026
3.5389,1.9777,4.4238,2.0949
3.5313,1.9726,4.4314,2.1026
3.5364,1.965,4.4289,2.1026
3.5415,1.9675,4.4212,2.1026
3.5364,1.9701,4.4289,2.1026
3.5389,1.9701,4.4289,2.1026
3.5389,1.965,4.4212,2.1
3.5415,1.9752,4.4212,2.0949
3.5313,1.9701,4.434,2.1
3.5389,1.965,4.4263,2.1077
3.544,1.9726,4.4212,2.1
3.5364,1.9701,4.4289,2.1026
3.5287,1.9675,4.434,2.1077
3.544,1.9701,4.4238,2.1026
3.5364,1.9777,4.4289,2.1
3.5364,1.9701,4.434,2.1026
3.5364,1.965,4.4289,2.1026
3.5364,1.9701,4.4289,2.0949
3.5287,1.9701,4.434,2.1
3.5364,1.965,4.4314,2.1077
3.544,1.9701,4.4238,2.1026
3.5364,1.9777,4.4289,2.1026
3.5313,1.9701,4.434,2.1026
3.5389,1.9726,4.4263,2.1
3.5364,1.9701,4.4263,2.0949
3.5313,1.9701,4.4314,2.1026
3.5389,1.9675,4.4238,2.1077
3.5415,1.9726,4.4187,2.1
3.5364,1.9777,4.4238,2.1
3.5338,1.9701,4.4212,2.1
3.5389,1.9726,4.4187,2.1
3.5389,1.9803,4.4187,2.0949
3.5313,1.9752,4.4263,2.1
3.5364,1.9675,4.4187,2.1051
3.544,1.9726,4.411,2.1026
3.5389,1.9828,4.4161,2.1
3.5338,1.9777,4.4212,2.1
3.5415,1.9701,4.4136,2.1077
3.5466,1.9777,4.4161,2.0975
3.5415,1.9828,4.4136,2.0949
3.5389,1.9752,4.4136,2.0975
3.5389,1.9752,4.411,2.1077
3.5389,1.9726,4.411,2.1
3.5389,1.9777,4.4085,2.1
3.5364,1.9828,4.4136,2.0924
3.5364,1.9726,4.4161,2.1026
3.544,1.9726,4.3983,2.0975
3.5491,1.9879,4.3957,2.0898
3.5364,1.9854,4.411,2.1
3.5415,1.9726,4.4034,2.1077
3.5466,1.9828,4.3932,2.0975
3.5415,1.9854,4.4008,2.0949
3.5338,1.9803,4.4059,2.0975
3.5415,1.9752,4.3983,2.1077
3.5466,1.9879,4.3932,2.0949
3.5364,1.9854,4.4008,2.0975
3.5389,1.9828,4.4085,2.1051
3.5491,1.9777,4.3983,2.1
3.5389,1.9777,4.4034,2.0949
3.5389,1.9777,4.4034,2.1
3.5415,1.9726,4.4008,2.0975
3.5389,1.9777,4.4059,2.0949
3.5389,1.9752,4.4059,2.1
3.5389,1.9777,4.4085,2.1026
3.5389,1.9752,4.4085,2.1026
3.5415,1.9752,4.4008,2.1
3.5389,1.9854,4.4059,2.0949
3.5389,1.9777,4.4085,2.1026
3.5389,1.9777,4.4187,2.1077
3.544,1.9701,4.4034,2.1077
3.544,1.9752,4.4059,2.0949
3.5313,1.9803,4.4212,2.0975
3.5338,1.9701,4.4212,2.1077
3.544,1.9701,4.4059,2.1026
3.544,1.9828,4.4085,2.0949
3.5389,1.9803,4.4212,2.0949
3.5389,1.9752,4.4161,2.1026
3.5389,1.9752,4.4187,2.1026
3.5389,1.9777,4.4161,2.0975
3.5338,1.9752,4.4263,2.1077
3.5364,1.9675,4.4212,2.1077
3.5389,1.9701,4.4161,2.1
3.5364,1.9726,4.4212,2.0975
3.5389,1.9726,4.4238,2.1026
3.5313,1.9726,4.4314,2.1026
3.5364,1.965,4.4212,2.1077
3.544,1.9701,4.4187,2.0949
3.5364,1.9777,4.4263,2.0975
3.5313,1.9701,4.4314,2.1077
3.5389,1.9701,4.4289,2.1077
3.5364,1.9701,4.4263,2.1026
3.5389,1.9701,4.4263,2.1
3.5338,1.9701,4.434,2.1026
3.5364,1.9675,4.4187,2.1077
3.544,1.9777,4.4212,2.0949
3.5364,1.9701,4.4314,2.1026
3.5364,1.9675,4.4238,2.1077
3.5415,1.9803,4.4187,2.1026
3.5364,1.9777,4.4212,2.0949
3.5287,1.9701,4.4289,2.1051
3.5364,1.965,4.4212,2.1102
3.544,1.9701,4.4136,2.0949
3.5389,1.9803,4.4187,2.1
3.5313,1.9752,4.4212,2.1026
3.5287,1.9675,4.4136,2.1102
3.5466,1.9701,4.4085,2.1051
3.544,1.9803,4.411,2.0975
3.5313,1.9828,4.4187,2.1051
3.5313,1.9675,4.4187,2.1102
3.5415,1.9701,4.4059,2.1051
3.544,1.9828,4.4008,2.0975
3.5287,1.9803,4.4085,2.0975
3.5338,1.9752,4.4136,2.1077
3.5364,1.9701,4.4008,2.1102
3.544,1.9828,4.4008,2.0975
3.5313,1.9828,4.411,2.0975
3.5313,1.9777,4.411,2.1077
3.5364,1.9726,4.4008,2.1102
3.5415,1.9777,4.3983,2.1051
3.5389,1.9854,4.4059,2.1
3.5389,1.9777,4.4059,2.1026
3.5389,1.9803,4.4085,2.1102
3.5466,1.9726,4.3957,2.1077
3.5466,1.9777,4.4008,2.1051
3.5389,1.9803,4.4034,2.1026
3.5313,1.9777,4.411,2.1026
3.5389,1.9726,4.4059,2.1102
3.5466,1.9752,4.3983,2.1026
3.5364,1.9854,4.4008,2.0975
3.5338,1.9752,4.411,2.1026
3.5389,1.9701,4.4059,2.1077
3.544,1.9777,4.4008,2.0975
3.5338,1.9828,4.4161,2.0949
3.5338,1.9675,4.4161,2.1102
3.544,1.9777,4.4034,2.1026
3.5389,1.9828,4.411,2.0949
3.5313,1.9752,4.4161,2.1026
3.5389,1.9675,4.4136,2.1051
3.5466,1.9752,4.4059,2.1026
3.5389,1.9828,4.411,2.0975
3.5338,1.9726,4.4161,2.1051
3.5389,1.9675,4.411,2.1077
3.544,1.9726,4.4034,2.1026
3.5389,1.9803,4.411,2.0949
3.5338,1.9701,4.4187,2.1077
3.5389,1.9701,4.4085,2.1077
3.544,1.9752,4.4034,2.1
3.5389,1.9854,4.4085,2.0949
3.5313,1.9777,4.4136,2.1077
3.5389,1.9701,4.411,2.1077
3.5466,1.9752,4.4008,2.0949
3.5415,1.9828,4.4136,2.0975
3.5338,1.9726,4.4136,2.1077
3.5466,1.9777,4.4008,2.1026
3.5415,1.9828,4.4059,2.1
3.5338,1.9752,4.411,2.1077
3.5466,1.9701,4.4008,2.1
3.5415,1.9828,4.4085,2.0924
3.5389,1.9777,4.4085,2.1
3.544,1.9752,4.4034,2.1026
3.5389,1.9828,4.411,2.0949
3.5338,1.9701,4.4187,2.1077
3.544,1.9675,4.4059,2.1
3.5466,1.9828,4.4034,2.0924
3.5338,1.9828,4.4136,2.1
3.5338,1.9752,4.4085,2.1077
3.5389,1.9752,4.4085,2.1026
3.5389,1.9777,4.4085,2.0975
3.5389,1.9752,4.4085,2.1
3.5389,1.9726,4.411,2.1
3.5415,1.9701,4.4085,2.1026
3.5466,1.9777,4.4008,2.1026
3.5415,1.9828,4.4059,2.0949
3.5338,1.9752,4.411,2.1026
3.5389,1.9701,4.4034,2.1077
3.5466,1.9752,4.4008,2.1026
3.5466,1.9854,4.3983,2.0949
3.5338,1.9828,4.411,2.1051
3.5338,1.9726,4.411,2.1051
3.5415,1.9752,4.4059,2.1
3.5389,1.9777,4.4059,2.0975
3.5415,1.9752,4.4008,2.1026
3.5415,1.9777,4.4034,2.1026
3.5389,1.9777,4.4059,2.1026
3.5466,1.9777,4.4034,2.1026
3.5415,1.9854,4.4034,2.1051
3.5389,1.9752,4.4059,2.1026
3.5389,1.9752,4.4085,2.1051
3.5466,1.9777,4.4008,2.1051
3.5415,1.9803,4.411,2.0975
3.5338,1.9726,4.4212,2.1026
3.5389,1.9675,4.4161,2.1077
3.5466,1.9701,4.4136,2.0949
3.5389,1.9777,4.4212,2.1
3.5313,1.9675,4.4314,2.1051
3.5415,1.965,4.4161,2.1128
3.5415,1.9726,4.4161,2.1
3.5287,1.9752,4.4289,2.1051
3.5364,1.965,4.4238,2.1128
3.544,1.9675,4.4161,2.1
3.5287,1.9752,4.4263,2.1026
3.5287,1.965,4.4289,2.1128
3.5415,1.9624,4.411,2.1077
3.5415,1.9777,4.4136,2.1
3.5287,1.9752,4.4289,2.1
3.5313,1.9624,4.4289,2.1128
3.5415,1.9624,4.4263,2.1051
3.5338,1.9675,4.4263,2.1026
3.5364,1.9752,4.4289,2.0975
3.5287,1.9599,4.4365,2.1153
3.5415,1.9599,4.4314,2.1102
3.5415,1.9701,4.4263,2.1026
3.5287,1.9701,4.434,2.1051
3.5364,1.965,4.4314,2.1128
3.5338,1.965,4.434,2.1051
3.5364,1.9624,4.4314,2.0975
3.5287,1.9701,4.4416,2.1
3.5262,1.965,4.4518,2.1128
3.5415,1.9548,4.4492,2.1102
3.5389,1.9599,4.4416,2.1077
3.5338,1.965,4.4467,2.1051
3.5313,1.9573,4.4594,2.1077
3.5338,1.9522,4.4543,2.1077
3.5415,1.9573,4.4492,2.1077
3.5389,1.9624,4.4569,2.1026
3.5262,1.965,4.462,2.1077
3.5262,1.9522,4.4645,2.1153
3.5313,1.9522,4.4543,2.1128
3.5364,1.9573,4.4492,2.1
3.5262,1.965,4.462,2.1026
3.5262,1.9522,4.4594,2.1153
3.5338,1.9497,4.4518,2.1128
3.5389,1.9675,4.4467,2.1026
3.5287,1.9675,4.4569,2.1026
3.5262,1.9599,4.4492,2.1077
3.5338,1.9548,4.4492,2.1077
3.5389,1.9599,4.4416,2.1077
3.5338,1.9675,4.4467,2.1077
3.5287,1.9624,4.4518,2.1153
3.5338,1.9548,4.4467,2.1128
3.5415,1.9624,4.439,2.1077
3.5415,1.9675,4.439,2.1026
3.5262,1.9624,4.4518,2.1077
3.5338,1.9624,4.4441,2.1077
3.5364,1.9624,4.4441,2.0975
3.5287,1.9624,4.4467,2.1077
3.5364,1.965,4.4416,2.1128
3.5364,1.9599,4.4416,2.1051
3.5364,1.9624,4.439,2.1026
3.5287,1.965,4.4467,2.1077
3.5364,1.9573,4.4365,2.1128
3.544,1.965,4.4289,2.1051
3.5364,1.9701,4.434,2.1077
3.5364,1.965,4.434,2.1077
3.5389,1.965,4.434,2.1128
3.544,1.9701,4.4289,2.0975
3.5262,1.9624,4.439,2.1051
3.5364,1.9675,4.434,2.1051
3.5415,1.965,4.4314,2.1077
3.5364,1.965,4.4289,2.1077
3.5364,1.9573,4.4314,2.1128
3.5415,1.9701,4.4263,2.1077
3.5287,1.9752,4.4314,2.0975
3.5338,1.9599,4.4365,2.1128
3.5466,1.9675,4.4238,2.1051
3.5364,1.9701,4.4314,2.0975
3.5364,1.9675,4.4416,2.1051
3.5364,1.965,4.434,2.1051
3.544,1.9701,4.4289,2.0975
3.5313,1.965,4.4416,2.1026
3.5364,1.9599,4.434,2.1077
3.5415,1.9624,4.4289,2.0975
3.5389,1.9675,4.434,2.0975
3.5313,1.965,4.4416,2.1102
3.5364,1.9599,4.434,2.1102
3.5466,1.9675,4.4263,2.1051
3.544,1.9675,4.4314,2.0975
3.5313,1.9726,4.439,2.1051
3.5313,1.965,4.439,2.1102
3.5364,1.9573,4.4314,2.1077
3.5415,1.9675,4.4238,2.1051
3.5389,1.9726,4.4314,2.0949
3.5313,1.9675,4.439,2.1026
3.5338,1.9599,4.4365,2.1077
3.544,1.9573,4.4212,2.1077
3.5466,1.9726,4.4212,2.0949
3.5313,1.9726,4.4365,2.1051
3.5338,1.9599,4.4314,2.1077
3.544,1.9599,4.4212,2.1077
3.5466,1.9675,4.4212,2.0975
3.5389,1.9752,4.4289,2.0949
3.5338,1.9599,4.4365,2.1077
3.5466,1.9599,4.4212,2.1026
3.5491,1.9752,4.4289,2.0949
3.5338,1.9675,4.434,2.1026
3.5364,1.9599,4.434,2.1077
3.544,1.965,4.4289,2.1
3.5466,1.9701,4.4314,2.0949
3.5338,1.9701,4.4441,2.0975
3.5338,1.965,4.4441,2.1026
3.5389,1.965,4.4365,2.1026
3.5389,1.9624,4.4289,2.1026
3.5389,1.9624,4.434,2.1026
3.5364,1.965,4.434,2.1077
3.5389,1.9624,4.439,2.1051
3.5389,1.9726,4.4314,2.0949
3.5364,1.9624,4.439,2.1026
3.5389,1.9599,4.434,2.1077
3.5466,1.9624,4.4289,2.0949
3.5338,1.9701,4.4416,2.0975
3.5389,1.965,4.439,2.1077
3.544,1.9675,4.4314,2.1051
3.5389,1.9675,4.4416,2.0949
3.5338,1.965,4.4467,2.1077
3.5389,1.9548,4.439,2.1077
3.5466,1.9624,4.4365,2.0949
3.5338,1.9675,4.4492,2.0949
3.5313,1.9548,4.4492,2.1102
3.5466,1.9548,4.4314,2.1077
3.5466,1.9675,4.439,2.0949
3.5313,1.9624,4.4467,2.1026
3.5364,1.9573,4.4416,2.1077
3.5415,1.9624,4.434,2.1026
3.5389,1.9675,4.439,2.1026
3.5338,1.965,4.4441,2.1051
3.5466,1.9548,4.4314,2.1102
3.5466,1.9624,4.4289,2.0975
3.5313,1.9701,4.4416,2.0975
3.5338,1.965,4.439,2.1077
3.5389,1.9573,4.4289,2.1102
3.5466,1.9675,4.4212,2.1051
3.5389,1.9752,4.4289,2.0975
3.5338,1.965,4.4365,2.1026
3.5389,1.9599,4.4289,2.1077
3.5466,1.9599,4.4238,2.1026
3.544,1.9701,4.4314,2.0975
3.5338,1.9675,4.439,2.1026
3.5389,1.9573,4.4314,2.1077
3.5491,1.9624,4.4314,2.1026
3.5389,1.965,4.434,2.1026
3.5389,1.965,4.434,2.1102
3.5389,1.9624,4.434,2.1026
3.5389,1.965,4.434,2.0949
3.5338,1.965,4.4416,2.1026
3.5389,1.9573,4.434,2.1102
3.5466,1.9675,4.4289,2.1026
3.5389,1.9675,4.4467,2.0949
3.5313,1.9624,4.4467,2.1077
3.5389,1.9548,4.439,2.1077
3.544,1.9701,4.4314,2.0949
3.5313,1.9624,4.4492,2.1026
3.5389,1.9522,4.4416,2.1077
3.5466,1.9599,4.439,2.1026
3.5389,1.9599,4.4467,2.1026
3.5389,1.9548,4.4467,2.1102
3.544,1.9599,4.4467,2.1026
3.5389,1.9675,4.4467,2.1026
3.5389,1.9573,4.4492,2.1026
3.5338,1.9548,4.4518,2.1026
3.544,1.9573,4.4543,2.1026
3.5364,1.9624,4.462,2.0949
3.5338,1.9548,4.4594,2.1026
3.5364,1.9573,4.462,2.1026
3.5364,1.9548,4.4671,2.0949
3.5287,1.9497,4.4773,2.1051
3.5364,1.9446,4.4722,2.1102
3.5415,1.9471,4.4722,2.1051
3.5338,1.9573,4.4773,2.0975
3.5287,1.9471,4.4875,2.1077
3.5338,1.942,4.4849,2.1102
3.5389,1.9522,4.4824,2.0975
3.5262,1.9497,4.4951,2.1051
3.5313,1.9395,4.49,2.1102
3.5338,1.942,4.49,2.1051
3.5313,1.9446,4.5002,2.1077
3.5313,1.9369,4.4951,2.1102
3.5389,1.942,4.4875,2.0975
3.5338,1.9471,4.5028,2.0975
3.5262,1.9369,4.5028,2.1102
3.5364,1.9369,4.49,2.1128
3.5389,1.9497,4.49,2.0975
3.5236,1.9497,4.4977,2.0975
3.5262,1.9369,4.5028,2.1102
3.5389,1.9369,4.4875,2.1102
3.5389,1.942,4.49,2.0975
3.5262,1.9471,4.5002,2.0975
3.5262,1.9369,4.4977,2.1077
3.5389,1.9369,4.4849,2.1051
3.5415,1.9497,4.4875,2.0949
3.5262,1.9471,4.5002,2.1026
3.5338,1.9395,4.49,2.1102
3.5364,1.9446,4.4849,2.1026
3.5338,1.9522,4.4875,2.0949
3.5287,1.9471,4.49,2.1077
3.5364,1.942,4.4798,2.1077
3.5389,1.9497,4.4696,2.1051
3.5364,1.9573,4.4747,2.1026
3.5287,1.9497,4.4824,2.1026
3.5338,1.9471,4.4696,2.1051
3.5415,1.9522,4.462,2.0949
3.5287,1.9573,4.4722,2.0949
3.5364,1.9522,4.4671,2.1077
3.5415,1.9522,4.4569,2.1026
3.5338,1.9548,4.4594,2.1026
3.5338,1.9573,4.4569,2.1077
3.5415,1.9573,4.4467,2.1026
3.5364,1.9624,4.4518,2.0975
3.5389,1.9599,4.4518,2.1077
3.5415,1.9573,4.4416,2.1026
3.5389,1.965,4.4467,2.0949
3.5313,1.9599,4.4492,2.1
3.5389,1.9573,4.4441,2.1
3.5389,1.9573,4.439,2.0975
3.5389,1.9599,4.4467,2.1
3.5364,1.9599,4.4467,2.1077
3.5415,1.9573,4.4467,2.0975
3.5364,1.965,4.4518,2.0949
3.5287,1.9573,4.4594,2.0975
3.5389,1.9522,4.4543,2.1077
3.544,1.9573,4.4492,2.1
3.5389,1.9573,4.4569,2.1
3.5364,1.9573,4.4594,2.1
3.5364,1.9548,4.4594,2.1
3.544,1.9599,4.4543,2.0949
3.5313,1.9573,4.4671,2.1
3.5364,1.9548,4.462,2.1
3.5364,1.9548,4.462,2.0949
3.5364,1.9522,4.4722,2.1026
3.5338,1.9471,4.4696,2.1051
3.5415,1.9522,4.4645,2.1
3.5364,1.9573,4.4722,2.0949
3.5287,1.9497,4.4773,2.1102
3.5389,1.9497,4.4671,2.1026
3.5364,1.9548,4.4773,2.0975
3.5338,1.9497,4.4773,2.1026
3.5389,1.9497,4.4696,2.1026
3.5338,1.9573,4.4773,2.0949
3.5262,1.9446,4.4824,2.1102
3.5389,1.9497,4.4696,2.1026
3.5338,1.9497,4.4773,2.0949
3.5364,1.9497,4.4747,2.1026
3.5389,1.9522,4.4671,2.1026
3.5262,1.9573,4.4722,2.0949
3.5262,1.9446,4.4722,2.1077
3.5389,1.9471,4.462,2.1026
3.5364,1.9573,4.4671,2.1026
3.5338,1.9548,4.4671,2.1026
3.5338,1.9548,4.4645,2.1026
