1.9228,0.87134,2.066,1.2815
1.9151,0.87644,2.0736,1.2764
1.9075,0.86624,2.0813,1.2891
1.9228,0.86624,2.066,1.2891
1.9228,0.87644,2.0685,1.2764
1.9075,0.87644,2.0813,1.2738
1.91,0.87134,2.0762,1.2815
1.9151,0.87134,2.0736,1.2815
1.9177,0.87134,2.0736,1.2738
1.9177,0.86879,2.0813,1.2891
1.9177,0.86624,2.0762,1.2891
1.9228,0.87134,2.0634,1.2815
1.9151,0.87389,2.0736,1.2764
1.9151,0.87389,2.0787,1.2815
1.9177,0.86624,2.0736,1.2815
1.9202,0.87134,2.066,1.284
1.9177,0.87134,2.0736,1.2815
1.91,0.86624,2.0787,1.2891
1.9253,0.86879,2.066,1.2815
1.9177,0.87644,2.0711,1.2738
1.9126,0.87134,2.0787,1.2815
1.9151,0.86624,2.0685,1.2891
1.9228,0.87644,2.0634,1.2764
1.9126,0.87899,2.0711,1.2764
1.9075,0.87389,2.0762,1.2891
1.9228,0.86624,2.0685,1.2815
1.9177,0.87644,2.0711,1.2764
1.9151,0.87134,2.0736,1.2815
1.9253,0.87134,2.0685,1.2815
1.9177,0.87644,2.0787,1.2764
1.91,0.86624,2.0787,1.2866
1.9228,0.86369,2.066,1.2815
1.9228,0.87644,2.066,1.2764
1.9177,0.87134,2.0813,1.2815
1.9151,0.86624,2.066,1.2866
1.9228,0.87644,2.066,1.2738
1.91,0.87389,2.0787,1.2815
1.9177,0.86624,2.0736,1.2866
1.9177,0.87134,2.0711,1.284
1.9151,0.87134,2.0711,1.2815
1.9177,0.86624,2.0736,1.2866
1.9228,0.87134,2.066,1.2789
1.91,0.87899,2.0736,1.2815
1.9177,0.87134,2.0711,1.2866
1.9228,0.87134,2.066,1.2815
1.9151,0.87899,2.0711,1.2738
1.91,0.86624,2.0787,1.2866
1.9228,0.87134,2.0685,1.2815
1.91,0.87134,2.0787,1.2815
1.9151,0.86624,2.0711,1.2891
1.9228,0.87644,2.0634,1.2738
1.91,0.87389,2.0762,1.2815
1.9151,0.86624,2.0711,1.2815
1.9177,0.87134,2.0711,1.2815
1.91,0.87134,2.0762,1.2815
1.9177,0.86624,2.066,1.2891
1.9228,0.87644,2.066,1.2738
1.91,0.87899,2.0762,1.2789
1.9177,0.86624,2.0736,1.2866
1.9253,0.87134,2.066,1.2815
1.9177,0.87644,2.0711,1.2738
1.91,0.87134,2.0787,1.2891
1.9177,0.86624,2.066,1.2866
1.9228,0.87899,2.066,1.2738
1.9126,0.87134,2.0813,1.2815
1.9177,0.86624,2.0711,1.284
1.9228,0.87899,2.066,1.2738
1.91,0.87134,2.0787,1.2815
1.9177,0.86624,2.0711,1.2789
1.9177,0.87389,2.0711,1.2815
1.91,0.87644,2.0762,1.2815
1.9177,0.86624,2.0711,1.2815
1.9228,0.87134,2.0685,1.2789
1.9177,0.87389,2.0711,1.2815
1.9151,0.86624,2.0711,1.2866
1.9228,0.87134,2.0634,1.2738
1.9075,0.87644,2.0711,1.2738
1.9126,0.86624,2.0762,1.2866
1.9177,0.87134,2.0736,1.2789
1.9151,0.87899,2.0685,1.2738
1.91,0.86624,2.0762,1.2866
1.9228,0.87389,2.0634,1.2789
1.9177,0.87899,2.0762,1.2738
1.91,0.86624,2.0711,1.2866
1.9228,0.87389,2.0634,1.2815
1.9177,0.87389,2.0711,1.2815
1.9177,0.86624,2.0685,1.2866
1.9253,0.87134,2.066,1.2815
1.91,0.87899,2.0685,1.2789
1.9177,0.87134,2.0711,1.2866
1.9228,0.87134,2.0634,1.2789
1.9151,0.87899,2.0711,1.2738
1.9177,0.87389,2.0685,1.2789
1.9177,0.86624,2.0634,1.2815
1.9202,0.88154,2.0711,1.2738
1.9177,0.87389,2.0685,1.2815
1.9228,0.87134,2.0634,1.2789
1.9126,0.88154,2.0711,1.2815
1.9151,0.87389,2.0685,1.2891
1.9228,0.87389,2.0634,1.2789
1.91,0.88154,2.0762,1.2764
1.9151,0.86624,2.0685,1.2866
1.9177,0.87899,2.0711,1.2738
1.91,0.86624,2.0787,1.2866
1.9253,0.87389,2.0634,1.2815
1.9177,0.87134,2.0685,1.2815
1.9177,0.86624,2.0711,1.2866
1.9228,0.87644,2.0634,1.2738
1.91,0.87899,2.0762,1.2738
1.9151,0.86624,2.0685,1.2866
1.9228,0.87134,2.0634,1.2815
1.9151,0.88154,2.0685,1.2738
1.91,0.86624,2.0787,1.2866
1.9228,0.87134,2.0634,1.284
1.9177,0.87899,2.0711,1.2815
1.91,0.87389,2.0685,1.2815
1.9177,0.86624,2.0634,1.2815
1.9151,0.87644,2.0711,1.2738
1.9177,0.87134,2.0762,1.2815
1.9151,0.86624,2.0634,1.2815
1.9151,0.87899,2.0685,1.2815
1.9177,0.87389,2.0685,1.2866
1.9202,0.87389,2.0634,1.2815
1.9177,0.87389,2.0685,1.2815
1.9177,0.86624,2.0685,1.2866
1.9228,0.87899,2.0634,1.2738
1.9075,0.87134,2.0762,1.2815
1.9177,0.87134,2.0685,1.2789
1.9177,0.87899,2.0685,1.2738
1.91,0.86369,2.0762,1.2866
1.9177,0.87389,2.0711,1.2789
1.9151,0.87389,2.0685,1.2738
1.9126,0.87389,2.0787,1.2789
1.9228,0.86879,2.0634,1.2866
1.9253,0.87899,2.0634,1.2738
1.91,0.87899,2.0762,1.2789
1.9177,0.86624,2.0711,1.2866
1.9202,0.87389,2.0634,1.2789
1.9177,0.87134,2.0685,1.2738
1.9126,0.87389,2.0762,1.2866
1.9151,0.87134,2.0711,1.2815
1.9151,0.87134,2.0685,1.2764
1.91,0.86879,2.0762,1.2789
1.9177,0.86624,2.0685,1.2866
1.9228,0.87644,2.0634,1.2738
1.91,0.87644,2.0685,1.2789
1.9228,0.86624,2.0634,1.2866
1.9228,0.87899,2.0634,1.2738
1.91,0.87389,2.0762,1.2789
1.9177,0.86624,2.0711,1.2789
1.9177,0.87644,2.066,1.2738
1.9151,0.87134,2.0685,1.2789
1.9151,0.86624,2.0711,1.284
1.9228,0.87389,2.0634,1.2789
1.9177,0.87899,2.066,1.2738
1.91,0.87389,2.0762,1.2866
1.9228,0.86879,2.0711,1.2866
1.9228,0.87644,2.0609,1.2738
1.9075,0.87134,2.0762,1.2866
1.9151,0.86879,2.0711,1.2866
1.9151,0.87389,2.066,1.2815
1.9151,0.87134,2.0685,1.2815
1.9177,0.87134,2.0685,1.2866
1.9228,0.87389,2.0634,1.2789
1.9151,0.88154,2.0711,1.2764
1.9177,0.87389,2.0685,1.2789
1.9151,0.87134,2.0685,1.2815
1.9151,0.87899,2.0685,1.2738
1.9075,0.87389,2.0762,1.2789
1.9177,0.86879,2.0685,1.2866
1.9228,0.87389,2.0634,1.2789
1.9075,0.88154,2.0762,1.2764
1.9075,0.86624,2.0685,1.2866
1.9228,0.87389,2.0634,1.2789
1.9177,0.87644,2.0685,1.2789
1.9151,0.86624,2.0685,1.2866
1.9228,0.87644,2.0634,1.2789
1.9151,0.87389,2.0685,1.2789
1.9151,0.87644,2.0685,1.2866
1.9228,0.87389,2.0609,1.2789
1.9151,0.87899,2.0685,1.2738
1.91,0.87389,2.0762,1.2866
1.9228,0.86624,2.0609,1.2789
1.9151,0.88154,2.0685,1.2713
1.91,0.87389,2.0762,1.2789
1.9151,0.86879,2.0685,1.2789
1.9151,0.87899,2.066,1.2713
1.9075,0.87389,2.066,1.2789
1.9126,0.87389,2.066,1.2789
1.9151,0.87389,2.0609,1.2713
1.9075,0.87389,2.0736,1.2789
1.9151,0.86879,2.0685,1.2789
1.9151,0.87389,2.0685,1.2815
1.9151,0.87389,2.066,1.2764
1.9151,0.86624,2.0685,1.284
1.9202,0.87644,2.0634,1.2713
1.9177,0.88154,2.0736,1.2738
1.9075,0.86624,2.0762,1.2789
1.9151,0.87134,2.066,1.2815
1.9126,0.87389,2.0685,1.2789
1.9151,0.87389,2.0685,1.2789
1.9151,0.87389,2.0685,1.2866
1.9126,0.87389,2.0685,1.2789
1.9126,0.87899,2.0685,1.2738
1.9075,0.87134,2.0736,1.2815
1.91,0.86624,2.0634,1.2866
1.9202,0.87134,2.0634,1.2738
1.9075,0.87899,2.0762,1.2738
1.9075,0.86624,2.0736,1.2866
1.9177,0.87389,2.0634,1.2789
1.9151,0.87389,2.0711,1.2789
1.9126,0.86624,2.0711,1.284
1.9177,0.87134,2.0634,1.2738
1.91,0.86879,2.0685,1.2789
1.9151,0.86624,2.0711,1.2866
1.9177,0.87134,2.0634,1.2738
1.9151,0.87644,2.0787,1.2738
1.9075,0.86624,2.0762,1.2866
1.9202,0.87134,2.0634,1.2815
1.9126,0.87644,2.0685,1.2815
1.9126,0.87389,2.0685,1.2789
1.9177,0.87134,2.0634,1.2815
1.91,0.88154,2.0711,1.2738
1.905,0.87389,2.0685,1.2891
1.9177,0.87134,2.066,1.2815
1.9126,0.87899,2.0762,1.2738
1.905,0.87389,2.0736,1.2815
1.91,0.87134,2.0711,1.2789
1.91,0.87644,2.0711,1.2738
1.9126,0.87389,2.0762,1.2789
1.91,0.86879,2.0711,1.2866
1.9177,0.87134,2.0634,1.2738
1.905,0.87899,2.0762,1.2738
1.905,0.86624,2.0762,1.2891
1.9177,0.86624,2.0634,1.284
1.9177,0.87644,2.066,1.2738
1.905,0.87644,2.0685,1.2789
1.9075,0.87389,2.0736,1.2866
1.9177,0.87134,2.0634,1.2764
1.9075,0.88154,2.0685,1.2764
1.905,0.87134,2.0762,1.2789
1.91,0.86624,2.0711,1.2789
1.91,0.87389,2.0685,1.2815
1.9126,0.87389,2.0736,1.2789
1.9126,0.87389,2.0736,1.2866
1.9075,0.87389,2.0711,1.2789
1.9126,0.87644,2.0711,1.2764
1.905,0.87389,2.0762,1.2866
1.9177,0.86624,2.0711,1.2891
1.9177,0.87899,2.0634,1.2738
1.905,0.88154,2.0787,1.2789
1.9126,0.86624,2.0711,1.2891
1.9177,0.87134,2.066,1.2815
1.9126,0.87899,2.0685,1.2815
1.91,0.87389,2.0762,1.2789
1.91,0.87134,2.0711,1.2789
1.91,0.87134,2.0711,1.2713
1.91,0.87134,2.0711,1.2815
1.9075,0.86624,2.0711,1.2789
1.9177,0.87389,2.066,1.2815
1.9126,0.87899,2.0685,1.2815
1.9151,0.87134,2.0787,1.2815
1.91,0.87134,2.0685,1.2815
1.91,0.87134,2.0685,1.2713
1.9126,0.87134,2.0762,1.2789
1.9126,0.86624,2.0634,1.2866
1.9177,0.87644,2.0634,1.2713
1.905,0.86879,2.0762,1.2815
1.91,0.86624,2.0711,1.2815
1.9126,0.87644,2.0711,1.2738
1.905,0.86879,2.0762,1.2866
1.9126,0.87134,2.0711,1.2866
1.9177,0.87899,2.0634,1.2738
1.905,0.87134,2.0762,1.2815
1.9126,0.87134,2.0711,1.2815
1.91,0.87134,2.0711,1.2738
1.9075,0.87134,2.0787,1.2789
1.9177,0.86624,2.0634,1.2866
1.9177,0.87644,2.0634,1.2738
1.905,0.87389,2.0762,1.2789
1.9126,0.86624,2.0711,1.2866
1.9126,0.87134,2.0711,1.2789
1.9126,0.87134,2.0762,1.2815
1.9126,0.86624,2.0711,1.2866
1.9177,0.87389,2.066,1.2789
1.9126,0.87899,2.0685,1.2738
1.905,0.86624,2.0762,1.2866
1.9177,0.86369,2.0634,1.2789
1.9126,0.87644,2.0685,1.2713
1.9075,0.87134,2.0762,1.2866
1.9202,0.86624,2.0634,1.2789
1.9202,0.87644,2.0634,1.2713
1.9075,0.87899,2.0762,1.2789
1.9075,0.86369,2.0762,1.2866
1.9177,0.86624,2.0634,1.2789
1.9177,0.87899,2.066,1.2764
1.9075,0.87644,2.0787,1.2815
1.9075,0.86624,2.0787,1.2866
1.9202,0.86624,2.066,1.2789
1.9177,0.88154,2.0685,1.2738
1.9075,0.87134,2.0787,1.2789
1.9126,0.86369,2.0711,1.2866
1.9202,0.87134,2.066,1.2738
1.9075,0.87899,2.0711,1.2764
1.9075,0.86369,2.0762,1.2866
1.9177,0.86624,2.0685,1.2789
1.9126,0.87134,2.0711,1.2738
1.905,0.86879,2.0762,1.2815
1.9177,0.86624,2.0736,1.2866
1.9177,0.87644,2.0634,1.2738
1.905,0.87134,2.0762,1.2789
1.91,0.86624,2.0685,1.2866
1.9177,0.87134,2.066,1.2815
1.9126,0.87644,2.0711,1.2738
1.9075,0.87134,2.0762,1.2815
1.9126,0.86369,2.0685,1.2815
1.9177,0.86879,2.0634,1.2815
1.91,0.87134,2.0711,1.2738
1.905,0.87134,2.0711,1.2815
1.9126,0.87134,2.0685,1.2815
1.9126,0.87134,2.0711,1.2815
1.9126,0.87134,2.0711,1.2815
1.9177,0.86624,2.0685,1.2891
1.9202,0.87644,2.0634,1.2738
1.9126,0.87134,2.0711,1.2789
1.9126,0.86624,2.0711,1.2866
1.9177,0.87644,2.066,1.2789
1.9075,0.87899,2.0762,1.2738
1.9126,0.86624,2.0711,1.2891
1.9151,0.87134,2.0634,1.2789
1.91,0.87134,2.0711,1.284
1.91,0.86624,2.0711,1.2815
1.9177,0.87389,2.0711,1.2815
1.905,0.87389,2.0762,1.2815
1.9126,0.86369,2.0711,1.2866
1.9177,0.87134,2.0634,1.2764
1.905,0.87134,2.0762,1.2815
1.9126,0.86624,2.0711,1.2917
1.9177,0.87134,2.066,1.2815
1.91,0.87644,2.0711,1.2815
1.9126,0.87134,2.0711,1.2815
1.91,0.87134,2.0711,1.284
1.9126,0.87134,2.0711,1.2764
1.91,0.87134,2.0711,1.2815
1.91,0.87134,2.0685,1.2891
1.91,0.87134,2.0736,1.2815
1.91,0.86879,2.0711,1.2764
1.905,0.87134,2.0787,1.2815
1.91,0.86369,2.0711,1.2891
1.9177,0.87134,2.066,1.284
1.91,0.87644,2.0711,1.2815
1.91,0.87134,2.0711,1.2815
1.9126,0.86879,2.0736,1.2815
1.91,0.87644,2.0711,1.2789
1.905,0.86879,2.0787,1.2891
1.91,0.86624,2.0634,1.2866
1.9177,0.87644,2.066,1.2738
1.905,0.86879,2.0787,1.2815
1.9126,0.87134,2.0736,1.2815
1.91,0.87134,2.0736,1.2764
1.905,0.86879,2.0787,1.2815
1.91,0.86369,2.0736,1.2815
1.9202,0.87644,2.0736,1.2738
1.905,0.86879,2.0787,1.2815
1.9177,0.86369,2.066,1.2815
1.91,0.87644,2.0736,1.2815
1.905,0.87389,2.0736,1.2815
1.91,0.86879,2.0736,1.2815
1.91,0.87644,2.0736,1.2764
1.9024,0.86879,2.0813,1.2891
1.9177,0.86369,2.0685,1.2815
1.91,0.87644,2.0762,1.2764
1.905,0.87134,2.0813,1.2815
1.9126,0.87134,2.0736,1.2789
1.91,0.87134,2.0762,1.2764
1.9126,0.86879,2.0762,1.2815
1.9126,0.86369,2.0736,1.2891
1.9177,0.87134,2.066,1.2815
1.91,0.87644,2.0736,1.2738
1.905,0.86369,2.0813,1.2891
1.91,0.86369,2.0736,1.2891
1.9177,0.87644,2.0685,1.2738
1.905,0.87644,2.0813,1.2815
1.9126,0.86624,2.0736,1.2815
1.9126,0.87134,2.0711,1.2815
1.905,0.87134,2.0787,1.2815
1.9126,0.86879,2.0736,1.2815
1.9126,0.87134,2.0711,1.2764
1.905,0.87134,2.0813,1.2815
1.9126,0.87134,2.0736,1.2815
1.91,0.87134,2.0736,1.2738
1.905,0.87134,2.0813,1.2815
1.9126,0.86369,2.0736,1.2789
1.9126,0.87389,2.0762,1.2789
1.9151,0.87134,2.0762,1.2789
1.9126,0.86624,2.0736,1.2891
1.9177,0.87389,2.0711,1.2738
1.9075,0.87644,2.0736,1.2738
1.905,0.86369,2.0813,1.2866
1.9202,0.86369,2.0685,1.2789
1.9126,0.87644,2.0736,1.2738
1.905,0.87134,2.0813,1.2815
1.9126,0.86624,2.0736,1.2815
1.9151,0.87134,2.0736,1.2815
1.9126,0.87134,2.0736,1.2789
1.9126,0.87134,2.0736,1.2815
1.9126,0.87134,2.0736,1.2789
1.9126,0.86879,2.0736,1.2738
1.9151,0.86879,2.0736,1.2815
1.9126,0.87134,2.0762,1.2866
1.9151,0.87134,2.0736,1.2815
1.9151,0.87134,2.0762,1.2738
1.9126,0.87134,2.0736,1.2789
1.9151,0.87134,2.0736,1.2866
1.9126,0.87134,2.0736,1.2789
1.9151,0.86879,2.0736,1.2738
1.9151,0.87134,2.0736,1.2789
1.9126,0.86624,2.0736,1.2866
1.9202,0.86879,2.0685,1.2789
1.9151,0.87899,2.0736,1.2738
1.9075,0.87134,2.0787,1.2789
1.9075,0.86369,2.0787,1.2866
1.9202,0.86624,2.0685,1.2815
1.9151,0.87644,2.0736,1.2738
1.9075,0.87134,2.0787,1.2815
1.9202,0.86624,2.066,1.2866
1.9151,0.87389,2.0762,1.2738
1.9075,0.87389,2.0787,1.2789
1.9151,0.86624,2.0762,1.2789
1.9202,0.87899,2.0685,1.2738
1.9075,0.87899,2.0813,1.2815
1.9126,0.86624,2.0762,1.2866
1.9202,0.87134,2.0711,1.2789
1.9126,0.87134,2.0762,1.2789
1.9151,0.86624,2.0736,1.284
1.9202,0.87134,2.0685,1.2815
1.9151,0.87644,2.0711,1.2815
1.9126,0.87134,2.0736,1.2866
1.9202,0.87134,2.0685,1.2815
1.91,0.87899,2.0711,1.2738
1.9075,0.87389,2.0787,1.2866
1.9228,0.86624,2.066,1.2789
1.9151,0.87644,2.0711,1.2738
1.9075,0.87389,2.0787,1.2866
1.9126,0.86369,2.066,1.2866
1.9151,0.88154,2.0711,1.2713
1.905,0.87389,2.0711,1.2789
1.9177,0.86369,2.066,1.2866
1.9202,0.87644,2.0711,1.2713
1.91,0.87134,2.0813,1.2815
1.9151,0.86624,2.066,1.2866
1.9151,0.87899,2.0736,1.2738
1.9151,0.87389,2.0736,1.2789
1.9151,0.87134,2.0736,1.2789
1.9177,0.87134,2.066,1.2789
1.9075,0.87134,2.0787,1.2815
1.9151,0.87389,2.0736,1.2789
1.9177,0.87134,2.0711,1.2713
1.9075,0.86624,2.0813,1.2866
1.9177,0.86624,2.066,1.2815
1.9228,0.87644,2.066,1.2738
1.9075,0.87389,2.0813,1.2789
1.9151,0.86624,2.0736,1.284
1.9228,0.87899,2.066,1.2815
1.9151,0.87134,2.0736,1.2789
1.9151,0.87389,2.0736,1.2866
1.9151,0.87134,2.0736,1.2789
1.9151,0.87644,2.0736,1.2713
1.9075,0.87389,2.0787,1.2789
1.9126,0.86624,2.0736,1.2789
1.9177,0.87389,2.0736,1.2789
1.9075,0.87899,2.0711,1.2789
1.9151,0.87134,2.0736,1.284
1.9202,0.87134,2.066,1.2764
1.9126,0.88154,2.0711,1.2738
1.9151,0.87389,2.0787,1.2789
1.9151,0.86624,2.0736,1.2866
1.9202,0.87899,2.066,1.2738
1.91,0.87644,2.0787,1.2789
1.9151,0.86624,2.0736,1.2866
1.9228,0.87134,2.066,1.2815
1.9151,0.87899,2.0736,1.2789
1.9151,0.87134,2.0711,1.2815
1.9151,0.87134,2.0736,1.2815
1.9151,0.87134,2.066,1.2738
1.9075,0.87134,2.0762,1.2815
1.9177,0.86624,2.0711,1.2815
1.9151,0.87134,2.066,1.2815
1.9151,0.87899,2.0711,1.2815
1.91,0.87389,2.0787,1.2789
1.9126,0.87134,2.0711,1.2815
1.9202,0.87134,2.0736,1.2789
1.9151,0.87134,2.0736,1.2789
1.9075,0.87389,2.0787,1.2789
1.9151,0.87134,2.0736,1.2815
1.9126,0.87134,2.0736,1.2815
1.9177,0.87389,2.0711,1.2815
1.9151,0.87389,2.0711,1.2866
1.9228,0.87389,2.066,1.2789
1.9151,0.87899,2.0736,1.2738
