0.36274,2.1077,3.0524,1.4931
0.36528,2.1001,3.0397,1.4957
0.37548,2.1128,3.0397,1.4804
0.36274,2.1128,3.0524,1.488
0.36019,2.1026,3.0448,1.4931
0.37293,2.1103,3.0371,1.488
0.36783,2.1128,3.0448,1.4804
0.36019,2.1077,3.0499,1.4855
0.36783,2.1026,3.0422,1.4957
0.37548,2.1052,3.0371,1.488
0.36783,2.1128,3.0422,1.4855
0.36019,2.1001,3.0473,1.4931
0.36783,2.1026,3.0346,1.4931
0.37293,2.1128,3.0397,1.488
0.36528,2.1077,3.0422,1.488
0.36783,2.1077,3.0422,1.4931
0.36783,2.1077,3.0422,1.488
0.36783,2.1103,3.0422,1.4804
0.36528,2.1103,3.0422,1.4855
0.36783,2.1026,3.0422,1.4931
0.37293,2.1077,3.0371,1.4804
0.36019,2.1128,3.0499,1.4829
0.36783,2.1026,3.0448,1.4931
0.36783,2.1077,3.0371,1.488
0.36274,2.1077,3.0499,1.488
0.36783,2.1026,3.0448,1.488
0.37548,2.1103,3.0371,1.488
0.36528,2.1103,3.0422,1.488
0.36783,2.1077,3.0422,1.4855
0.36783,2.1077,3.0422,1.4931
0.37293,2.1128,3.0346,1.4804
0.36019,2.1154,3.0448,1.4804
0.36274,2.1026,3.0473,1.4855
0.36783,2.1077,3.0422,1.488
0.37293,2.1128,3.0371,1.4829
0.36019,2.1154,3.0473,1.488
0.36274,2.1001,3.0499,1.4931
0.37293,2.1052,3.032,1.488
0.36783,2.1154,3.0397,1.4829
0.36019,2.1103,3.0473,1.4855
0.36783,2.1026,3.0422,1.4931
0.37293,2.1154,3.0346,1.4804
0.36274,2.1103,3.0473,1.4855
0.36528,2.1026,3.0397,1.488
0.36783,2.1077,3.0422,1.4855
0.36783,2.1077,3.0422,1.488
0.36783,2.1001,3.0397,1.4931
0.37548,2.1154,3.0346,1.4855
0.36783,2.1154,3.0448,1.4829
0.36019,2.1052,3.0448,1.4957
0.37293,2.1103,3.0346,1.4829
0.36783,2.1154,3.0371,1.4829
0.36274,2.1026,3.0448,1.4931
0.36783,2.1103,3.0397,1.4829
0.36783,2.1128,3.0397,1.4804
0.36019,2.1077,3.0422,1.4931
0.36528,2.1052,3.032,1.4931
0.37293,2.1128,3.032,1.4804
0.36019,2.1077,3.0448,1.4855
0.36528,2.1052,3.0397,1.4931
0.37293,2.1077,3.032,1.4804
0.36528,2.1154,3.0448,1.4804
0.36019,2.1026,3.0422,1.4931
0.37293,2.1103,3.032,1.4855
0.36783,2.1154,3.0397,1.4829
0.36019,2.1103,3.0448,1.4855
0.37293,2.1103,3.032,1.4855
0.36528,2.1103,3.0397,1.4855
0.36783,2.1077,3.0397,1.4855
0.36783,2.1103,3.0397,1.488
0.36783,2.1077,3.0397,1.4829
0.36019,2.1128,3.0422,1.488
0.36783,2.1026,3.0346,1.4931
0.37293,2.1128,3.032,1.4804
0.36019,2.1103,3.0448,1.4855
0.36783,2.1026,3.0397,1.4957
0.37293,2.1103,3.0346,1.4855
0.36528,2.1154,3.0397,1.4855
0.36528,2.1077,3.0371,1.488
0.36783,2.1103,3.0371,1.4855
0.36528,2.1154,3.0371,1.4829
0.36019,2.1103,3.0448,1.4829
0.36783,2.1001,3.0397,1.4855
0.36783,2.1103,3.0371,1.4804
0.36019,2.1077,3.0422,1.4855
0.36783,2.1026,3.0371,1.4957
0.37293,2.1103,3.032,1.4855
0.36528,2.1154,3.0371,1.4804
0.35764,2.1077,3.0448,1.4855
0.36783,2.1001,3.0371,1.4855
0.36783,2.1103,3.0371,1.4855
0.36783,2.1154,3.0371,1.488
0.36783,2.1103,3.0371,1.4931
0.36528,2.1103,3.0371,1.488
0.36783,2.1154,3.0371,1.4804
0.36019,2.1103,3.0448,1.4855
0.36528,2.1026,3.0346,1.4931
0.37293,2.1103,3.0295,1.4804
0.36528,2.1154,3.0371,1.4855
0.35764,2.1103,3.0371,1.4855
0.36528,2.1103,3.0346,1.4855
0.36528,2.1103,3.0371,1.4804
0.35764,2.1103,3.0422,1.4906
0.36528,2.1052,3.0371,1.4906
0.37293,2.1103,3.0295,1.488
0.36528,2.1154,3.0371,1.4855
0.35764,2.1103,3.0371,1.4855
0.36528,2.1103,3.0371,1.4855
0.36528,2.1103,3.0346,1.488
0.36528,2.1179,3.0422,1.4804
0.36019,2.1052,3.0422,1.4906
0.36783,2.1103,3.0346,1.488
0.36528,2.1154,3.0371,1.4829
0.35764,2.1103,3.0397,1.4931
0.37293,2.1052,3.032,1.4931
0.37293,2.1154,3.0295,1.4804
0.36019,2.1103,3.0422,1.4855
0.36783,2.1026,3.0371,1.4855
0.36528,2.1103,3.0269,1.4855
0.36528,2.1103,3.0346,1.4855
0.36528,2.1103,3.0346,1.4931
0.37293,2.1103,3.0269,1.4855
0.36274,2.1154,3.0397,1.4829
0.35764,2.1103,3.0397,1.4931
0.37038,2.1052,3.0295,1.488
0.37038,2.1154,3.0295,1.4804
0.35764,2.1179,3.0422,1.4855
0.36528,2.1077,3.0346,1.4906
0.36528,2.1103,3.0346,1.4855
0.36528,2.1103,3.0346,1.4804
0.36528,2.1103,3.0346,1.4855
0.36528,2.1128,3.0346,1.4931
0.36528,2.1103,3.0346,1.488
0.36274,2.1179,3.0346,1.4778
0.35764,2.1103,3.0397,1.4931
0.36528,2.1052,3.032,1.4906
0.36783,2.1103,3.0269,1.488
0.36528,2.1154,3.0346,1.4855
0.36528,2.1103,3.0422,1.4855
0.36528,2.1026,3.0346,1.4931
0.37293,2.1103,3.032,1.4778
0.36274,2.1154,3.0346,1.4804
0.35764,2.1103,3.0422,1.4931
0.36274,2.1052,3.0371,1.4855
0.37038,2.1103,3.0295,1.4855
0.36528,2.1154,3.0346,1.4804
0.35764,2.1103,3.0422,1.4931
0.36528,2.1052,3.0371,1.4931
0.36528,2.1077,3.0371,1.4855
0.36528,2.1103,3.0371,1.4804
0.35509,2.1154,3.0422,1.4855
0.36528,2.1052,3.0371,1.4957
0.36274,2.1103,3.0295,1.488
0.35764,2.1179,3.0422,1.4804
0.35764,2.1052,3.0448,1.4931
0.37038,2.1103,3.032,1.488
0.36528,2.1154,3.0371,1.4906
0.36274,2.1103,3.0448,1.4855
0.36528,2.1103,3.0397,1.4855
0.36528,2.1103,3.0371,1.4829
0.36528,2.1103,3.0371,1.4855
0.36274,2.1052,3.0371,1.4931
0.37038,2.1103,3.032,1.488
0.36528,2.1128,3.0371,1.4804
0.35764,2.1103,3.0448,1.4855
0.36528,2.1026,3.0371,1.4931
0.37038,2.1103,3.032,1.4855
0.36274,2.1179,3.0371,1.4829
0.35764,2.1103,3.0422,1.4855
0.36274,2.1052,3.0371,1.4931
0.37038,2.1103,3.032,1.488
0.36274,2.1154,3.0371,1.4829
0.35764,2.1154,3.0448,1.4855
0.35764,2.1052,3.0371,1.4931
0.37038,2.1103,3.032,1.488
0.36274,2.1154,3.0346,1.4804
0.36019,2.1103,3.0422,1.4855
0.36528,2.1026,3.0371,1.4957
0.36783,2.1103,3.032,1.4855
0.36528,2.1103,3.0371,1.4804
0.35764,2.1103,3.0371,1.488
0.36274,2.1103,3.0397,1.488
0.36528,2.1154,3.0397,1.4829
0.35764,2.1103,3.0422,1.4931
0.37293,2.1052,3.032,1.4855
0.36528,2.1154,3.0397,1.4829
0.36274,2.1103,3.0448,1.4906
0.36274,2.1103,3.0371,1.488
0.36528,2.1179,3.0346,1.4829
0.35764,2.1026,3.0448,1.4931
0.37038,2.1026,3.032,1.488
0.36274,2.1154,3.0371,1.4829
0.36274,2.1103,3.0448,1.488
0.36274,2.1103,3.0371,1.4855
0.36274,2.1103,3.0371,1.4829
0.36528,2.1103,3.0371,1.488
0.36274,2.1103,3.0371,1.4931
0.36274,2.1077,3.032,1.4855
0.36274,2.1154,3.0397,1.4829
0.35764,2.1077,3.0448,1.4931
0.37038,2.1026,3.032,1.4957
0.37038,2.1154,3.0295,1.4804
0.35764,2.1154,3.0346,1.4829
0.35764,2.1103,3.0422,1.4931
0.36274,2.1052,3.0269,1.4931
0.36783,2.1154,3.0295,1.4804
0.35764,2.1179,3.0448,1.4829
0.35764,2.1026,3.0422,1.4957
0.36783,2.1001,3.0371,1.488
0.36274,2.1103,3.0346,1.4829
0.35764,2.1103,3.0422,1.4855
0.36274,2.1052,3.0371,1.4957
0.37038,2.1154,3.0295,1.4829
0.35764,2.1154,3.0448,1.4804
0.35764,2.1026,3.0422,1.4931
0.37293,2.1077,3.032,1.488
0.36528,2.1154,3.0346,1.4829
0.35764,2.1026,3.0422,1.4931
0.37038,2.1001,3.0295,1.4855
0.36528,2.1154,3.0371,1.4829
0.35509,2.1103,3.0448,1.4931
0.36274,2.1026,3.0371,1.4957
0.36783,2.1154,3.032,1.4804
0.35764,2.1077,3.0448,1.488
0.36274,2.1001,3.0371,1.4855
0.36528,2.1103,3.0397,1.488
0.36274,2.1077,3.0371,1.488
0.36274,2.1103,3.0371,1.4931
0.36274,2.1077,3.0371,1.488
0.36274,2.1154,3.0371,1.4829
0.35764,2.1077,3.0448,1.4855
0.36528,2.1001,3.0371,1.4931
0.37038,2.1077,3.032,1.488
0.36528,2.1154,3.0397,1.4804
0.35764,2.1103,3.0448,1.488
0.37038,2.1026,3.0397,1.4931
0.37038,2.1154,3.032,1.4804
0.36528,2.1103,3.0371,1.4855
0.36274,2.1103,3.0371,1.4931
0.37038,2.1103,3.032,1.488
0.36274,2.1154,3.0371,1.4829
0.35764,2.1077,3.0448,1.4906
0.37038,2.1001,3.0295,1.4931
0.36783,2.1154,3.032,1.4804
0.35764,2.1103,3.0448,1.4855
0.36528,2.1001,3.032,1.4957
0.37038,2.1103,3.032,1.4829
0.36528,2.1154,3.0371,1.488
0.35764,2.1103,3.0448,1.488
0.36274,2.1103,3.0371,1.488
0.36274,2.1077,3.0397,1.4829
0.35764,2.1077,3.0422,1.4957
0.36274,2.1026,3.0371,1.4931
0.37038,2.1103,3.032,1.4804
0.36528,2.1154,3.0371,1.4829
0.35764,2.1026,3.0448,1.488
0.37038,2.1052,3.0397,1.4931
0.36783,2.1103,3.032,1.4829
0.35764,2.1154,3.0448,1.488
0.36274,2.1103,3.0371,1.4957
0.36528,2.1026,3.032,1.488
0.36783,2.1154,3.0346,1.4829
0.35764,2.1103,3.0422,1.4855
0.36274,2.1026,3.0371,1.4957
0.37038,2.1077,3.032,1.4855
0.36528,2.1154,3.0371,1.4804
0.35764,2.1103,3.0448,1.488
0.36528,2.1026,3.0397,1.488
0.36274,2.1103,3.0346,1.488
0.36528,2.1103,3.0371,1.4855
0.36274,2.1103,3.0371,1.488
0.36274,2.1103,3.0371,1.488
0.36019,2.1103,3.0371,1.4906
0.36528,2.1077,3.0346,1.4829
0.35764,2.1026,3.0448,1.4957
0.36783,2.1026,3.032,1.4931
0.37038,2.1154,3.032,1.4804
0.35764,2.1128,3.0422,1.4906
0.36274,2.1026,3.0371,1.4931
0.37038,2.1077,3.032,1.488
0.36528,2.1154,3.0371,1.4855
0.36274,2.1103,3.0422,1.488
0.36528,2.1103,3.0397,1.488
0.36528,2.1077,3.0371,1.4804
0.35764,2.1103,3.0448,1.4855
0.36783,2.1026,3.0371,1.4931
0.37293,2.1077,3.032,1.4829
0.35764,2.1154,3.0397,1.488
0.36274,2.1052,3.0371,1.4906
0.37038,2.1103,3.032,1.488
0.36528,2.1154,3.0397,1.488
0.36019,2.1077,3.0371,1.4855
0.36274,2.1052,3.032,1.4931
0.37038,2.1154,3.032,1.4829
0.35764,2.1154,3.0422,1.4855
0.36274,2.1026,3.0371,1.4957
0.37038,2.1103,3.032,1.4855
0.36274,2.1154,3.0371,1.4804
0.35764,2.1103,3.0422,1.488
0.36274,2.1026,3.0397,1.4931
0.36783,2.1103,3.032,1.4829
0.36528,2.1154,3.0422,1.4829
0.36019,2.1103,3.0448,1.4957
0.36783,2.1026,3.032,1.488
0.37038,2.1154,3.0371,1.4829
0.35764,2.1077,3.0448,1.4855
0.36274,2.1026,3.0346,1.4957
0.36783,2.1103,3.0371,1.488
0.36528,2.1077,3.0371,1.488
0.36274,2.1103,3.0371,1.4931
0.36274,2.1077,3.032,1.488
0.36528,2.1154,3.0422,1.4829
0.35764,2.1026,3.0448,1.4957
0.36783,2.1026,3.032,1.488
0.36274,2.1154,3.0397,1.4829
0.35764,2.1103,3.0422,1.4855
0.37038,2.1026,3.0371,1.488
0.35764,2.1128,3.0371,1.4829
0.35764,2.1103,3.0422,1.4931
0.37038,2.1052,3.032,1.4931
0.37038,2.1179,3.032,1.488
0.36274,2.1077,3.0371,1.488
0.36274,2.1077,3.0371,1.4931
0.36274,2.1077,3.0371,1.4855
0.36528,2.1103,3.0346,1.4804
0.36274,2.1154,3.0422,1.488
0.35764,2.1026,3.0422,1.4931
0.37293,2.1077,3.032,1.4855
0.36528,2.1154,3.0371,1.4855
0.35764,2.1103,3.0448,1.4855
0.37293,2.1026,3.032,1.4855
0.37038,2.1154,3.0371,1.4804
0.35764,2.1077,3.0422,1.488
0.36528,2.1052,3.0371,1.4855
0.36528,2.1103,3.0346,1.4778
0.35764,2.1103,3.0422,1.4855
0.36528,2.1077,3.0371,1.488
0.36528,2.1077,3.0346,1.4778
0.36019,2.1103,3.0422,1.4855
0.36274,2.1052,3.0371,1.4931
0.37038,2.1103,3.0295,1.4855
0.35764,2.1154,3.0346,1.4804
0.36019,2.1103,3.0448,1.4931
0.37038,2.1026,3.032,1.4931
0.37038,2.1077,3.0295,1.4804
0.36783,2.1154,3.0346,1.4829
0.36019,2.1001,3.0422,1.4931
0.37038,2.1026,3.0295,1.488
0.36783,2.1179,3.032,1.4804
0.35764,2.1103,3.0422,1.4855
0.36528,2.1026,3.0346,1.4931
0.37293,2.1077,3.0269,1.488
0.36274,2.1154,3.0346,1.4804
0.35764,2.1077,3.0422,1.4855
0.35764,2.1052,3.0422,1.4931
0.37038,2.1052,3.0295,1.488
0.37038,2.1154,3.0346,1.4855
0.35764,2.1103,3.0422,1.4855
0.36528,2.1052,3.0346,1.4957
0.37038,2.1077,3.0295,1.4804
0.36528,2.1128,3.0422,1.4829
0.35764,2.1077,3.0397,1.4931
0.37038,2.1103,3.032,1.4855
0.36528,2.1154,3.0346,1.4804
0.36019,2.1103,3.0371,1.4855
0.36528,2.1026,3.0346,1.488
0.37293,2.1077,3.0346,1.488
0.36528,2.1154,3.0346,1.4855
0.36019,2.1077,3.0448,1.4855
0.36528,2.1026,3.0346,1.488
0.36783,2.1077,3.0295,1.488
0.36528,2.1077,3.0346,1.4855
0.36528,2.1103,3.0371,1.4855
0.36528,2.1103,3.0371,1.4855
0.36528,2.1128,3.0346,1.4804
0.35764,2.1077,3.0422,1.4855
0.36528,2.1026,3.0346,1.4931
0.37293,2.1077,3.0295,1.4804
0.36528,2.1154,3.0346,1.4778
0.35764,2.1026,3.0422,1.4906
0.37293,2.1077,3.0295,1.4855
0.36528,2.1154,3.0422,1.4804
0.36019,2.1026,3.0397,1.4931
0.37038,2.1026,3.0295,1.4855
0.37038,2.1128,3.0269,1.4778
0.36019,2.1154,3.0422,1.4855
0.36528,2.1026,3.0346,1.4931
0.37293,2.1077,3.0269,1.4855
0.36528,2.1154,3.0346,1.4778
0.35764,2.1026,3.0448,1.4906
0.37293,2.1026,3.0269,1.4829
0.37293,2.1077,3.032,1.4778
0.35764,2.1103,3.0422,1.4855
0.36528,2.1001,3.0346,1.4931
0.37038,2.1103,3.0269,1.4778
0.36019,2.1154,3.032,1.4778
0.36528,2.1103,3.0346,1.4855
0.36783,2.1077,3.0346,1.4855
0.36528,2.1128,3.0346,1.4804
0.35764,2.1026,3.0397,1.4906
0.37293,2.1026,3.0295,1.4931
0.36528,2.1154,3.0346,1.4804
0.35764,2.1077,3.0422,1.4855
0.36528,2.1026,3.032,1.4931
0.37038,2.1103,3.0269,1.4855
0.36528,2.1154,3.0346,1.4778
0.35764,2.1103,3.0397,1.4829
0.36528,2.1001,3.032,1.4906
0.37293,2.1077,3.0269,1.4855
0.36019,2.1154,3.0397,1.4778
0.36019,2.1026,3.0397,1.4906
0.37293,2.1077,3.0269,1.4829
0.36783,2.1154,3.032,1.4804
0.36019,2.1001,3.0422,1.4906
0.37293,2.1077,3.0269,1.4829
0.36783,2.1154,3.0346,1.4855
0.36783,2.1103,3.0346,1.4906
0.37293,2.1077,3.0295,1.4855
0.36019,2.1128,3.0397,1.4804
0.36019,2.1026,3.0422,1.4931
0.36528,2.1077,3.0295,1.4855
0.36528,2.1077,3.0346,1.4855
0.36528,2.1103,3.0346,1.4931
0.37293,2.1103,3.0269,1.4855
0.36783,2.1077,3.0346,1.4855
0.36528,2.1103,3.0371,1.4931
0.37293,2.1077,3.0295,1.4855
0.35764,2.1128,3.0346,1.4804
0.36019,2.1052,3.0422,1.4855
0.36528,2.1077,3.0346,1.4855
0.36528,2.1077,3.0346,1.4855
0.36528,2.1077,3.032,1.4855
0.36528,2.1103,3.032,1.4931
0.36528,2.1026,3.0269,1.4855
0.37293,2.1154,3.0269,1.4804
0.35764,2.1154,3.0397,1.4855
0.36019,2.1001,3.0422,1.4931
0.37038,2.1103,3.0269,1.488
0.36528,2.1154,3.0346,1.4855
0.36274,2.1103,3.0422,1.4855
0.36783,2.1026,3.0346,1.4931
0.36783,2.1077,3.032,1.4855
0.36528,2.1103,3.0346,1.4855
0.36783,2.1001,3.0346,1.4931
0.37293,2.1128,3.0295,1.4804
0.36783,2.1154,3.0422,1.4804
0.36019,2.1026,3.0422,1.4931
0.37293,2.1026,3.0269,1.4906
0.37038,2.1128,3.0295,1.4778
0.36019,2.1128,3.0422,1.4855
0.35764,2.1026,3.0422,1.4931
0.37548,2.1077,3.0295,1.4855
0.36528,2.1154,3.0346,1.4778
0.36019,2.1077,3.0448,1.4855
0.36528,2.1026,3.0371,1.4931
0.37293,2.1077,3.0346,1.4855
0.36783,2.1077,3.0346,1.4829
0.36783,2.1052,3.0346,1.4931
0.37293,2.1077,3.0295,1.4778
0.36783,2.1128,3.0346,1.4804
0.36019,2.1077,3.0422,1.4931
0.37293,2.1052,3.0295,1.4855
0.36528,2.1128,3.0346,1.4804
0.35764,2.1077,3.0371,1.4855
0.36783,2.1077,3.0346,1.4829
0.36783,2.1154,3.0346,1.4804
0.36019,2.1077,3.0422,1.4855
0.37293,2.1026,3.032,1.4931
0.37293,2.1154,3.032,1.4804
0.35764,2.1103,3.0422,1.4855
0.36528,2.1077,3.0371,1.4855
0.36528,2.1103,3.0346,1.4804
0.36019,2.1077,3.0422,1.4855
0.37293,2.1026,3.0269,1.4931
0.36528,2.1154,3.0371,1.4804
0.35764,2.1103,3.0448,1.4855
0.36528,2.1077,3.0346,1.4855
0.36528,2.1154,3.0346,1.4778
0.35764,2.1001,3.0397,1.4931
0.37293,2.1026,3.0295,1.4906
0.37293,2.1128,3.0295,1.4778
0.36019,2.1077,3.0422,1.4855
0.36783,2.1026,3.0371,1.4906
0.37038,2.1154,3.0295,1.4778
0.35764,2.1154,3.0422,1.4855
0.36528,2.1026,3.0346,1.4931
0.37293,2.1154,3.0269,1.4778
0.36019,2.1128,3.0422,1.4804
0.36019,2.1001,3.0371,1.4931
0.37293,2.1077,3.0269,1.4855
0.36783,2.1154,3.0346,1.4855
0.36528,2.1103,3.0371,1.4855
0.36528,2.1077,3.0346,1.4855
0.36528,2.1128,3.0346,1.4778
0.36019,2.1103,3.0422,1.4931
0.36783,2.1026,3.0269,1.4931
0.37038,2.1154,3.0295,1.4804
0.35764,2.1154,3.0346,1.4778
0.36019,2.1052,3.0397,1.4931
0.37038,2.1026,3.0295,1.4855
