2.504,0.76172,2.1093,1.3937
2.4938,0.76937,2.1169,1.3937
2.4963,0.76172,2.1246,1.3988
2.4963,0.76427,2.1195,1.4064
2.4963,0.76172,2.1169,1.4013
2.5014,0.76427,2.1169,1.3988
2.4938,0.77192,2.1169,1.3937
2.4887,0.76427,2.122,1.3988
2.4938,0.76172,2.1169,1.4039
2.4989,0.76172,2.1093,1.4013
2.4963,0.76172,2.1169,1.3937
2.4963,0.76427,2.1144,1.3937
2.4887,0.75917,2.122,1.4039
2.5014,0.75662,2.1093,1.4039
2.504,0.76937,2.1093,1.3937
2.4938,0.76172,2.1169,1.3988
2.4938,0.76427,2.1195,1.3988
2.4938,0.75917,2.1169,1.4013
2.5014,0.76427,2.1093,1.3988
2.4963,0.76937,2.1169,1.3988
2.4912,0.77192,2.122,1.3988
2.4887,0.75662,2.1246,1.4039
2.5014,0.75917,2.1093,1.4039
2.5014,0.76937,2.1093,1.4013
2.4963,0.76937,2.1144,1.4013
2.4887,0.76427,2.1271,1.3988
2.4989,0.75662,2.1169,1.4064
2.4989,0.76427,2.1169,1.3988
2.5014,0.77192,2.1118,1.3937
2.4887,0.77192,2.122,1.3937
2.4887,0.76427,2.122,1.4064
2.4938,0.75917,2.1144,1.4039
2.5014,0.76427,2.1118,1.3988
2.4938,0.76937,2.1144,1.3937
2.4963,0.76427,2.1169,1.3962
2.4963,0.76172,2.1169,1.4039
2.4963,0.76427,2.1144,1.4013
2.4938,0.76427,2.1144,1.3988
2.4963,0.76427,2.1169,1.3988
2.4887,0.76427,2.1144,1.3988
2.4963,0.75662,2.1169,1.4064
2.4989,0.75917,2.1093,1.3988
2.4989,0.77192,2.1093,1.3937
2.4861,0.77192,2.122,1.3937
2.4887,0.76427,2.1195,1.3988
2.4963,0.75662,2.1144,1.4064
2.5014,0.76682,2.1068,1.4013
2.4963,0.76427,2.1144,1.3962
2.4963,0.76427,2.1169,1.3988
2.4963,0.76682,2.1144,1.3988
2.4963,0.76172,2.1144,1.4013
2.5014,0.76427,2.1118,1.3962
2.4963,0.76427,2.1118,1.3988
2.4938,0.76427,2.1144,1.4013
2.4989,0.75917,2.1144,1.3962
2.5014,0.76427,2.1068,1.3988
2.4963,0.77192,2.1144,1.3937
2.4887,0.76427,2.1195,1.3988
2.4938,0.75917,2.1169,1.4064
2.5014,0.76682,2.1068,1.3988
2.4989,0.77192,2.1144,1.3937
2.4989,0.76427,2.122,1.3988
2.4963,0.75917,2.1144,1.4039
2.4938,0.76427,2.1169,1.3962
2.4912,0.77192,2.1169,1.3937
2.4887,0.76427,2.122,1.3988
2.4938,0.75917,2.1169,1.4039
2.4963,0.76427,2.1169,1.3988
2.4938,0.76427,2.1144,1.3988
2.4938,0.76682,2.1169,1.3988
2.4963,0.76682,2.1169,1.4064
2.4938,0.76427,2.1144,1.3962
2.4938,0.76427,2.1169,1.3962
2.4963,0.76172,2.1169,1.3988
2.4887,0.75917,2.122,1.4064
2.5014,0.75917,2.1093,1.3962
2.5014,0.77192,2.1093,1.3937
2.4887,0.76937,2.122,1.3988
2.4887,0.75917,2.1169,1.4013
2.4989,0.76427,2.1093,1.3988
2.4938,0.76427,2.1144,1.3937
2.4887,0.76427,2.1195,1.3988
2.4963,0.75917,2.1144,1.4039
2.5014,0.76172,2.1093,1.3988
2.4963,0.77192,2.1118,1.3937
2.4887,0.76427,2.1195,1.4013
2.4938,0.75917,2.1144,1.4064
2.4989,0.76427,2.1068,1.4013
2.4938,0.77192,2.1118,1.3937
2.4861,0.76427,2.122,1.3988
2.4938,0.75917,2.1144,1.4064
2.4989,0.75917,2.1068,1.3988
2.4989,0.76682,2.1068,1.3937
2.4887,0.77192,2.1144,1.3937
2.4887,0.76427,2.122,1.3988
2.4938,0.76172,2.1144,1.4039
2.4989,0.76427,2.1068,1.4013
2.4938,0.76427,2.1144,1.3937
2.4938,0.76427,2.1118,1.3988
2.4861,0.76172,2.1169,1.4064
2.5014,0.76172,2.1093,1.3988
2.4938,0.76427,2.1144,1.4013
2.4938,0.76427,2.1144,1.3988
2.4938,0.76427,2.1118,1.4013
2.4938,0.76427,2.1118,1.3988
2.5014,0.76427,2.1068,1.4013
2.4938,0.76937,2.1118,1.3937
2.4912,0.76427,2.1169,1.3988
2.4938,0.76172,2.1144,1.4039
2.5014,0.76427,2.1068,1.4013
2.4989,0.76937,2.1144,1.3937
2.4938,0.76427,2.1144,1.3988
2.4938,0.76682,2.1195,1.3988
2.4938,0.76172,2.1144,1.3988
2.4989,0.76427,2.1068,1.3988
2.4938,0.77192,2.1118,1.3937
2.4861,0.76937,2.122,1.4013
2.4861,0.76172,2.1195,1.4064
2.4989,0.75917,2.1068,1.4064
2.5014,0.77192,2.1068,1.3937
2.4887,0.77192,2.1195,1.3937
2.4887,0.75917,2.1195,1.4039
2.4963,0.76172,2.1068,1.4039
2.4989,0.76427,2.1068,1.3937
2.4887,0.77447,2.1195,1.3988
2.4861,0.75917,2.1195,1.3988
2.4963,0.76172,2.1144,1.4039
2.4989,0.77192,2.1068,1.3937
2.4938,0.76427,2.1118,1.3962
2.4938,0.75917,2.1144,1.4064
2.4989,0.76427,2.1068,1.3937
2.4887,0.77447,2.1144,1.3937
2.4887,0.75917,2.1169,1.4039
2.4938,0.75917,2.1068,1.4064
2.4989,0.76172,2.1042,1.3937
2.4938,0.77192,2.1144,1.3937
2.4861,0.76427,2.1195,1.3988
2.4938,0.75917,2.1118,1.3988
2.5014,0.76172,2.1068,1.4013
2.4989,0.77192,2.1068,1.3937
2.4938,0.77192,2.1144,1.3988
2.4887,0.76427,2.1195,1.3988
2.4938,0.75917,2.1144,1.4039
2.5014,0.76427,2.1093,1.3988
2.4963,0.76427,2.1144,1.3937
2.4963,0.77192,2.1195,1.3937
2.4887,0.76427,2.1195,1.3988
2.4938,0.75917,2.1118,1.4064
2.4989,0.76682,2.1093,1.4013
2.4938,0.76937,2.1144,1.3937
2.4887,0.76937,2.1195,1.3988
2.4887,0.75917,2.122,1.4039
2.504,0.75917,2.1068,1.4039
2.4989,0.77192,2.1068,1.3937
2.4887,0.77192,2.1144,1.3937
2.4912,0.76427,2.1195,1.4039
2.4963,0.76682,2.1144,1.3988
2.4989,0.76427,2.1068,1.3988
2.4938,0.77192,2.1169,1.3988
2.4887,0.76427,2.1144,1.4039
2.4989,0.76172,2.1144,1.4064
2.4989,0.76427,2.1068,1.4013
2.4963,0.76937,2.1144,1.3988
2.4887,0.76427,2.122,1.4013
2.4938,0.75917,2.1144,1.4039
2.5014,0.75917,2.1068,1.3988
2.5014,0.76937,2.1093,1.3911
2.4861,0.76937,2.122,1.4013
2.4887,0.75917,2.1195,1.4039
2.4989,0.76427,2.1093,1.3988
2.4963,0.76937,2.1144,1.3937
2.4887,0.76427,2.1195,1.3988
2.4938,0.76427,2.1144,1.4039
2.4963,0.76682,2.1144,1.4064
2.5014,0.77192,2.1068,1.3937
2.4938,0.77192,2.1169,1.3962
2.4912,0.76427,2.1195,1.3988
2.4887,0.75662,2.122,1.4064
2.5014,0.75917,2.1068,1.3988
2.5014,0.76937,2.1093,1.3937
2.4912,0.77192,2.122,1.3911
2.4912,0.75917,2.122,1.4064
2.4963,0.76172,2.1169,1.4039
2.5014,0.76937,2.1118,1.4013
2.4963,0.77192,2.1144,1.3937
2.4887,0.76682,2.1195,1.4039
2.4938,0.75917,2.1169,1.4039
2.5014,0.76172,2.1093,1.4013
2.4963,0.77192,2.1144,1.3962
2.4887,0.76427,2.122,1.3988
2.4963,0.76427,2.1169,1.4039
2.504,0.77447,2.1118,1.3911
2.4989,0.76427,2.1169,1.3988
2.4912,0.76172,2.122,1.3962
2.4963,0.75917,2.1118,1.4039
2.5014,0.76937,2.1118,1.3937
2.4963,0.76937,2.122,1.3911
2.4912,0.76172,2.1246,1.4013
2.504,0.75662,2.1169,1.3962
2.504,0.76427,2.1118,1.3962
2.4989,0.76427,2.1169,1.3988
2.4963,0.76427,2.1246,1.3962
2.4963,0.76427,2.1169,1.3962
2.4963,0.76427,2.1169,1.3937
2.4963,0.76427,2.1195,1.3962
2.4963,0.76427,2.1169,1.3988
2.4963,0.76172,2.1169,1.3988
2.5014,0.76427,2.1093,1.3937
2.4989,0.77192,2.1169,1.3937
2.4989,0.76427,2.1169,1.3962
2.4938,0.76427,2.122,1.4039
2.4963,0.76172,2.1169,1.3962
2.4989,0.76682,2.1169,1.3937
2.4912,0.76427,2.1246,1.3962
2.4963,0.75662,2.1195,1.4064
2.504,0.76427,2.1068,1.4013
2.4887,0.76937,2.1169,1.3937
2.4912,0.76172,2.122,1.4039
2.4963,0.75917,2.1169,1.4039
2.504,0.76427,2.1118,1.3937
2.4963,0.76937,2.1169,1.3937
2.4963,0.76682,2.1169,1.3988
2.4963,0.76172,2.1169,1.3937
2.4989,0.75917,2.1195,1.3988
2.4989,0.76427,2.1169,1.3988
2.4963,0.76172,2.1169,1.3988
2.4963,0.76427,2.1195,1.3988
2.4989,0.76427,2.1169,1.3988
2.4989,0.76427,2.1195,1.3937
2.4989,0.76172,2.1195,1.3988
2.4989,0.76427,2.1195,1.4064
2.4989,0.76427,2.1195,1.3988
2.4989,0.76427,2.1169,1.3911
2.4938,0.76427,2.1246,1.3988
2.4989,0.75917,2.1169,1.4039
2.504,0.76172,2.1118,1.3988
2.4989,0.76172,2.1195,1.3937
2.4989,0.76427,2.1169,1.3988
2.4989,0.76427,2.1169,1.4039
2.5065,0.76937,2.1118,1.3911
2.4989,0.77192,2.1271,1.3911
2.4963,0.75662,2.1246,1.4064
2.5014,0.75662,2.1144,1.3988
2.4989,0.77447,2.1169,1.3937
2.4912,0.76427,2.1246,1.3988
2.4989,0.75662,2.1169,1.4039
2.504,0.76427,2.1144,1.3988
2.4963,0.76427,2.1169,1.3911
2.4989,0.76427,2.1195,1.3988
2.4989,0.75662,2.1195,1.4013
2.4963,0.76427,2.1169,1.3962
2.4938,0.76682,2.1195,1.3937
2.4912,0.76427,2.1246,1.3988
2.4963,0.75917,2.1195,1.4039
2.504,0.76172,2.1093,1.3937
2.4989,0.77192,2.1169,1.3911
2.4938,0.76172,2.1246,1.3988
2.4989,0.75662,2.1169,1.4039
2.504,0.75917,2.1144,1.4013
2.5065,0.76937,2.1093,1.3937
2.4938,0.76937,2.1169,1.4013
2.4989,0.76427,2.1169,1.3988
2.4963,0.75662,2.1169,1.3988
2.504,0.76427,2.1169,1.3988
2.4963,0.76937,2.1195,1.3988
2.4912,0.76427,2.1246,1.3937
2.4989,0.75917,2.1144,1.3988
2.4989,0.76427,2.1169,1.3988
2.4989,0.77447,2.1246,1.3988
2.4989,0.75662,2.1169,1.4064
2.504,0.76427,2.1093,1.4013
2.5065,0.76937,2.1169,1.3937
2.4912,0.76937,2.122,1.3988
2.4912,0.75917,2.122,1.4039
2.5014,0.75917,2.1144,1.4064
2.4963,0.76427,2.1169,1.3937
2.4989,0.76427,2.1169,1.3988
2.4989,0.76172,2.1169,1.4039
2.5014,0.76427,2.1118,1.3988
2.4963,0.76937,2.1169,1.3937
2.4887,0.76427,2.1246,1.3988
2.4963,0.75917,2.1169,1.4064
2.5014,0.76427,2.1093,1.4013
2.4989,0.76937,2.1169,1.3937
2.4887,0.76427,2.122,1.3988
2.4989,0.75662,2.1169,1.4064
2.504,0.76427,2.1093,1.4013
2.4989,0.76937,2.1169,1.3911
2.4887,0.76427,2.1144,1.3988
2.4963,0.75917,2.1169,1.3988
2.5014,0.76172,2.1144,1.4013
2.4989,0.76937,2.1169,1.3988
2.4912,0.76427,2.122,1.4013
2.4963,0.75917,2.1169,1.4013
2.5014,0.76427,2.1093,1.3988
2.4989,0.76427,2.1169,1.3937
2.4912,0.76427,2.1195,1.3988
2.4989,0.75917,2.1144,1.4013
2.504,0.75917,2.1068,1.4013
2.504,0.76682,2.1093,1.3937
2.4938,0.77192,2.1169,1.3937
2.4887,0.75917,2.1246,1.4064
2.4963,0.75662,2.1093,1.4064
2.504,0.76172,2.1118,1.4013
2.4989,0.76937,2.1169,1.3937
2.4912,0.75917,2.1246,1.4039
2.5014,0.75917,2.1093,1.4039
2.504,0.77192,2.1093,1.3937
2.4912,0.77192,2.122,1.4013
2.4887,0.75662,2.122,1.4064
2.5014,0.75917,2.1118,1.3988
2.4989,0.76937,2.1169,1.3988
2.4912,0.76427,2.122,1.3988
2.4989,0.75917,2.1169,1.3988
2.504,0.76172,2.1093,1.3988
2.4989,0.77192,2.1169,1.3988
2.4989,0.76427,2.1169,1.3988
2.4989,0.75917,2.1169,1.4039
2.504,0.76427,2.1093,1.3937
2.4938,0.77192,2.1169,1.3911
2.4912,0.75917,2.1246,1.4039
2.504,0.75662,2.1144,1.4064
2.5014,0.76937,2.1093,1.3937
2.4963,0.76937,2.1169,1.4013
2.4887,0.76427,2.122,1.3962
2.4963,0.75917,2.1169,1.3988
2.4989,0.76427,2.1118,1.3911
2.4912,0.77192,2.122,1.3937
2.4912,0.76427,2.1169,1.3988
2.4989,0.75917,2.1195,1.4064
2.504,0.76427,2.1118,1.3962
2.504,0.77192,2.1093,1.3937
2.4912,0.77192,2.1246,1.3937
2.4938,0.76427,2.122,1.4039
2.4989,0.75917,2.1169,1.4064
2.5014,0.76427,2.1068,1.3988
2.4989,0.77447,2.1169,1.3937
2.4912,0.76937,2.1246,1.3988
2.4989,0.76427,2.1169,1.4064
2.4963,0.76427,2.1169,1.3988
2.5014,0.76427,2.1144,1.3988
2.4963,0.77192,2.1169,1.3937
2.4938,0.76682,2.122,1.4013
2.4989,0.75917,2.1195,1.4013
2.504,0.76427,2.1169,1.4013
2.4989,0.76937,2.1169,1.3937
2.4912,0.75917,2.1246,1.4039
2.504,0.75917,2.1118,1.409
2.5014,0.77192,2.1093,1.3937
2.4912,0.76427,2.122,1.3988
2.4938,0.75917,2.1169,1.3988
2.5014,0.76172,2.1118,1.3988
2.4963,0.77192,2.1169,1.3988
2.4989,0.76427,2.1271,1.3988
2.4963,0.75917,2.1169,1.4064
2.504,0.76427,2.1093,1.3962
2.4989,0.77192,2.1169,1.3988
2.4963,0.76427,2.1169,1.3988
2.504,0.75917,2.1118,1.4064
2.504,0.77447,2.1118,1.3937
2.4912,0.77192,2.1246,1.3988
2.4912,0.76172,2.1246,1.4064
2.504,0.76427,2.1093,1.3988
2.4963,0.76937,2.1169,1.3988
2.4912,0.76427,2.122,1.3988
2.4963,0.75917,2.1169,1.4064
2.5014,0.76427,2.1093,1.3988
2.4963,0.77192,2.1144,1.3937
2.4912,0.76427,2.122,1.3988
2.4989,0.75917,2.1093,1.4064
2.504,0.77192,2.1093,1.3937
2.4887,0.76937,2.1246,1.3937
2.4887,0.75917,2.1246,1.4064
2.504,0.76682,2.1093,1.4013
2.4989,0.77192,2.1169,1.3937
2.4912,0.76427,2.1169,1.4013
2.4989,0.76427,2.1169,1.3988
2.4963,0.76427,2.1118,1.3937
2.4989,0.77192,2.1169,1.3937
2.4938,0.75917,2.1246,1.4039
2.504,0.75917,2.1093,1.4064
2.5065,0.76427,2.1118,1.3937
2.4912,0.76937,2.122,1.3988
2.4938,0.75917,2.1246,1.4064
2.504,0.76427,2.1093,1.3988
2.4989,0.76937,2.1169,1.3937
2.4938,0.76427,2.1246,1.3988
2.4963,0.75917,2.1169,1.3962
2.4989,0.76427,2.1093,1.4013
2.4989,0.77192,2.1169,1.3937
2.4912,0.76427,2.1271,1.4039
2.504,0.75917,2.1093,1.4013
2.504,0.76937,2.1118,1.3937
2.4912,0.76937,2.1246,1.3937
2.4912,0.75917,2.1246,1.4064
2.5065,0.75917,2.1118,1.3988
2.5065,0.77192,2.1118,1.3911
2.4989,0.76427,2.1169,1.3988
2.4912,0.75662,2.1246,1.4039
2.504,0.75917,2.1118,1.3988
2.504,0.77192,2.1144,1.3937
2.4938,0.77192,2.1246,1.3988
2.4989,0.75662,2.1169,1.4039
2.504,0.75662,2.1118,1.3988
2.5065,0.77192,2.1144,1.3911
2.4938,0.76427,2.1246,1.3962
2.4989,0.75917,2.122,1.4039
2.504,0.76427,2.1118,1.3988
2.4989,0.77192,2.1169,1.3937
2.4938,0.75917,2.1246,1.3988
2.4989,0.75917,2.1195,1.4039
2.504,0.76172,2.1144,1.3937
2.4963,0.76937,2.1169,1.3937
2.4912,0.76427,2.1271,1.4013
2.4963,0.75917,2.1195,1.4064
2.504,0.76427,2.1118,1.3937
2.4963,0.77192,2.1169,1.3937
2.4912,0.76682,2.1169,1.4013
2.4989,0.75917,2.1169,1.4064
2.5014,0.76427,2.1118,1.4013
2.4963,0.76937,2.1169,1.4013
2.4912,0.76172,2.1246,1.4013
2.4963,0.75917,2.1144,1.4064
2.504,0.76427,2.1093,1.3937
2.4963,0.76427,2.1169,1.3988
2.4912,0.76172,2.1169,1.4013
2.4963,0.76682,2.1169,1.4013
2.4963,0.76427,2.1169,1.4013
2.4963,0.76427,2.1195,1.3988
2.4912,0.76427,2.122,1.4013
2.4963,0.75917,2.1169,1.4013
2.5014,0.76427,2.1093,1.4013
2.4963,0.76937,2.1169,1.3937
2.4887,0.76427,2.1246,1.4013
2.4963,0.75662,2.1169,1.409
2.5065,0.76427,2.1093,1.4013
2.4963,0.76937,2.1169,1.3937
2.4912,0.76427,2.1246,1.4064
2.4963,0.75917,2.1195,1.4064
2.4989,0.76427,2.1195,1.4013
2.4938,0.76427,2.1118,1.3937
2.4912,0.76937,2.1169,1.3962
2.4963,0.76427,2.1246,1.3988
2.4989,0.75917,2.1169,1.4064
2.504,0.76427,2.1118,1.4013
2.5065,0.76937,2.1118,1.3962
2.4912,0.76937,2.122,1.4013
2.4938,0.75917,2.1246,1.4064
2.4963,0.75917,2.1118,1.409
2.5065,0.76172,2.1118,1.4013
2.4963,0.77192,2.1169,1.3937
2.4989,0.76427,2.1169,1.4013
2.4912,0.76172,2.1195,1.4013
2.4963,0.76427,2.1169,1.4013
2.504,0.76427,2.1118,1.4013
2.4989,0.76937,2.1169,1.4039
2.4989,0.76427,2.1246,1.4013
2.4989,0.75917,2.1195,1.409
2.504,0.76427,2.1118,1.4013
2.504,0.76937,2.1118,1.3937
2.4912,0.77192,2.1246,1.3937
2.4887,0.76427,2.1246,1.409
2.4989,0.76427,2.1195,1.409
2.4989,0.76427,2.1195,1.4013
2.504,0.76427,2.1118,1.3937
2.4989,0.76937,2.1169,1.3937
2.5014,0.76427,2.1169,1.4013
2.4989,0.76427,2.1195,1.4013
2.4989,0.75917,2.1195,1.409
2.504,0.76172,2.1144,1.4013
2.504,0.76937,2.1144,1.3937
2.4989,0.77192,2.1195,1.3937
2.4938,0.76427,2.1271,1.4039
2.4989,0.76172,2.1169,1.4039
2.5014,0.76427,2.1195,1.4064
2.5065,0.76427,2.1144,1.3962
2.4989,0.76682,2.122,1.3937
2.4912,0.76427,2.1271,1.4013
2.4989,0.76427,2.122,1.4064
2.4989,0.76172,2.1195,1.3988
2.504,0.76427,2.1195,1.4013
2.4989,0.76937,2.1195,1.3937
2.4963,0.76427,2.1271,1.4064
2.4989,0.75662,2.122,1.4064
2.504,0.76427,2.1144,1.4013
2.5014,0.76937,2.122,1.3937
2.4989,0.76427,2.122,1.4013
2.4989,0.76427,2.122,1.4064
2.4989,0.76427,2.122,1.3988
2.4989,0.76427,2.122,1.4013
2.4989,0.76937,2.1271,1.3937
2.4938,0.76172,2.1322,1.4064
2.5014,0.75662,2.1195,1.4039
2.504,0.76172,2.1144,1.3937
2.4989,0.76937,2.1195,1.3937
2.4912,0.76427,2.1271,1.4013
2.4989,0.76427,2.1195,1.409
2.4989,0.76172,2.1195,1.4013
2.504,0.76937,2.1118,1.3962
2.4989,0.76937,2.1271,1.3962
