2.4122,0.78467,2.0889,1.3758
2.4046,0.78212,2.0966,1.3707
2.402,0.78212,2.094,1.3758
2.3969,0.78212,2.1017,1.3733
2.4046,0.77447,2.0966,1.3758
2.4122,0.78212,2.0889,1.3758
2.4071,0.78722,2.0915,1.3707
2.4071,0.78722,2.094,1.3733
2.3969,0.78722,2.1017,1.3733
2.3969,0.78212,2.1017,1.3835
2.4046,0.77702,2.0966,1.3835
2.4046,0.78212,2.0966,1.3758
2.4097,0.78212,2.0889,1.3758
2.4097,0.78212,2.094,1.3758
2.4046,0.78212,2.0966,1.3733
2.3969,0.78212,2.1017,1.3758
2.3969,0.77447,2.1017,1.3809
2.4122,0.77702,2.0915,1.3835
2.4097,0.77957,2.0889,1.3758
2.4046,0.78467,2.094,1.3707
2.4046,0.78976,2.094,1.3707
2.3969,0.78467,2.1017,1.3758
2.3969,0.78212,2.1017,1.3758
2.4046,0.77957,2.094,1.3758
2.4097,0.77447,2.0889,1.3733
2.4097,0.78722,2.0864,1.3707
2.3995,0.78467,2.094,1.3682
2.402,0.78212,2.094,1.3758
2.402,0.78212,2.094,1.3758
2.402,0.77447,2.094,1.3758
2.4122,0.77702,2.0889,1.3758
2.4097,0.78212,2.0864,1.3758
2.402,0.78976,2.094,1.3707
2.3944,0.78722,2.0991,1.3733
2.3969,0.77702,2.1042,1.3809
2.402,0.77447,2.094,1.3733
2.4071,0.78467,2.0864,1.3733
2.402,0.78722,2.0966,1.3682
2.3969,0.78722,2.1017,1.3733
2.3969,0.77447,2.1017,1.3809
2.402,0.77702,2.0966,1.3809
2.4122,0.78212,2.0915,1.3733
2.4097,0.78722,2.0889,1.3758
2.3995,0.78976,2.1042,1.3707
2.3969,0.77447,2.1017,1.3809
2.4046,0.77447,2.094,1.3835
2.4097,0.78212,2.0889,1.3733
2.4046,0.78212,2.0966,1.3707
2.4046,0.78212,2.094,1.3733
2.3969,0.78212,2.0966,1.3758
2.4046,0.77447,2.0966,1.3835
2.4046,0.77447,2.0966,1.3733
2.4097,0.78212,2.0966,1.3758
2.4046,0.78722,2.0966,1.3707
2.4046,0.78722,2.0991,1.3707
2.3969,0.78212,2.1017,1.3835
2.4071,0.77702,2.094,1.3835
2.4071,0.77957,2.0966,1.3733
2.4046,0.77957,2.0966,1.3758
2.4046,0.78722,2.0966,1.3707
2.3969,0.78722,2.1017,1.3682
2.3969,0.78212,2.1042,1.3758
2.3995,0.77447,2.1017,1.3835
2.4071,0.77447,2.0966,1.3809
2.4046,0.78212,2.0966,1.3758
2.4097,0.78212,2.0889,1.3733
2.4097,0.78976,2.0889,1.3707
2.4046,0.78467,2.0966,1.3707
2.4046,0.78212,2.0991,1.3733
2.4046,0.78212,2.0966,1.3733
2.4046,0.77702,2.094,1.3758
2.4122,0.77447,2.0889,1.3733
2.4097,0.78722,2.0915,1.3682
2.4071,0.78722,2.0966,1.3707
2.4046,0.78212,2.094,1.3758
2.3969,0.78212,2.1017,1.3733
2.4046,0.77447,2.0966,1.3809
2.4097,0.77702,2.0889,1.3809
2.4122,0.77957,2.0889,1.3707
2.402,0.78722,2.094,1.3707
2.4046,0.78212,2.094,1.3733
2.3969,0.78467,2.1042,1.3733
2.3969,0.77702,2.1042,1.3809
2.4148,0.77447,2.0915,1.3835
2.4122,0.78212,2.0889,1.3707
2.4046,0.78212,2.094,1.3707
2.4046,0.78722,2.094,1.3784
2.3995,0.77957,2.1017,1.3758
2.3969,0.78212,2.1017,1.3809
2.4046,0.77447,2.0966,1.3809
2.4046,0.77957,2.0966,1.3758
2.4046,0.77957,2.0915,1.3758
2.4046,0.78722,2.0966,1.3707
2.3969,0.78722,2.1017,1.3733
2.3995,0.78212,2.1017,1.3809
2.4046,0.77447,2.094,1.3809
2.4046,0.77957,2.0966,1.3758
2.4122,0.78722,2.0889,1.3682
2.4071,0.78467,2.0966,1.3682
2.4046,0.78467,2.094,1.3758
2.4046,0.78212,2.1042,1.3733
2.4046,0.77702,2.0966,1.3835
2.4097,0.77447,2.0889,1.3733
2.4097,0.78212,2.0915,1.3733
2.4071,0.78467,2.0966,1.3707
2.402,0.78467,2.1042,1.3733
2.3969,0.78212,2.1068,1.3835
2.4046,0.78467,2.0966,1.3809
2.4046,0.77447,2.0991,1.3758
2.4097,0.77702,2.0889,1.3733
2.4122,0.78212,2.0889,1.3733
2.4046,0.78212,2.0966,1.3707
2.4046,0.78722,2.0966,1.3707
2.3969,0.78467,2.1042,1.3682
2.3995,0.77447,2.1042,1.3835
2.4046,0.77447,2.0966,1.3835
2.4122,0.78212,2.0915,1.3733
2.4071,0.77957,2.0915,1.3707
2.3995,0.78722,2.1042,1.3733
2.3995,0.78212,2.1042,1.3733
2.402,0.78212,2.0966,1.3835
2.4046,0.77447,2.0966,1.3758
2.4122,0.78212,2.0915,1.3758
2.4071,0.78212,2.094,1.3682
2.4046,0.78212,2.094,1.3758
2.402,0.78212,2.1042,1.3758
2.402,0.78212,2.0966,1.3835
2.4071,0.77447,2.0915,1.3809
2.4122,0.78722,2.0915,1.3758
2.4071,0.78722,2.0966,1.3682
2.3995,0.78722,2.1042,1.3733
2.3969,0.78212,2.1068,1.3733
2.4071,0.77447,2.0966,1.3835
2.4122,0.77447,2.0915,1.3758
2.4122,0.77957,2.0915,1.3656
2.4071,0.78467,2.0966,1.3707
2.4071,0.78722,2.1017,1.3733
2.3995,0.77957,2.1042,1.3809
2.4071,0.77447,2.0966,1.3835
2.4071,0.77957,2.0966,1.3784
2.4046,0.78212,2.0915,1.3758
2.4046,0.78976,2.0966,1.3733
2.3995,0.77957,2.1042,1.3733
2.3969,0.77447,2.1068,1.3809
2.4046,0.77957,2.0991,1.3758
2.4097,0.78212,2.0915,1.3758
2.4122,0.78722,2.0889,1.3707
2.3969,0.78722,2.0991,1.3758
2.4046,0.78212,2.094,1.3733
2.4046,0.78212,2.0991,1.3758
2.4122,0.78212,2.0915,1.3758
2.4122,0.78722,2.0889,1.3733
2.4046,0.78722,2.0966,1.3707
2.3995,0.78212,2.1017,1.3835
2.4071,0.78212,2.0966,1.3835
2.4046,0.77447,2.0966,1.3784
2.4122,0.78212,2.0889,1.3784
2.4071,0.77957,2.0966,1.3707
2.4046,0.78212,2.0966,1.3758
2.3995,0.78212,2.1042,1.3758
2.3995,0.77447,2.1042,1.3809
2.4122,0.77447,2.094,1.3835
2.4097,0.77957,2.0915,1.3733
2.4046,0.78722,2.0966,1.3707
2.4046,0.77957,2.0966,1.3758
2.3995,0.78212,2.0966,1.3758
2.402,0.77447,2.0966,1.3809
2.4122,0.77957,2.0864,1.3784
2.4097,0.78467,2.0915,1.3707
2.3995,0.78722,2.1042,1.3707
2.3969,0.77957,2.1017,1.3835
2.4046,0.78212,2.0966,1.3835
2.4046,0.77447,2.094,1.3809
2.4097,0.77702,2.0889,1.3835
2.4097,0.77957,2.0889,1.3758
2.4046,0.78212,2.0991,1.3707
2.4046,0.78722,2.094,1.3733
2.3969,0.78722,2.094,1.3758
2.3969,0.78212,2.1017,1.3784
2.3969,0.77447,2.1042,1.3835
2.402,0.77447,2.094,1.3758
2.4122,0.77447,2.0889,1.3835
2.4097,0.78467,2.0915,1.3707
2.4071,0.78212,2.094,1.3758
2.4046,0.78722,2.094,1.3733
2.3969,0.78722,2.1017,1.3758
2.3995,0.77447,2.1017,1.3835
2.4046,0.77447,2.094,1.3835
2.4097,0.78212,2.0889,1.3707
2.4046,0.78722,2.0966,1.3707
2.4071,0.78212,2.0915,1.3758
2.402,0.78212,2.094,1.3784
2.3995,0.77447,2.094,1.3835
2.4148,0.78212,2.0864,1.3758
2.4071,0.77957,2.0966,1.3733
2.402,0.78212,2.094,1.3784
2.3969,0.78212,2.1017,1.3758
2.3969,0.77447,2.094,1.3835
2.4046,0.77957,2.094,1.3758
2.4097,0.77957,2.0864,1.3758
2.4046,0.79231,2.0966,1.3707
2.3969,0.78976,2.1017,1.3758
2.3969,0.78212,2.1017,1.3835
2.402,0.77702,2.094,1.3835
2.4097,0.78212,2.0864,1.3758
2.402,0.78212,2.094,1.3758
2.4046,0.78722,2.094,1.3758
2.3995,0.78212,2.0991,1.3758
2.3969,0.77447,2.1017,1.3835
2.402,0.77957,2.0864,1.3835
2.402,0.78212,2.094,1.3758
2.4071,0.77957,2.0889,1.3758
2.402,0.78467,2.094,1.3707
2.3969,0.78722,2.094,1.3733
2.4046,0.78212,2.0915,1.3758
2.3969,0.78212,2.0991,1.3784
2.402,0.77957,2.094,1.3835
2.4046,0.77447,2.094,1.3809
2.402,0.78467,2.0966,1.3758
2.4122,0.77957,2.0864,1.3758
2.4097,0.78212,2.0864,1.3707
2.4046,0.78722,2.0915,1.3707
2.402,0.78722,2.0966,1.3707
2.3944,0.78212,2.0966,1.3758
2.402,0.78467,2.094,1.3809
2.402,0.77957,2.094,1.3784
2.4122,0.77447,2.0864,1.3758
2.4071,0.78212,2.0864,1.3758
2.402,0.77957,2.094,1.3707
2.4046,0.78212,2.094,1.3784
2.3969,0.78212,2.0991,1.3784
2.402,0.77447,2.094,1.3784
2.402,0.77957,2.0864,1.3758
2.402,0.78212,2.094,1.3733
2.4046,0.78212,2.094,1.3758
2.402,0.78212,2.094,1.3758
2.3995,0.78212,2.094,1.3758
2.4097,0.78212,2.0864,1.3758
2.4071,0.78722,2.0864,1.3707
2.3969,0.78722,2.094,1.3707
2.3944,0.77957,2.1017,1.3784
2.402,0.77447,2.094,1.3835
2.4097,0.77702,2.0864,1.3784
2.4097,0.77957,2.0864,1.3707
2.4046,0.78722,2.094,1.3707
2.402,0.78212,2.094,1.3758
2.402,0.78212,2.0966,1.3758
2.4046,0.77447,2.094,1.3835
2.402,0.77702,2.0864,1.3835
2.4097,0.78212,2.0889,1.3784
2.402,0.78212,2.094,1.3733
2.402,0.78976,2.094,1.3784
2.3969,0.78212,2.1017,1.3784
2.3969,0.77447,2.1017,1.3835
2.4046,0.77447,2.094,1.3835
2.4097,0.77447,2.0889,1.386
2.4097,0.78212,2.0889,1.3809
2.4046,0.78212,2.0966,1.3758
2.402,0.78722,2.094,1.3733
2.3969,0.78722,2.0991,1.3784
2.3969,0.77702,2.1017,1.3835
2.4046,0.77447,2.094,1.386
2.4046,0.77957,2.094,1.3758
2.4097,0.78467,2.0864,1.3758
2.4097,0.78976,2.0864,1.3707
2.4046,0.78722,2.0915,1.3707
2.3944,0.77702,2.0991,1.3835
2.4046,0.78212,2.094,1.386
2.4046,0.77447,2.094,1.3758
2.4097,0.78212,2.0889,1.3758
2.4097,0.78722,2.0915,1.3707
2.4046,0.78722,2.1017,1.3733
2.3969,0.77957,2.0991,1.3784
2.3995,0.78212,2.094,1.3835
2.4071,0.78212,2.094,1.3758
2.4071,0.78467,2.0864,1.3784
2.4097,0.78722,2.0915,1.3707
2.402,0.78722,2.0966,1.3707
2.4046,0.77957,2.0966,1.3758
2.3969,0.77957,2.094,1.3784
2.3969,0.77447,2.1017,1.3809
2.4046,0.77447,2.094,1.386
2.4122,0.78212,2.0889,1.3733
2.402,0.78212,2.094,1.3707
2.4046,0.78212,2.0966,1.3758
2.3969,0.78467,2.094,1.3758
2.402,0.77702,2.094,1.3835
2.4071,0.77702,2.0966,1.3835
2.4122,0.77957,2.0889,1.3758
2.4046,0.78212,2.094,1.3758
2.4046,0.78722,2.094,1.3758
2.3969,0.78722,2.1068,1.3784
2.3995,0.77447,2.1017,1.3835
2.4071,0.77447,2.0889,1.3835
2.4122,0.78722,2.0864,1.3707
2.4046,0.78467,2.1017,1.3707
2.3995,0.78212,2.1017,1.3758
2.402,0.78212,2.0966,1.3835
2.402,0.78212,2.094,1.3758
2.4046,0.78212,2.0889,1.3758
2.402,0.78467,2.094,1.3733
2.3969,0.78722,2.1017,1.3758
2.3969,0.77447,2.1017,1.3835
2.4097,0.77702,2.0889,1.3835
2.4071,0.78212,2.0889,1.3758
2.4046,0.78212,2.0966,1.3707
2.4046,0.78722,2.0966,1.3758
2.3969,0.78212,2.1017,1.3733
2.3995,0.77447,2.1017,1.3835
2.4046,0.77447,2.0889,1.3835
2.4097,0.78212,2.0889,1.3707
2.4046,0.78467,2.094,1.3707
2.402,0.78976,2.0966,1.3758
2.3969,0.78212,2.1017,1.3758
2.3969,0.77447,2.1017,1.3835
2.402,0.77447,2.0991,1.3835
2.4046,0.77957,2.094,1.3758
2.4046,0.78212,2.094,1.3758
2.3995,0.78722,2.094,1.3758
2.3969,0.78722,2.1017,1.3758
2.3969,0.78212,2.1017,1.3809
2.402,0.77447,2.0915,1.3835
2.402,0.77957,2.094,1.3758
2.4046,0.78212,2.0889,1.3758
2.4046,0.78467,2.0966,1.3707
2.3969,0.78976,2.1017,1.3707
2.3969,0.78212,2.1017,1.3835
2.402,0.78212,2.094,1.3835
2.402,0.77702,2.0966,1.3758
2.4122,0.77957,2.0889,1.3758
2.4097,0.78722,2.0864,1.3682
2.4046,0.78722,2.1017,1.3707
2.3969,0.78212,2.1017,1.3784
2.402,0.77957,2.094,1.3835
2.3969,0.77447,2.0915,1.3758
2.4071,0.78212,2.0864,1.3784
2.3995,0.78722,2.0915,1.3707
2.402,0.78212,2.094,1.3758
2.3944,0.77957,2.1017,1.3784
2.3969,0.78212,2.094,1.3835
2.4046,0.78212,2.094,1.3784
2.402,0.77957,2.0889,1.3758
2.3995,0.78722,2.0915,1.3682
2.3969,0.78467,2.1017,1.3758
2.4046,0.77447,2.094,1.3784
2.4122,0.78212,2.0864,1.3758
2.4097,0.78467,2.0864,1.3707
2.3944,0.78722,2.0991,1.3733
2.3969,0.77447,2.0966,1.3835
2.402,0.77447,2.0889,1.386
2.4071,0.77957,2.0864,1.3758
2.4046,0.78722,2.094,1.3733
2.3969,0.78722,2.0991,1.3784
2.3969,0.77447,2.0991,1.3809
2.4046,0.78212,2.094,1.3758
2.402,0.77957,2.094,1.3784
2.4046,0.78467,2.094,1.3784
2.3969,0.78212,2.1017,1.3784
2.3969,0.77447,2.0966,1.386
2.402,0.77702,2.094,1.386
2.4097,0.78212,2.0864,1.3707
2.3995,0.78722,2.0915,1.3733
2.3944,0.78212,2.1017,1.3784
2.4046,0.77447,2.094,1.3835
2.4071,0.77447,2.0864,1.3784
2.4097,0.78722,2.0889,1.3707
2.3969,0.78722,2.0991,1.3733
2.3944,0.77447,2.0966,1.3835
2.402,0.77447,2.094,1.3835
2.402,0.78212,2.094,1.3758
2.402,0.78212,2.0915,1.3809
2.402,0.77957,2.094,1.3784
2.3944,0.78212,2.0991,1.3809
2.3995,0.77702,2.0915,1.3835
2.402,0.77957,2.0915,1.3809
2.4097,0.78722,2.0864,1.3784
2.402,0.78467,2.094,1.3733
2.3969,0.78976,2.0991,1.3784
2.3944,0.77702,2.0966,1.3835
2.402,0.77702,2.0915,1.3835
2.402,0.77957,2.094,1.3784
2.4097,0.78212,2.0864,1.3758
2.4071,0.78212,2.094,1.3733
2.3969,0.78722,2.0991,1.3707
2.3969,0.77957,2.0991,1.3784
2.402,0.77447,2.0915,1.3835
2.4046,0.78212,2.094,1.3758
2.4071,0.78212,2.0915,1.3784
2.3995,0.78722,2.0915,1.3758
2.3944,0.78976,2.0991,1.3758
2.3969,0.77447,2.0991,1.3835
2.402,0.77447,2.0915,1.3835
2.4097,0.78212,2.0864,1.3784
2.3995,0.78212,2.094,1.3707
2.402,0.78467,2.0915,1.3784
2.3944,0.78467,2.0966,1.3758
2.3995,0.77702,2.0915,1.3835
2.4071,0.78212,2.0864,1.3758
2.4071,0.78722,2.0864,1.3707
2.3944,0.78722,2.0991,1.3707
2.3918,0.78467,2.094,1.3758
2.3944,0.77447,2.0966,1.3835
2.3995,0.77447,2.0864,1.3835
2.4071,0.78212,2.0864,1.3758
2.3995,0.78467,2.0915,1.3758
2.4071,0.78722,2.0864,1.3707
2.3944,0.78976,2.0915,1.3758
2.3969,0.78467,2.0966,1.3784
2.3969,0.78467,2.0915,1.3784
2.402,0.77447,2.0889,1.3835
2.3995,0.77702,2.0915,1.3758
2.4071,0.78212,2.0864,1.3758
2.4071,0.78976,2.0838,1.3707
2.3995,0.78976,2.0915,1.3707
2.3944,0.78212,2.0966,1.3733
2.3995,0.78212,2.0966,1.3784
2.402,0.77447,2.0915,1.3835
2.4071,0.77702,2.0864,1.3758
2.4046,0.78212,2.0838,1.3707
2.402,0.78976,2.0915,1.3682
2.3995,0.78467,2.0889,1.3758
2.3944,0.78212,2.0966,1.3758
2.3944,0.77702,2.094,1.3835
2.3995,0.77447,2.0915,1.3835
2.3969,0.78212,2.0889,1.3784
2.4046,0.78467,2.0864,1.3758
2.4071,0.78722,2.0864,1.3707
2.3995,0.78976,2.0889,1.3707
2.3944,0.78722,2.0966,1.3758
2.3944,0.78467,2.0966,1.3835
2.3995,0.77702,2.0889,1.3809
2.4046,0.78212,2.0864,1.3784
2.402,0.78212,2.0915,1.3707
2.3995,0.78212,2.094,1.3758
2.3944,0.78212,2.0966,1.3758
2.3995,0.77957,2.0915,1.3835
2.4071,0.77702,2.0864,1.3758
2.4071,0.78722,2.0864,1.3682
2.3944,0.78976,2.0915,1.3682
2.3944,0.77957,2.0991,1.3784
2.402,0.78212,2.0915,1.3835
2.3995,0.78467,2.094,1.3733
2.4071,0.77957,2.0864,1.3733
2.4071,0.78976,2.0864,1.3707
2.3995,0.78976,2.0915,1.3707
2.3944,0.78212,2.0966,1.3784
2.402,0.77702,2.094,1.3835
2.402,0.77702,2.0864,1.3758
2.4071,0.78467,2.0915,1.3758
2.3995,0.78722,2.0915,1.3707
2.3944,0.78467,2.0991,1.3784
2.3944,0.77702,2.0991,1.3809
2.3995,0.77447,2.0966,1.3835
2.4071,0.78467,2.0889,1.3758
2.4097,0.78722,2.0864,1.3682
2.402,0.78467,2.094,1.3682
2.402,0.78212,2.094,1.3733
2.3944,0.78212,2.0991,1.3733
2.3969,0.77702,2.1017,1.3835
2.402,0.77447,2.094,1.3809
2.4071,0.77957,2.0889,1.3733
2.4046,0.78722,2.094,1.3707
2.402,0.78722,2.0991,1.3682
2.3969,0.78467,2.1017,1.3733
2.3944,0.77447,2.1017,1.3809
2.4097,0.77447,2.094,1.3835
2.4097,0.78212,2.0889,1.3758
2.402,0.77957,2.0966,1.3682
2.3995,0.78976,2.0966,1.3733
2.3944,0.78722,2.1017,1.3733
2.3944,0.78467,2.1017,1.3758
2.402,0.77447,2.094,1.3809
2.3995,0.78212,2.094,1.3758
2.4046,0.78212,2.0966,1.3758
2.402,0.78722,2.0966,1.3682
2.402,0.78722,2.1017,1.3758
2.3944,0.77447,2.1017,1.3809
2.3995,0.77447,2.094,1.3835
2.4071,0.78212,2.0889,1.3758
2.3995,0.78976,2.0966,1.3682
2.4046,0.78467,2.094,1.3733
2.402,0.78212,2.0991,1.3733
2.402,0.77447,2.094,1.3809
2.4071,0.77957,2.0864,1.3733
2.402,0.78212,2.094,1.3682
2.4046,0.78722,2.094,1.3707
2.3995,0.78212,2.094,1.3733
2.402,0.78212,2.094,1.3809
2.402,0.78212,2.094,1.3758
2.402,0.77957,2.094,1.3758
2.3995,0.78467,2.094,1.3733
2.402,0.77957,2.1017,1.3758
2.3944,0.77447,2.0991,1.3835
2.4071,0.77447,2.0864,1.3758
2.4071,0.78722,2.0864,1.3707
2.3995,0.78976,2.094,1.3682
2.3969,0.78212,2.1017,1.3758
2.402,0.78212,2.094,1.3835
2.402,0.77957,2.0915,1.3758
2.4071,0.78212,2.0915,1.3733
