2.843,2.2352,3.9726,2.4519
2.8354,2.2301,3.9777,2.4544
2.8405,2.2224,3.97,2.4595
2.8481,2.2275,3.9624,2.4544
2.8481,2.2352,3.9649,2.4442
2.8405,2.2352,3.9802,2.4468
2.8354,2.2301,3.9802,2.4595
2.8456,2.225,3.9726,2.4595
2.8456,2.2224,3.9649,2.4544
2.843,2.2301,3.97,2.4519
2.8405,2.2301,3.9726,2.4544
2.8354,2.2301,3.9802,2.4519
2.8405,2.2224,3.9777,2.457
2.8481,2.2275,3.9675,2.4519
2.843,2.2352,3.9726,2.4442
2.8354,2.2275,3.9828,2.4519
2.8405,2.2224,3.9777,2.4595
2.8481,2.2275,3.97,2.4544
2.8405,2.2352,3.9777,2.4442
2.8328,2.2275,3.9828,2.4544
2.8354,2.2224,3.9726,2.4544
2.8405,2.2275,3.9751,2.4544
2.8379,2.2301,3.9726,2.4493
2.843,2.2352,3.9726,2.4493
2.8354,2.2301,3.9828,2.4519
2.8405,2.2224,3.9751,2.457
2.8456,2.2224,3.9675,2.4519
2.8481,2.2352,3.97,2.4442
2.8354,2.2352,3.9726,2.4442
2.8354,2.2224,3.9777,2.457
2.8481,2.2224,3.9649,2.457
2.8456,2.2352,3.9675,2.4442
2.8405,2.2352,3.9726,2.4493
2.8354,2.2301,3.9726,2.4544
2.8379,2.2224,3.9726,2.4519
2.8456,2.2301,3.9675,2.4519
2.843,2.2352,3.9726,2.4442
2.843,2.2301,3.97,2.4519
2.8405,2.2301,3.9777,2.4519
2.8405,2.2224,3.97,2.4544
2.8456,2.2301,3.97,2.4519
2.8379,2.2352,3.97,2.4493
2.8328,2.2301,3.9777,2.4544
2.8354,2.2275,3.9777,2.4595
2.8456,2.2275,3.9624,2.457
2.8481,2.2352,3.9624,2.4544
2.8405,2.2403,3.97,2.4493
2.8354,2.2301,3.9777,2.4544
2.8405,2.225,3.9675,2.4595
2.8405,2.2275,3.97,2.4544
2.8456,2.2301,3.9624,2.4544
2.8405,2.2377,3.9675,2.4493
2.8354,2.2377,3.9726,2.4493
2.8328,2.2301,3.9777,2.4544
2.8328,2.225,3.9802,2.4621
2.843,2.225,3.97,2.4544
2.8456,2.2301,3.9624,2.4544
2.8405,2.2301,3.9675,2.4544
2.843,2.2377,3.9675,2.4544
2.8328,2.2326,3.9751,2.4544
2.8328,2.2224,3.9751,2.4595
2.8405,2.225,3.9675,2.4595
2.8456,2.2301,3.9624,2.4544
2.8481,2.2377,3.9624,2.4493
2.8405,2.2352,3.9675,2.4493
2.8405,2.2352,3.9751,2.4544
2.8354,2.2275,3.9751,2.4595
2.8405,2.225,3.9624,2.4595
2.8456,2.2301,3.9624,2.4468
2.8405,2.2377,3.97,2.4544
2.8328,2.2301,3.9777,2.4544
2.8328,2.2224,3.9751,2.4595
2.8456,2.2224,3.9624,2.4544
2.8481,2.2301,3.97,2.4544
2.8405,2.2301,3.9675,2.4519
2.8328,2.2301,3.9726,2.4544
2.8328,2.225,3.9751,2.4621
2.8405,2.225,3.9675,2.4621
2.8481,2.2301,3.9624,2.4544
2.843,2.2301,3.9675,2.4544
2.8405,2.2377,3.9675,2.4544
2.8328,2.2301,3.9726,2.457
2.8379,2.2275,3.9649,2.457
2.8481,2.2301,3.9598,2.457
2.8405,2.2377,3.9675,2.4493
2.8354,2.2352,3.9726,2.457
2.8328,2.2224,3.9726,2.4646
2.8456,2.225,3.9598,2.4646
2.8456,2.2352,3.9598,2.4493
2.8405,2.2352,3.9649,2.4519
2.8328,2.2301,3.9726,2.4544
2.8379,2.225,3.9649,2.4621
2.8481,2.2301,3.9624,2.457
2.8405,2.2352,3.9675,2.457
2.8328,2.2326,3.9726,2.457
2.8328,2.2275,3.9726,2.4621
2.8456,2.225,3.9598,2.457
2.8456,2.2275,3.9675,2.457
2.8405,2.2275,3.9675,2.4544
2.8328,2.2326,3.9726,2.4544
2.8405,2.225,3.97,2.4646
2.8456,2.2301,3.9624,2.4544
2.8456,2.2377,3.9624,2.4493
2.8328,2.2275,3.9751,2.4544
2.8405,2.2224,3.9726,2.457
2.8456,2.2301,3.9624,2.4544
2.8405,2.2352,3.9751,2.4468
2.843,2.2275,3.9726,2.4519
2.8328,2.2224,3.9802,2.457
2.8405,2.2199,3.9726,2.4595
2.8481,2.2301,3.9675,2.4544
2.843,2.2326,3.9751,2.4493
2.8328,2.2275,3.9777,2.4493
2.8328,2.2199,3.9828,2.4595
2.8405,2.2275,3.9777,2.4519
2.8456,2.2301,3.9675,2.4493
2.8405,2.2326,3.9777,2.4442
2.843,2.2301,3.9777,2.4493
2.8405,2.2301,3.9777,2.4519
2.8405,2.2224,3.9751,2.4519
2.8481,2.2275,3.97,2.4493
2.843,2.2326,3.9777,2.4442
2.8354,2.2275,3.9828,2.4493
2.843,2.2199,3.9777,2.4544
2.8405,2.2275,3.9777,2.4493
2.8405,2.2301,3.9751,2.4519
2.8354,2.2352,3.9777,2.4417
2.8328,2.2199,3.9828,2.4493
2.8405,2.2224,3.9777,2.4544
2.8456,2.2301,3.9726,2.4442
2.843,2.2326,3.9751,2.4417
2.8354,2.2352,3.9828,2.4468
2.8354,2.2275,3.9828,2.4544
2.8481,2.225,3.9726,2.457
2.8481,2.2275,3.9726,2.4493
2.843,2.2352,3.9777,2.4442
2.8328,2.2275,3.9828,2.4493
2.8354,2.2199,3.9853,2.457
2.8405,2.2199,3.9726,2.457
2.8481,2.225,3.9726,2.4519
2.843,2.2301,3.9777,2.4442
2.8405,2.225,3.9802,2.4493
2.8405,2.2275,3.9751,2.4493
2.8405,2.2199,3.9777,2.4493
2.8456,2.2275,3.9751,2.4493
2.8379,2.2352,3.9777,2.4442
2.8354,2.2275,3.9828,2.4493
2.8405,2.2224,3.9751,2.4544
2.8456,2.2224,3.9726,2.4519
2.8456,2.2352,3.97,2.4417
2.8354,2.2326,3.9828,2.4417
2.8328,2.2301,3.9828,2.4519
2.8405,2.2224,3.9777,2.457
2.8481,2.2301,3.97,2.4493
2.8405,2.2301,3.9751,2.4519
2.8354,2.2301,3.9828,2.457
2.8405,2.2275,3.9726,2.457
2.8405,2.2275,3.9751,2.4519
2.8481,2.2326,3.97,2.4442
2.8405,2.2326,3.9726,2.4468
2.8328,2.2224,3.9802,2.4544
2.8456,2.2224,3.9726,2.4595
2.8456,2.2275,3.9649,2.4493
2.843,2.2352,3.97,2.4468
2.8354,2.2275,3.9777,2.4544
2.8405,2.225,3.9726,2.4595
2.8405,2.2275,3.9726,2.4519
2.8405,2.2301,3.97,2.4468
2.8405,2.2275,3.9726,2.4519
2.8328,2.2301,3.9777,2.4519
2.8405,2.2199,3.9726,2.4544
2.8456,2.2224,3.9675,2.4493
2.8481,2.2326,3.9675,2.4442
2.843,2.2326,3.9777,2.4442
2.8379,2.2224,3.9802,2.4595
2.843,2.2199,3.9751,2.457
2.843,2.2275,3.9751,2.4493
2.8405,2.2301,3.9777,2.4493
2.843,2.2326,3.9751,2.4442
2.8379,2.2352,3.9828,2.4493
2.8354,2.2224,3.9828,2.4544
2.8405,2.2199,3.9726,2.457
2.8456,2.2275,3.97,2.4493
2.843,2.2326,3.9726,2.4442
2.843,2.225,3.9828,2.4493
2.8405,2.2275,3.9726,2.4544
2.843,2.2275,3.9726,2.4544
2.8456,2.2275,3.9675,2.4544
2.8405,2.2301,3.9751,2.4442
2.8328,2.2275,3.9802,2.4519
2.843,2.2199,3.9726,2.4595
2.8481,2.2275,3.9675,2.4519
2.8481,2.2326,3.9675,2.4468
2.8328,2.2326,3.9777,2.4519
2.8354,2.2224,3.9828,2.457
2.8481,2.2199,3.97,2.4519
2.8481,2.2326,3.97,2.4468
2.8405,2.2326,3.9802,2.4442
2.8354,2.2224,3.9828,2.457
2.8405,2.2199,3.9751,2.457
2.8481,2.2275,3.97,2.4493
2.8481,2.2326,3.97,2.4442
2.8328,2.2352,3.9828,2.4442
2.8379,2.2199,3.9828,2.4544
2.8481,2.2224,3.97,2.4468
2.8456,2.2275,3.9777,2.4442
2.843,2.2301,3.9751,2.4544
2.843,2.2275,3.9777,2.4544
2.843,2.2275,3.9802,2.4519
2.843,2.2275,3.9802,2.4417
2.843,2.225,3.9802,2.4442
2.8354,2.2275,3.9802,2.4493
2.843,2.2199,3.9802,2.4544
2.8481,2.2275,3.9726,2.4468
2.843,2.2326,3.9828,2.4417
2.8354,2.225,3.9904,2.4468
2.8354,2.2199,3.9879,2.4544
2.8481,2.2199,3.9777,2.4544
2.8481,2.2352,3.9777,2.4366
2.843,2.2326,3.9802,2.4391
2.8354,2.225,3.993,2.4519
2.843,2.225,3.9828,2.4468
2.8481,2.2199,3.9802,2.4544
2.8507,2.2326,3.9802,2.4366
2.8354,2.2326,3.9904,2.4366
2.8354,2.2275,3.993,2.4493
2.843,2.2199,3.9853,2.4442
2.8481,2.225,3.9802,2.4442
2.843,2.2326,3.9879,2.4391
2.8354,2.2275,3.9904,2.4442
2.8354,2.2199,3.993,2.4493
2.8481,2.2199,3.9853,2.4493
2.8481,2.225,3.9777,2.4417
2.843,2.225,3.9853,2.4417
2.843,2.225,3.9879,2.4417
2.8354,2.2326,3.993,2.4442
2.8354,2.2199,3.993,2.4519
2.843,2.2199,3.9879,2.4519
2.8456,2.2275,3.9853,2.4417
2.8481,2.225,3.9853,2.4417
2.8456,2.225,3.9828,2.4366
2.8354,2.2275,3.993,2.4442
2.8354,2.2199,3.993,2.4519
2.843,2.2199,3.9802,2.4493
2.8481,2.2275,3.9777,2.4391
2.8405,2.2326,3.9853,2.4366
2.8328,2.225,3.9904,2.4442
2.8456,2.225,3.9828,2.4519
2.8456,2.225,3.9828,2.4468
2.8456,2.2275,3.9828,2.4442
2.843,2.2301,3.9828,2.4468
2.8354,2.2275,3.9879,2.4519
2.8405,2.2199,3.9828,2.4519
2.8481,2.2326,3.9751,2.4468
2.8456,2.2326,3.9828,2.4417
2.8354,2.2301,3.9879,2.4493
2.843,2.2199,3.9853,2.4519
2.8481,2.2275,3.9751,2.4468
2.843,2.2326,3.9802,2.4391
2.8354,2.2275,3.9853,2.4442
2.843,2.2224,3.9802,2.4519
2.8507,2.2199,3.9726,2.4468
2.8507,2.2301,3.9802,2.4417
2.8354,2.2275,3.9853,2.4442
2.843,2.2224,3.9802,2.4493
2.8507,2.2275,3.97,2.4417
2.8405,2.2326,3.9777,2.4417
2.8354,2.2301,3.9828,2.4493
2.843,2.2301,3.9802,2.4544
2.843,2.2275,3.9777,2.4468
2.8456,2.2275,3.9777,2.4417
2.843,2.2275,3.9802,2.4468
2.8405,2.2301,3.9726,2.4544
2.8405,2.2275,3.9777,2.4519
2.843,2.2275,3.9751,2.4493
2.843,2.2326,3.9751,2.4493
2.8354,2.2275,3.9828,2.4468
2.843,2.2224,3.9777,2.4544
2.8481,2.2301,3.97,2.4493
2.8481,2.2275,3.9777,2.4417
2.8456,2.2352,3.9777,2.4468
2.8354,2.2275,3.9853,2.4468
2.843,2.2275,3.9802,2.4544
2.843,2.2275,3.9777,2.4468
2.8507,2.2275,3.9777,2.4493
2.843,2.2352,3.9777,2.4417
2.8379,2.2301,3.9853,2.4468
2.843,2.2301,3.9777,2.4544
2.843,2.2224,3.9777,2.4468
2.8481,2.2275,3.97,2.4493
2.8481,2.2352,3.97,2.4417
2.843,2.2377,3.9828,2.4417
2.8354,2.2301,3.9828,2.4544
2.843,2.2224,3.97,2.4544
2.8481,2.2224,3.97,2.4544
2.8507,2.2275,3.97,2.4417
2.843,2.2326,3.9777,2.4417
2.8379,2.2301,3.9828,2.4493
2.8405,2.2301,3.9828,2.4544
2.8481,2.2224,3.9726,2.4544
2.8481,2.2275,3.97,2.4468
2.8405,2.2275,3.9802,2.4417
2.8456,2.2275,3.9777,2.4442
2.843,2.2275,3.9777,2.4468
2.8456,2.2224,3.9802,2.4468
2.8507,2.2275,3.9777,2.4468
2.8507,2.2352,3.97,2.4417
2.8354,2.2352,3.9853,2.4391
2.8379,2.2275,3.9853,2.4519
2.843,2.2224,3.9802,2.4544
2.8481,2.2224,3.9726,2.4519
2.8507,2.2275,3.9751,2.4391
2.843,2.2352,3.9802,2.4391
2.8354,2.2301,3.9853,2.4442
2.843,2.2224,3.9828,2.4493
2.8481,2.2224,3.9726,2.4468
2.8481,2.2301,3.9802,2.4366
2.843,2.2275,3.9802,2.4442
2.843,2.2275,3.9802,2.4442
2.843,2.2275,3.9828,2.4442
2.843,2.2275,3.9777,2.4391
2.843,2.2275,3.9828,2.4442
2.8456,2.2275,3.9828,2.4493
2.843,2.2224,3.9828,2.4442
2.8456,2.2275,3.9828,2.4442
2.8456,2.2275,3.9853,2.4366
2.8379,2.2275,3.9904,2.4493
2.8456,2.2224,3.9828,2.4493
2.8481,2.2326,3.9802,2.4366
2.843,2.2352,3.9853,2.434
2.8379,2.2275,3.993,2.4417
2.843,2.225,3.9853,2.4468
2.843,2.225,3.9879,2.4417
2.8507,2.2326,3.9828,2.434
2.8379,2.2326,3.9853,2.434
2.8379,2.225,3.993,2.4391
2.8379,2.2199,3.993,2.4493
2.8456,2.2224,3.9802,2.4493
2.8481,2.2275,3.9802,2.4417
2.843,2.2301,3.9853,2.4442
2.8456,2.2326,3.9853,2.4366
2.8379,2.2275,3.993,2.4468
2.843,2.2224,3.9879,2.4468
2.8507,2.2275,3.9828,2.4417
2.8405,2.2326,3.9828,2.4417
2.8379,2.2352,3.993,2.4417
2.8379,2.225,3.993,2.4493
2.843,2.2173,3.9879,2.4493
2.8507,2.225,3.9802,2.4417
2.8481,2.2326,3.9802,2.434
2.8354,2.2326,3.9828,2.434
2.8354,2.2275,3.993,2.4442
2.8456,2.2199,3.9879,2.4468
2.843,2.225,3.9853,2.4417
2.843,2.225,3.9828,2.434
2.843,2.2275,3.9879,2.4391
2.843,2.225,3.9879,2.4417
2.843,2.2199,3.9802,2.4468
2.8507,2.2301,3.9828,2.434
2.8379,2.2326,3.9879,2.4417
2.8354,2.2275,3.993,2.4391
2.843,2.2199,3.9879,2.4417
2.8481,2.2275,3.9904,2.4391
2.843,2.2352,3.9904,2.4391
2.8354,2.225,3.993,2.4366
2.8456,2.2199,3.9879,2.4442
2.8481,2.2275,3.9828,2.4391
2.8456,2.2326,3.9904,2.4315
2.8354,2.225,3.9981,2.4366
2.8456,2.2224,3.9904,2.4442
2.843,2.2275,3.9904,2.4417
2.8456,2.2275,3.9904,2.4315
2.843,2.2275,3.9879,2.4391
2.843,2.2275,3.9904,2.4442
2.8456,2.2275,3.9904,2.4366
2.8507,2.2326,3.9828,2.4315
2.8379,2.2326,3.9955,2.4391
2.8405,2.2275,3.9955,2.4442
2.843,2.2199,3.9879,2.4366
2.8507,2.225,3.9802,2.4391
2.8507,2.2326,3.9802,2.434
2.843,2.225,3.9853,2.4391
2.8354,2.225,3.9853,2.4417
2.8456,2.2199,3.9904,2.4417
2.8507,2.2275,3.9828,2.4391
2.8456,2.225,3.9879,2.434
2.8379,2.225,3.993,2.4417
2.843,2.2275,3.9879,2.4417
2.8456,2.2275,3.9879,2.4417
2.8507,2.2275,3.9802,2.4417
2.843,2.2301,3.9828,2.4366
2.8456,2.2275,3.9828,2.4417
2.843,2.2275,3.9904,2.4417
2.843,2.2199,3.9853,2.4417
2.8481,2.225,3.9777,2.4417
2.8456,2.2326,3.9828,2.4417
2.8379,2.2326,3.9879,2.4442
2.8354,2.2275,3.9904,2.4468
2.8481,2.2224,3.9828,2.4442
2.8507,2.2275,3.9751,2.4442
2.843,2.2326,3.9802,2.4391
2.8354,2.2275,3.9853,2.4442
2.8405,2.2275,3.9802,2.4519
2.8456,2.2224,3.9777,2.4442
2.8507,2.2275,3.9726,2.4442
2.8456,2.2326,3.9751,2.4391
2.8354,2.2377,3.9828,2.4493
2.8328,2.2224,3.9828,2.4544
2.8456,2.2224,3.97,2.4468
2.8456,2.2352,3.9675,2.4417
2.8354,2.2352,3.9802,2.4493
2.8354,2.2224,3.9802,2.4544
2.8456,2.225,3.9726,2.4544
2.8456,2.2275,3.9675,2.4493
2.8405,2.2352,3.9726,2.4417
2.8328,2.2301,3.9726,2.4493
2.8405,2.2224,3.9726,2.4493
2.843,2.2301,3.9649,2.4493
2.8405,2.2352,3.97,2.4417
2.8354,2.2301,3.9726,2.4493
2.8405,2.2199,3.97,2.4519
2.8456,2.2275,3.9624,2.4519
2.843,2.2352,3.9675,2.4442
2.8328,2.2301,3.9777,2.4493
2.8405,2.2199,3.97,2.457
2.8456,2.2301,3.97,2.4519
2.8405,2.2352,3.97,2.4493
2.8354,2.2301,3.9751,2.4544
2.843,2.2275,3.97,2.4493
2.8405,2.2301,3.9675,2.4519
2.8405,2.2275,3.97,2.4544
2.8405,2.2301,3.9675,2.457
2.8379,2.2301,3.9649,2.4544
2.8456,2.2275,3.9624,2.4519
2.8405,2.2352,3.9675,2.4544
2.8405,2.2275,3.9624,2.457
2.8405,2.2275,3.9649,2.4544
2.8456,2.2352,3.9573,2.4493
2.8328,2.2352,3.9726,2.4544
2.8379,2.2224,3.9649,2.4595
2.8456,2.2224,3.9573,2.4544
2.8379,2.2301,3.9649,2.4493
2.8379,2.2301,3.9726,2.4544
2.8405,2.2275,3.9649,2.4595
2.8379,2.2224,3.9598,2.4544
2.8405,2.2326,3.97,2.4493
2.8328,2.2275,3.97,2.4544
2.8379,2.2224,3.9624,2.4621
2.8456,2.2224,3.9598,2.4544
2.8456,2.2352,3.9573,2.4468
2.8328,2.2352,3.9675,2.4544
2.8405,2.2224,3.9624,2.4544
2.8456,2.2301,3.9598,2.4544
2.8405,2.2352,3.9624,2.4544
2.8354,2.2301,3.97,2.4544
2.8405,2.2224,3.9624,2.4544
2.8379,2.2301,3.9598,2.4544
2.8379,2.2301,3.9624,2.4468
2.8354,2.2224,3.9726,2.4595
2.8354,2.225,3.9573,2.4595
2.8456,2.2301,3.9573,2.4468
2.8379,2.2352,3.9726,2.4468
2.8328,2.2301,3.97,2.4544
2.8379,2.225,3.9675,2.4595
2.8405,2.2301,3.9649,2.4519
2.8405,2.2301,3.9675,2.4493
2.843,2.2301,3.9649,2.4519
2.8405,2.2301,3.9649,2.4493
2.8379,2.225,3.9598,2.4595
2.8456,2.2326,3.9624,2.4442
2.8405,2.2377,3.9675,2.4442
2.8328,2.2301,3.9726,2.4519
2.8405,2.2224,3.9675,2.457
2.8456,2.2275,3.9624,2.4442
2.8405,2.2352,3.9675,2.4442
2.8354,2.2301,3.9751,2.4519
2.8405,2.2224,3.97,2.4544
2.8456,2.2275,3.9624,2.4493
2.8405,2.2352,3.97,2.4417
2.8328,2.2275,3.9751,2.4519
2.8405,2.2224,3.97,2.4544
2.8481,2.2301,3.9649,2.4519
2.8405,2.2377,3.97,2.4442
2.8328,2.2301,3.9777,2.4493
2.8405,2.225,3.97,2.4544
2.8456,2.2352,3.9649,2.4519
2.8405,2.2352,3.97,2.4417
2.8354,2.2301,3.9777,2.4544
2.8405,2.225,3.97,2.4519
2.8456,2.2275,3.9649,2.4468
2.8405,2.2352,3.97,2.4442
2.8354,2.2301,3.9777,2.4493
2.843,2.2275,3.97,2.4493
2.8481,2.2301,3.9624,2.4493
2.8405,2.2301,3.9726,2.4468
2.8328,2.2301,3.9777,2.4544
2.843,2.2224,3.9726,2.4544
2.8456,2.2352,3.9649,2.4417
2.8379,2.2352,3.9751,2.4493
2.8354,2.2224,3.9777,2.4544
