4.0003,1.5545,3.7712,2.4901
4.0131,1.5622,3.7585,2.485
4.008,1.5673,3.7661,2.485
3.9978,1.5622,3.7712,2.485
4.0054,1.5622,3.7661,2.4825
4.008,1.5596,3.7636,2.4748
4.0003,1.5622,3.7738,2.485
4.0054,1.5545,3.7661,2.4901
4.0105,1.5673,3.7585,2.4774
4.0003,1.5673,3.7738,2.4825
4.0003,1.5571,3.7738,2.4901
4.0105,1.5596,3.761,2.485
4.0054,1.5673,3.7661,2.4774
4.0003,1.5596,3.7738,2.4825
4.0054,1.5545,3.7661,2.4825
4.0054,1.5596,3.7661,2.4825
4.0029,1.5622,3.7636,2.4825
4.0029,1.5571,3.7661,2.4901
4.0131,1.5622,3.761,2.4799
4.0054,1.5673,3.7687,2.4748
3.9978,1.5596,3.7763,2.4876
4.008,1.5545,3.7687,2.4876
4.008,1.5596,3.761,2.4825
4.0054,1.5647,3.7687,2.4748
3.9978,1.5596,3.7789,2.4876
4.0054,1.5545,3.7687,2.4876
4.0131,1.5673,3.761,2.4748
4.0054,1.5673,3.7687,2.4799
4.0054,1.5596,3.7712,2.4799
4.008,1.5596,3.7712,2.4825
4.0054,1.5673,3.7687,2.4748
4.0003,1.5596,3.7789,2.4799
4.0054,1.5545,3.7712,2.4799
4.0131,1.5596,3.7661,2.4723
4.0054,1.5647,3.7687,2.4748
4.0054,1.5571,3.7789,2.4774
4.0029,1.5545,3.7712,2.485
4.008,1.5596,3.7636,2.4825
4.0131,1.5673,3.7687,2.4748
3.9978,1.5673,3.7763,2.4799
3.9978,1.5545,3.7712,2.485
4.0131,1.5571,3.761,2.4825
4.0029,1.5673,3.7687,2.4748
3.9952,1.5596,3.7738,2.4825
4.0054,1.5545,3.7687,2.4901
4.0054,1.5596,3.7687,2.485
4.0029,1.5596,3.7661,2.4774
4.0029,1.5596,3.7661,2.4825
4.0029,1.5596,3.7661,2.4901
4.0131,1.5596,3.7585,2.485
4.0054,1.5647,3.7661,2.4799
3.9978,1.5647,3.7687,2.485
4.0029,1.5596,3.7636,2.485
4.0054,1.5622,3.7636,2.4774
3.9978,1.5622,3.7712,2.485
4.0054,1.5571,3.7585,2.4927
4.0131,1.5622,3.7585,2.485
4.0054,1.5698,3.7687,2.4774
3.9978,1.5545,3.7712,2.4927
4.0029,1.5571,3.7636,2.4927
4.008,1.5673,3.7585,2.4876
4.0029,1.5673,3.7636,2.485
3.9978,1.5622,3.7687,2.4927
4.0029,1.5571,3.761,2.4952
4.0105,1.5622,3.7559,2.4799
4.0054,1.5622,3.7636,2.4799
4.0054,1.5622,3.761,2.485
4.0054,1.5622,3.761,2.4927
4.0029,1.5622,3.7636,2.4876
4.0054,1.5622,3.761,2.4799
4.0054,1.5622,3.7636,2.485
4.0054,1.5622,3.761,2.4927
4.0054,1.5596,3.761,2.485
4.0029,1.5622,3.761,2.4825
4.0029,1.5622,3.761,2.485
4.0029,1.5622,3.7636,2.485
4.0054,1.5596,3.761,2.485
4.0105,1.5622,3.7636,2.485
4.0029,1.5622,3.7636,2.4825
3.9978,1.5596,3.7687,2.4927
4.008,1.5571,3.7585,2.4901
4.008,1.5698,3.7585,2.4825
4.0029,1.5698,3.7636,2.485
3.9978,1.5622,3.7687,2.485
4.0054,1.5571,3.761,2.4927
4.0105,1.5622,3.7534,2.4799
4.0054,1.5698,3.7636,2.485
3.9978,1.5596,3.7687,2.4876
4.0029,1.5571,3.7636,2.4927
4.008,1.5647,3.7559,2.4825
4.0029,1.5673,3.7585,2.4799
3.9978,1.5571,3.7661,2.4927
4.008,1.5571,3.7534,2.4952
4.008,1.5698,3.7585,2.4799
3.9978,1.5698,3.7585,2.4876
4.0029,1.5571,3.7585,2.4952
4.0054,1.5647,3.7534,2.4876
4.0029,1.5622,3.761,2.4876
3.9978,1.5622,3.7585,2.4876
4.0029,1.5596,3.761,2.4876
4.008,1.5596,3.7559,2.485
4.0029,1.5647,3.761,2.4876
3.9978,1.5622,3.7687,2.4876
4.0029,1.5545,3.7585,2.485
4.0105,1.5622,3.7585,2.4876
4.0029,1.5698,3.761,2.485
4.0029,1.5622,3.7585,2.4876
4.0029,1.5571,3.761,2.4876
4.0105,1.5622,3.7534,2.485
4.0003,1.5596,3.7585,2.4876
4.0003,1.5647,3.7585,2.4927
4.0105,1.5622,3.7559,2.4876
4.0029,1.5673,3.7585,2.4825
3.9952,1.5622,3.7661,2.4876
4.0054,1.5622,3.761,2.4876
4.0029,1.5647,3.7585,2.4876
4.0029,1.5596,3.761,2.4876
4.0029,1.5571,3.7636,2.4927
4.008,1.5622,3.7559,2.485
4.0003,1.5673,3.7636,2.4825
3.9978,1.5596,3.7687,2.485
4.0029,1.5571,3.761,2.4927
4.008,1.5622,3.7559,2.4799
3.9978,1.5673,3.7687,2.485
4.0029,1.5571,3.761,2.4901
4.008,1.5622,3.7585,2.4799
4.0029,1.5673,3.761,2.4799
3.9978,1.5596,3.7687,2.485
4.0029,1.5545,3.7636,2.485
4.0054,1.5596,3.761,2.4825
4.0003,1.5622,3.7636,2.485
4.0029,1.5622,3.7636,2.4901
4.0029,1.5596,3.7636,2.485
4.0003,1.5622,3.7636,2.4799
3.9952,1.5596,3.7687,2.485
4.0029,1.5571,3.7636,2.4901
4.008,1.5596,3.7585,2.4825
4.0029,1.5596,3.761,2.4774
4.0029,1.5622,3.7636,2.485
4.0029,1.5571,3.7636,2.4901
4.008,1.5596,3.7585,2.485
4.0003,1.5673,3.7636,2.485
3.9952,1.5596,3.7687,2.485
4.0029,1.5571,3.7636,2.4825
4.0105,1.5622,3.7559,2.485
4.0029,1.5698,3.7585,2.485
3.9952,1.5622,3.7661,2.485
4.0029,1.5622,3.761,2.4876
4.0054,1.5698,3.7585,2.4799
3.9952,1.5647,3.7636,2.4927
4.0105,1.5571,3.7559,2.4901
4.008,1.5698,3.7585,2.4799
3.9952,1.5622,3.7687,2.485
4.0003,1.5571,3.761,2.4952
4.0029,1.5647,3.7585,2.4799
3.9978,1.5647,3.7687,2.4876
4.0029,1.5571,3.7559,2.4952
4.008,1.5596,3.7534,2.4799
3.9952,1.5673,3.7661,2.485
3.9978,1.5571,3.7661,2.4952
4.008,1.5622,3.7585,2.4876
4.0003,1.5698,3.7585,2.4876
4.0029,1.5622,3.7585,2.4952
4.0003,1.5622,3.7585,2.4876
4.0029,1.5673,3.7585,2.4799
3.9952,1.5596,3.7661,2.485
4.0029,1.5571,3.7585,2.4927
4.0054,1.5622,3.7508,2.4876
4.0029,1.5698,3.7585,2.485
3.9978,1.5571,3.7661,2.4952
4.0029,1.5571,3.7585,2.4952
4.008,1.5622,3.7534,2.4876
4.0029,1.5673,3.7585,2.485
3.9952,1.5622,3.7585,2.4876
4.0029,1.5571,3.7585,2.485
4.008,1.5698,3.7534,2.4799
3.9952,1.5673,3.7661,2.4825
3.9952,1.5596,3.7661,2.4927
4.008,1.5571,3.7534,2.485
4.0029,1.5698,3.7585,2.4799
3.9978,1.5596,3.7661,2.4876
4.0003,1.5571,3.761,2.4876
4.0054,1.5596,3.7534,2.485
4.0029,1.5698,3.7585,2.4876
4.0029,1.5622,3.761,2.4901
4.0029,1.5622,3.7585,2.485
4.008,1.5622,3.761,2.485
4.0029,1.5622,3.7585,2.485
4.0029,1.5622,3.7585,2.4927
4.0131,1.5622,3.7559,2.485
4.0029,1.5724,3.7585,2.485
4.0054,1.5647,3.761,2.4927
4.0131,1.5647,3.7585,2.485
4.0054,1.5698,3.7585,2.4774
3.9952,1.5647,3.7687,2.4876
4.0029,1.5571,3.761,2.4927
4.008,1.5596,3.7534,2.4876
4.0105,1.5698,3.7534,2.4799
3.9978,1.5698,3.7661,2.4799
3.9978,1.5571,3.7636,2.4901
4.0105,1.5596,3.7559,2.4927
4.0105,1.5698,3.7559,2.4774
3.9978,1.5673,3.7687,2.485
3.9952,1.5571,3.7687,2.4901
4.008,1.5571,3.7534,2.485
4.0105,1.5698,3.7559,2.4774
3.9978,1.5673,3.7636,2.4799
4.0054,1.5622,3.761,2.4876
4.0054,1.5571,3.7534,2.4952
4.0131,1.5698,3.7508,2.4799
3.9952,1.5698,3.7687,2.4799
3.9978,1.5571,3.7585,2.4927
4.0131,1.5622,3.7534,2.485
4.0054,1.5698,3.7559,2.485
3.9978,1.5622,3.7636,2.4927
4.0029,1.5571,3.7585,2.485
4.008,1.5596,3.7508,2.485
4.0054,1.5698,3.7585,2.4876
3.9978,1.5673,3.7661,2.485
4.0054,1.5571,3.7585,2.4901
4.0105,1.5622,3.7508,2.485
4.0029,1.5698,3.7585,2.4799
3.9978,1.5622,3.7636,2.4876
4.0054,1.5545,3.7585,2.4927
4.0131,1.5622,3.7534,2.4774
4.0054,1.5647,3.7636,2.4799
3.9978,1.5622,3.7585,2.4876
4.0054,1.5571,3.7508,2.4927
4.0105,1.5698,3.7508,2.4825
3.9978,1.5724,3.7585,2.485
4.0054,1.5647,3.7559,2.485
4.0029,1.5647,3.7585,2.485
4.0054,1.5647,3.7508,2.4876
4.008,1.5622,3.7559,2.485
4.0029,1.5622,3.7559,2.485
4.0054,1.5571,3.7585,2.485
4.0054,1.5622,3.7585,2.485
4.0054,1.5698,3.7559,2.485
3.9978,1.5622,3.7585,2.485
4.0054,1.5647,3.7585,2.4952
4.0105,1.5622,3.7534,2.4825
4.0003,1.5698,3.7585,2.485
3.9978,1.5622,3.7661,2.4927
4.0029,1.5571,3.7585,2.4901
4.0105,1.5622,3.7534,2.485
4.0054,1.5673,3.761,2.4774
3.9978,1.5622,3.7661,2.485
4.0054,1.5647,3.761,2.4876
4.0029,1.5622,3.7585,2.485
4.0105,1.5622,3.7534,2.4876
4.008,1.5673,3.7585,2.485
3.9978,1.5622,3.7661,2.4825
4.0054,1.5571,3.761,2.4825
4.0029,1.5622,3.7559,2.485
4.0029,1.5673,3.7636,2.485
4.0003,1.5622,3.7687,2.4825
4.0054,1.5545,3.761,2.4901
4.008,1.5622,3.7636,2.4825
4.0029,1.5622,3.7636,2.4825
4.0029,1.5622,3.7636,2.4901
4.0105,1.5622,3.7559,2.4825
4.0054,1.5673,3.761,2.4748
3.9978,1.5622,3.7712,2.4901
4.0054,1.5545,3.7636,2.4901
4.0105,1.5673,3.7585,2.4748
3.9952,1.5698,3.7687,2.4748
3.9978,1.5545,3.7661,2.4901
4.008,1.5571,3.761,2.4876
4.0105,1.5596,3.7559,2.4774
4.0054,1.5673,3.761,2.4774
3.9978,1.5622,3.7687,2.4876
4.0029,1.5571,3.7559,2.4901
4.008,1.5622,3.7585,2.4748
3.9978,1.5673,3.7687,2.4774
3.9978,1.5571,3.7661,2.485
4.008,1.5596,3.7559,2.4901
4.0105,1.5673,3.7559,2.4748
4.0003,1.5698,3.7687,2.4825
3.9978,1.5545,3.7661,2.4876
4.0105,1.5596,3.7559,2.4825
4.0054,1.5647,3.761,2.4748
3.9978,1.5622,3.7687,2.4825
4.0029,1.5571,3.761,2.4876
4.0054,1.5647,3.761,2.4825
4.0054,1.5622,3.7661,2.4748
4.0054,1.5596,3.761,2.4825
4.0029,1.5622,3.7636,2.485
4.0029,1.552,3.7636,2.485
4.0105,1.5596,3.7636,2.4825
4.0054,1.5673,3.761,2.4748
3.9978,1.5596,3.7712,2.4825
4.0029,1.5571,3.7636,2.4825
4.008,1.5596,3.7585,2.4825
4.0054,1.5698,3.7661,2.4748
3.9978,1.5596,3.7738,2.4799
4.0029,1.5596,3.7661,2.4901
4.008,1.5596,3.7585,2.4825
4.0054,1.5673,3.7636,2.4723
3.9952,1.5596,3.7712,2.4825
4.0054,1.5571,3.7636,2.4876
4.008,1.5622,3.7585,2.4825
4.0029,1.5673,3.7636,2.4723
3.9978,1.5596,3.7687,2.4825
4.0029,1.5545,3.7636,2.4876
4.008,1.5596,3.7585,2.4825
4.0054,1.5673,3.761,2.4748
3.9978,1.5622,3.7687,2.4825
4.0029,1.5545,3.761,2.485
4.008,1.5571,3.7585,2.4748
4.0054,1.5673,3.761,2.4748
4.0003,1.5545,3.7687,2.485
4.0029,1.5545,3.761,2.4876
4.008,1.5622,3.7585,2.4774
3.9978,1.5673,3.761,2.4748
3.9978,1.5596,3.7687,2.4825
4.0029,1.5545,3.7559,2.4901
4.0105,1.5698,3.7559,2.4774
4.008,1.5673,3.761,2.4774
3.9978,1.5622,3.7712,2.485
4.0054,1.5545,3.7559,2.4901
4.0105,1.5673,3.7585,2.4774
3.9978,1.5673,3.7661,2.4748
3.9978,1.5545,3.7712,2.4876
4.0029,1.5545,3.7636,2.4901
4.008,1.5596,3.7585,2.4825
4.0003,1.5698,3.7712,2.4799
4.0029,1.5571,3.7661,2.4901
4.008,1.5622,3.7585,2.4825
4.0029,1.5673,3.7636,2.4774
3.9952,1.5596,3.7687,2.4825
4.0054,1.5571,3.7636,2.485
4.0029,1.5622,3.7636,2.4774
3.9927,1.5596,3.7687,2.485
4.0029,1.5545,3.761,2.4876
4.0105,1.5622,3.7559,2.4825
4.0054,1.5673,3.761,2.485
3.9978,1.5622,3.7687,2.485
4.0029,1.5571,3.761,2.485
4.0054,1.5622,3.7636,2.485
4.0054,1.5596,3.7661,2.485
4.0054,1.5571,3.761,2.4901
4.008,1.5698,3.7559,2.4774
3.9978,1.5622,3.7687,2.485
4.0029,1.5571,3.761,2.485
4.0029,1.5622,3.7636,2.485
4.0029,1.5673,3.761,2.485
4.0029,1.5596,3.761,2.4825
4.0054,1.5596,3.761,2.485
4.0029,1.5698,3.761,2.4799
3.9952,1.5622,3.7687,2.485
4.0029,1.5571,3.7636,2.4927
4.0105,1.5698,3.7534,2.4799
4.0029,1.5673,3.7687,2.4825
3.9978,1.5545,3.7661,2.4927
4.008,1.5596,3.7534,2.485
4.0029,1.5673,3.761,2.4825
3.9978,1.5622,3.7661,2.4927
4.0105,1.5571,3.7534,2.4927
4.0131,1.5673,3.7534,2.4799
3.9978,1.5622,3.7661,2.485
4.0054,1.5545,3.7585,2.4952
4.008,1.5596,3.7534,2.4876
4.0029,1.5698,3.761,2.4799
3.9952,1.5571,3.7636,2.4952
4.0029,1.5571,3.7585,2.4876
4.0105,1.5596,3.7585,2.4876
4.0029,1.5647,3.7585,2.4901
4.0029,1.5596,3.7585,2.4927
4.0029,1.5622,3.7585,2.4901
4.0029,1.5622,3.7585,2.4825
3.9952,1.5596,3.7636,2.4901
4.0054,1.5545,3.7585,2.4952
4.0105,1.5622,3.7508,2.4825
4.0003,1.5698,3.7585,2.4825
3.9978,1.5545,3.7636,2.4952
4.0156,1.5545,3.7534,2.4876
4.0105,1.5724,3.7559,2.4825
3.9978,1.5596,3.7661,2.4876
4.0029,1.5545,3.7585,2.4927
4.0105,1.5622,3.7534,2.4876
4.0054,1.5673,3.7585,2.4876
4.0054,1.5622,3.7585,2.4901
4.0105,1.5596,3.7559,2.485
4.0054,1.5673,3.7585,2.4799
4.0003,1.5571,3.7661,2.4876
4.0054,1.5571,3.761,2.4952
4.0131,1.5622,3.7534,2.4825
3.9978,1.5698,3.7687,2.4799
3.9978,1.5571,3.7687,2.4952
4.0105,1.5571,3.7559,2.4876
4.0105,1.5698,3.7534,2.4799
3.9978,1.5622,3.7636,2.4876
3.9978,1.5596,3.761,2.4927
4.0131,1.5622,3.7534,2.485
4.0054,1.5724,3.7636,2.4825
4.0003,1.5622,3.7687,2.4876
4.008,1.5545,3.761,2.4927
4.0131,1.5698,3.7559,2.4799
4.0054,1.5622,3.761,2.4876
4.008,1.5647,3.7636,2.4927
4.0131,1.5596,3.7559,2.485
4.008,1.5698,3.7636,2.4799
3.9978,1.5622,3.7687,2.485
4.0054,1.5545,3.7636,2.4901
4.0131,1.5698,3.7585,2.4825
3.9978,1.5673,3.7661,2.4799
3.9978,1.5698,3.7712,2.485
4.0029,1.5571,3.7687,2.4901
4.0131,1.5571,3.7636,2.4876
4.0054,1.5622,3.7636,2.485
4.008,1.5673,3.7636,2.485
4.0054,1.5647,3.7687,2.4876
4.008,1.5571,3.7661,2.4927
4.0131,1.5622,3.7585,2.485
4.0054,1.5698,3.7636,2.4825
4.0003,1.5698,3.7687,2.485
4.0003,1.5571,3.7712,2.4927
4.0156,1.5571,3.7636,2.485
4.0131,1.5698,3.7585,2.4799
4.0054,1.5622,3.7661,2.485
4.0054,1.5622,3.761,2.4927
4.008,1.5622,3.7661,2.485
4.0054,1.5647,3.7636,2.4799
4.008,1.5622,3.7636,2.485
4.0054,1.5571,3.7661,2.4952
4.0131,1.5622,3.7559,2.4774
4.0054,1.5698,3.7636,2.4825
4.0029,1.5622,3.7712,2.4876
4.008,1.5545,3.7661,2.4901
4.0105,1.5622,3.7585,2.4774
4.008,1.5698,3.7661,2.4774
4.0054,1.5647,3.7687,2.485
4.0105,1.5622,3.7661,2.485
4.008,1.5571,3.7661,2.4876
4.008,1.5622,3.7585,2.4876
4.0054,1.5673,3.7661,2.485
4.0003,1.5622,3.7738,2.4876
4.008,1.5571,3.7661,2.4927
4.0131,1.5622,3.7585,2.485
4.0054,1.5698,3.7661,2.4825
4.0054,1.5647,3.7687,2.4927
4.008,1.5622,3.7636,2.4952
4.0131,1.5571,3.7585,2.4876
4.0156,1.5622,3.7636,2.4799
4.008,1.5622,3.761,2.4876
4.008,1.5622,3.761,2.4952
4.0156,1.5622,3.7559,2.4876
4.008,1.5673,3.7636,2.4876
4.0003,1.5647,3.7661,2.4901
4.008,1.5596,3.761,2.4952
4.0131,1.5647,3.7559,2.4901
4.0131,1.5724,3.7559,2.485
4.008,1.5673,3.7585,2.4901
4.0105,1.5647,3.761,2.4901
4.008,1.5596,3.761,2.4901
4.0156,1.5673,3.7559,2.4901
4.008,1.5724,3.761,2.4901
4.0003,1.5673,3.7661,2.4952
4.008,1.5571,3.761,2.4952
4.0156,1.5673,3.7559,2.4901
4.008,1.5698,3.7636,2.485
4.0029,1.5647,3.7687,2.4901
4.008,1.5571,3.7636,2.4952
4.0156,1.5622,3.7559,2.4876
4.0156,1.5698,3.7559,2.485
4.0003,1.5724,3.7687,2.4876
4.0131,1.5622,3.761,2.4952
4.0131,1.5647,3.7585,2.4825
4.0105,1.5724,3.7585,2.4825
4.0029,1.5698,3.7687,2.4876
4.0003,1.5647,3.7636,2.4901
4.008,1.5622,3.761,2.4876
4.008,1.5622,3.7636,2.4876
4.0105,1.5622,3.7636,2.4876
4.0054,1.5622,3.7636,2.4952
4.0156,1.5622,3.7585,2.4876
4.0105,1.5698,3.7661,2.4825
4.0029,1.5571,3.7712,2.4952
4.0105,1.5596,3.761,2.4952
4.0156,1.5698,3.761,2.4825
4.0029,1.5698,3.7687,2.4876
4.0105,1.5571,3.7661,2.4927
4.0131,1.5622,3.7585,2.4901
4.008,1.5724,3.7661,2.4825
4.0029,1.5647,3.7738,2.4952
4.0131,1.5596,3.7661,2.4927
4.0156,1.5647,3.761,2.4799
4.0029,1.5724,3.7687,2.4876
4.008,1.5622,3.7738,2.4876
4.008,1.5571,3.7687,2.485
4.0156,1.5596,3.761,2.485
4.008,1.5698,3.7661,2.4825
4.0029,1.5698,3.7687,2.4876
4.0029,1.5571,3.7763,2.4927
4.0131,1.5571,3.761,2.485
4.0156,1.5698,3.7636,2.4799
4.0029,1.5698,3.7738,2.4825
4.0029,1.5571,3.7763,2.4927
4.008,1.5571,3.7687,2.4952
4.0156,1.5698,3.761,2.4825
