3.8117,1.6973,3.8171,2.5156
3.8193,1.6973,3.8069,2.508
3.8219,1.71,3.8095,2.5003
3.8168,1.71,3.8171,2.5003
3.8117,1.7024,3.8222,2.5054
3.8142,1.7024,3.8197,2.5054
3.8142,1.6973,3.8171,2.5054
3.8193,1.7024,3.8146,2.508
3.8142,1.7024,3.8095,2.4978
3.8142,1.71,3.8146,2.5029
3.8066,1.7049,3.8222,2.5105
3.8117,1.7024,3.812,2.5156
3.8117,1.7024,3.8146,2.5105
3.8193,1.7049,3.8044,2.5054
3.8193,1.71,3.8069,2.5029
3.804,1.71,3.8197,2.5029
3.8066,1.7049,3.8197,2.508
3.8117,1.7024,3.8146,2.5156
3.8117,1.7024,3.8171,2.508
3.8168,1.7024,3.8095,2.5105
3.8117,1.7075,3.8146,2.5029
3.8117,1.7024,3.8146,2.508
3.804,1.6973,3.8197,2.5156
3.8091,1.6973,3.8146,2.5156
3.8117,1.7024,3.8171,2.508
3.8142,1.7024,3.8146,2.5105
3.8066,1.7024,3.8171,2.5105
3.804,1.7075,3.8222,2.5156
3.8117,1.6973,3.8171,2.5156
3.8117,1.7024,3.8146,2.5105
3.8193,1.7024,3.8146,2.508
3.8117,1.7075,3.8146,2.5029
3.804,1.71,3.8197,2.5054
3.8117,1.7049,3.8146,2.5054
3.8142,1.6973,3.8146,2.508
3.8168,1.7024,3.8095,2.508
3.8117,1.7126,3.8171,2.5029
3.8066,1.7024,3.8222,2.508
3.8142,1.7024,3.8146,2.5156
3.8117,1.7024,3.8146,2.5105
3.8168,1.7024,3.8146,2.508
3.8142,1.71,3.8171,2.5029
3.804,1.71,3.8222,2.508
3.804,1.7024,3.8222,2.5156
3.8168,1.6973,3.8171,2.5156
3.8117,1.7024,3.8171,2.508
3.8168,1.7024,3.8171,2.508
3.8117,1.71,3.8146,2.5029
3.804,1.71,3.8197,2.5054
3.804,1.7024,3.8222,2.5156
3.8066,1.6948,3.8171,2.5105
3.8193,1.6973,3.8095,2.508
3.8168,1.7049,3.8146,2.5003
3.8117,1.71,3.8171,2.5003
3.8117,1.7024,3.8171,2.5054
3.8117,1.7049,3.8197,2.508
3.8091,1.6973,3.8171,2.5131
3.8168,1.7024,3.8171,2.508
3.8117,1.71,3.8171,2.5054
3.804,1.7024,3.8247,2.5054
3.8117,1.6973,3.8171,2.5131
3.8168,1.7024,3.812,2.508
3.8117,1.7126,3.8197,2.5003
3.804,1.7075,3.8247,2.5054
3.804,1.6948,3.8247,2.5131
3.8193,1.6973,3.812,2.5105
3.8168,1.7024,3.812,2.4978
3.8117,1.71,3.8197,2.5003
3.8015,1.7024,3.8273,2.5054
3.8066,1.6948,3.8247,2.5131
3.8168,1.6973,3.812,2.5054
3.8168,1.7024,3.8197,2.4978
3.8117,1.7024,3.8197,2.5054
3.804,1.7024,3.8247,2.5054
3.8091,1.6973,3.8197,2.5054
3.8168,1.7024,3.8146,2.5029
3.8168,1.7075,3.8146,2.4978
3.8091,1.7075,3.8197,2.4978
3.804,1.6998,3.8298,2.5105
3.8117,1.6973,3.8197,2.508
3.8091,1.7024,3.8222,2.5029
3.8091,1.6998,3.8171,2.4978
3.8117,1.71,3.8247,2.4952
3.8091,1.7024,3.8247,2.5029
3.8066,1.7024,3.8298,2.5029
3.8066,1.6973,3.8247,2.5105
3.8168,1.6998,3.8197,2.5029
3.8091,1.71,3.8247,2.4952
3.804,1.7024,3.8298,2.5029
3.8015,1.6973,3.8324,2.5105
3.8091,1.6998,3.8222,2.5029
3.8117,1.6998,3.8247,2.4952
3.8091,1.6998,3.8273,2.5003
3.8117,1.7024,3.8273,2.5003
3.8091,1.6922,3.8197,2.5054
3.8142,1.7049,3.8197,2.4952
3.804,1.7049,3.8298,2.4927
3.8015,1.6998,3.8349,2.5054
3.8091,1.6922,3.8273,2.508
3.8142,1.7024,3.8197,2.5003
3.8091,1.7075,3.8247,2.4952
3.8015,1.7024,3.8349,2.5003
3.8117,1.6948,3.8247,2.508
3.8066,1.7024,3.8273,2.5029
3.8091,1.6998,3.8247,2.4952
3.804,1.7075,3.8298,2.5029
3.804,1.6948,3.8298,2.508
3.8142,1.6948,3.8197,2.5029
3.8142,1.7075,3.8197,2.4952
3.8015,1.7024,3.8298,2.5029
3.8091,1.6948,3.8247,2.508
3.8142,1.6973,3.8222,2.5029
3.8091,1.7049,3.8273,2.4978
3.8015,1.6998,3.8298,2.5029
3.8091,1.6973,3.8222,2.5029
3.8142,1.7024,3.8171,2.5029
3.8066,1.7075,3.8247,2.4978
3.804,1.7075,3.8273,2.5029
3.8015,1.6922,3.8298,2.5105
3.8066,1.6922,3.8197,2.5105
3.8142,1.7024,3.8171,2.5029
3.8091,1.7024,3.8247,2.4978
3.8091,1.7024,3.8222,2.4952
3.804,1.7024,3.8273,2.5105
3.8091,1.6973,3.8222,2.5131
3.8142,1.7024,3.8171,2.5029
3.8142,1.7075,3.8171,2.4978
3.804,1.71,3.8298,2.5003
3.804,1.7024,3.8273,2.5054
3.8091,1.7024,3.8197,2.5105
3.8091,1.7024,3.8222,2.5054
3.8142,1.7024,3.8171,2.5029
3.8091,1.71,3.8222,2.4978
3.8015,1.71,3.8298,2.4978
3.7989,1.6948,3.8298,2.5105
3.8066,1.6973,3.8273,2.5105
3.8142,1.6973,3.8171,2.5105
3.8168,1.7024,3.8171,2.4952
3.8117,1.7075,3.8247,2.4952
3.8091,1.7024,3.8222,2.5003
3.8091,1.7024,3.8247,2.5003
3.8117,1.6973,3.8273,2.5029
3.8142,1.7024,3.8171,2.5029
3.8142,1.7075,3.8197,2.4952
3.8066,1.71,3.8247,2.4952
3.8015,1.7024,3.8349,2.5003
3.8117,1.7024,3.8298,2.5105
3.8168,1.6948,3.8171,2.5105
3.8142,1.7024,3.8222,2.5029
3.8117,1.7049,3.8247,2.4952
3.8066,1.7024,3.8247,2.5003
3.8142,1.6948,3.8247,2.5029
3.8142,1.7024,3.8197,2.5054
3.8117,1.7075,3.8247,2.4927
3.804,1.7024,3.8298,2.5003
3.8091,1.6973,3.8247,2.508
3.8168,1.7024,3.8171,2.5029
3.8168,1.7075,3.8197,2.4952
3.804,1.7075,3.8298,2.4952
3.804,1.7024,3.8298,2.5029
3.8066,1.6973,3.8171,2.5105
3.8142,1.7024,3.8171,2.4927
3.8117,1.7075,3.8222,2.4952
3.804,1.7024,3.8298,2.5003
3.8091,1.7024,3.8222,2.508
3.8091,1.7024,3.8222,2.5029
3.8168,1.7024,3.8222,2.5029
3.8091,1.71,3.8222,2.4952
3.8015,1.71,3.8222,2.5029
3.804,1.7024,3.8298,2.5003
3.8117,1.6973,3.8222,2.5054
3.8168,1.7024,3.8171,2.5029
3.8117,1.7024,3.8222,2.4952
3.8117,1.7024,3.8222,2.5029
3.804,1.7024,3.8222,2.5029
3.8117,1.6973,3.8222,2.5054
3.8168,1.7024,3.8197,2.5029
3.8091,1.71,3.8222,2.5003
3.804,1.7024,3.8273,2.5029
3.8091,1.6973,3.8222,2.508
3.8142,1.6973,3.8171,2.5029
3.8168,1.71,3.8171,2.4952
3.804,1.71,3.8222,2.4952
3.804,1.7049,3.8298,2.5003
3.8091,1.6973,3.8222,2.5054
3.8193,1.7024,3.8171,2.5029
3.8091,1.71,3.8222,2.5029
3.804,1.7024,3.8298,2.5003
3.8091,1.6973,3.8222,2.5054
3.8142,1.7024,3.8171,2.5029
3.8168,1.71,3.8171,2.4952
3.804,1.7075,3.8298,2.5003
3.8091,1.7024,3.8222,2.5003
3.8091,1.6998,3.8222,2.5029
3.8142,1.7024,3.8171,2.5029
3.8091,1.7075,3.8247,2.4952
3.8117,1.7024,3.8222,2.4952
3.804,1.6973,3.8273,2.508
3.8091,1.6973,3.8222,2.5029
3.8142,1.7024,3.8171,2.5029
3.8168,1.7075,3.8146,2.4978
3.804,1.7075,3.8273,2.4978
3.804,1.7024,3.8247,2.5054
3.8117,1.7024,3.8197,2.508
3.8168,1.6973,3.8197,2.5029
3.8142,1.7049,3.8197,2.5054
3.8117,1.71,3.8197,2.4978
3.804,1.7024,3.8247,2.5054
3.804,1.6973,3.8247,2.5105
3.8091,1.7024,3.8197,2.5054
3.8142,1.7075,3.8197,2.5054
3.8066,1.71,3.8171,2.5054
3.804,1.7049,3.8222,2.5029
3.804,1.6973,3.8247,2.5105
3.8066,1.6973,3.8095,2.5105
3.8142,1.7126,3.812,2.4978
3.8091,1.71,3.8171,2.5003
3.804,1.71,3.8222,2.5029
3.804,1.7049,3.8222,2.5131
3.8142,1.6973,3.8095,2.5131
3.8117,1.7024,3.8095,2.5054
3.8091,1.7126,3.8171,2.5003
3.8015,1.7024,3.8222,2.5054
3.8091,1.6998,3.8146,2.5131
3.8142,1.7024,3.8069,2.508
3.8117,1.7126,3.8095,2.5003
3.8091,1.7024,3.8171,2.5054
3.8066,1.7049,3.812,2.5054
3.8091,1.7024,3.8146,2.5054
3.8142,1.7024,3.8095,2.5054
3.8091,1.71,3.8146,2.5029
3.8015,1.7049,3.8222,2.508
3.8066,1.6973,3.8146,2.5054
3.8117,1.7024,3.8069,2.5054
3.8142,1.7126,3.8095,2.5003
3.804,1.7126,3.8222,2.5054
3.8015,1.6973,3.8222,2.5105
3.8142,1.6973,3.8095,2.5131
3.8142,1.71,3.8095,2.5003
3.8066,1.71,3.8222,2.5003
3.8015,1.7024,3.8197,2.5105
3.8142,1.6998,3.8095,2.5131
3.8066,1.7024,3.8069,2.5054
3.8091,1.7126,3.8146,2.5003
3.804,1.71,3.8197,2.5003
3.8015,1.7049,3.8197,2.5131
3.8091,1.6973,3.8171,2.5131
3.8066,1.7049,3.8146,2.5054
3.8142,1.7126,3.8069,2.5029
3.8015,1.7126,3.8222,2.5029
3.804,1.7075,3.8197,2.5054
3.8091,1.7024,3.812,2.5131
3.804,1.7075,3.8095,2.508
3.8142,1.7024,3.8069,2.508
3.8142,1.7126,3.8069,2.5003
3.8091,1.71,3.812,2.5029
3.8015,1.7049,3.8197,2.508
3.8015,1.6998,3.8197,2.5131
3.8117,1.6998,3.812,2.5156
3.8142,1.7049,3.8044,2.5029
3.8015,1.7126,3.8197,2.5003
3.804,1.6998,3.8197,2.5131
3.8142,1.6998,3.8069,2.5131
3.8142,1.7049,3.8069,2.5003
3.8066,1.71,3.8146,2.5003
3.8015,1.7049,3.8197,2.5156
3.8066,1.6998,3.8171,2.5131
3.8142,1.7049,3.8095,2.5003
3.8091,1.7126,3.8171,2.508
3.8015,1.7049,3.8197,2.5054
3.804,1.6998,3.8222,2.5131
3.8091,1.6973,3.8146,2.5156
3.8168,1.7024,3.8095,2.508
3.8066,1.7024,3.8095,2.5003
3.8015,1.71,3.8222,2.4978
3.804,1.6998,3.8197,2.5105
3.8066,1.6998,3.8171,2.5131
3.804,1.7024,3.8171,2.5054
3.8066,1.7024,3.812,2.5054
3.8066,1.71,3.8171,2.5054
3.8091,1.7049,3.8197,2.5029
3.8066,1.6973,3.8171,2.5054
3.8142,1.7024,3.812,2.5054
3.8091,1.7075,3.8197,2.4978
3.8015,1.7024,3.8273,2.5105
3.8091,1.7024,3.8247,2.5105
3.8142,1.6973,3.8222,2.5105
3.8168,1.7024,3.812,2.5029
3.8091,1.7049,3.8197,2.4952
3.8091,1.7024,3.8247,2.5029
3.8091,1.7024,3.8197,2.508
3.8091,1.6998,3.8222,2.5029
3.8142,1.7024,3.8171,2.4952
3.8091,1.71,3.8222,2.4952
3.8015,1.7024,3.8247,2.5003
3.8066,1.6973,3.8247,2.5054
3.8142,1.7024,3.8171,2.5029
3.8066,1.7024,3.8146,2.4952
3.8015,1.71,3.8222,2.4952
3.804,1.7024,3.8298,2.5054
3.8066,1.6998,3.8171,2.508
3.8142,1.7024,3.8146,2.4952
3.8142,1.7075,3.8171,2.4952
3.804,1.71,3.8324,2.5029
3.8015,1.6973,3.8298,2.508
3.804,1.7024,3.8222,2.4978
3.8142,1.7075,3.8171,2.4927
3.804,1.71,3.8298,2.5003
3.804,1.6973,3.8298,2.5054
3.8142,1.6948,3.8171,2.5003
3.8168,1.7024,3.8171,2.4927
3.804,1.7075,3.8222,2.5003
3.8091,1.7024,3.8298,2.5029
3.8142,1.6948,3.8273,2.5003
3.8142,1.7024,3.8197,2.5003
3.8091,1.7024,3.8247,2.5003
3.804,1.7024,3.8349,2.4978
3.8117,1.6998,3.8273,2.5054
3.8142,1.7024,3.8222,2.4978
3.8091,1.7049,3.8247,2.4927
3.804,1.6998,3.8324,2.4978
3.8091,1.6948,3.8273,2.5054
3.8066,1.7024,3.8298,2.4978
3.8142,1.7075,3.8222,2.4901
3.8015,1.7075,3.8349,2.4978
3.804,1.6948,3.8324,2.5054
3.8142,1.6948,3.8197,2.508
3.8142,1.7049,3.8197,2.4952
3.8015,1.71,3.8298,2.4952
3.8015,1.6948,3.8298,2.5054
3.8066,1.6973,3.8247,2.508
3.8142,1.6998,3.8171,2.4952
3.8091,1.7075,3.8247,2.4952
3.8066,1.6998,3.8247,2.5003
3.8091,1.7024,3.8247,2.5003
3.8091,1.6973,3.8247,2.508
3.8142,1.7049,3.8197,2.5003
3.8091,1.7024,3.8171,2.5003
3.8091,1.7024,3.8222,2.5003
3.804,1.7024,3.8324,2.5003
3.8015,1.6948,3.8298,2.5054
3.8142,1.6973,3.8171,2.5054
3.8142,1.7024,3.8197,2.4952
3.8091,1.71,3.8298,2.4952
3.8015,1.7024,3.8298,2.5054
3.8091,1.6973,3.8247,2.508
3.8091,1.7024,3.8222,2.4978
3.8091,1.7024,3.8247,2.5003
3.8091,1.7024,3.8222,2.5003
3.804,1.7024,3.8298,2.4978
3.8091,1.6973,3.8247,2.5054
3.8066,1.6998,3.8222,2.5003
3.8066,1.7024,3.8247,2.4927
3.8091,1.71,3.8247,2.4978
3.804,1.7024,3.8298,2.4978
3.8015,1.6973,3.8349,2.5054
3.8066,1.6973,3.8197,2.5054
3.8066,1.7024,3.8197,2.4978
3.804,1.7075,3.8247,2.4927
3.7989,1.7024,3.8324,2.5003
3.8015,1.6973,3.8324,2.5029
3.8142,1.6973,3.8273,2.4978
3.8066,1.7024,3.8247,2.4978
3.8091,1.7075,3.8247,2.4978
3.8015,1.7024,3.8349,2.4978
3.8066,1.6998,3.8273,2.4978
3.8142,1.7024,3.8222,2.5003
3.8091,1.7075,3.8273,2.4978
3.804,1.7024,3.8349,2.4952
3.8091,1.6948,3.8273,2.5054
3.8142,1.7024,3.8197,2.4978
3.8091,1.7024,3.8222,2.4927
3.804,1.71,3.8298,2.4927
3.804,1.6948,3.8349,2.4978
3.8091,1.6948,3.8273,2.5003
3.8142,1.6998,3.8222,2.4978
3.8091,1.7075,3.8298,2.4952
3.8015,1.7024,3.8324,2.4978
3.8091,1.7024,3.8273,2.5054
3.8091,1.7024,3.8273,2.4978
3.8142,1.7024,3.8273,2.4978
3.8066,1.7075,3.8273,2.4927
3.804,1.7075,3.8324,2.4927
3.8015,1.6948,3.8349,2.5054
3.8091,1.6948,3.8273,2.5054
3.8142,1.6948,3.8298,2.4978
3.8091,1.7024,3.8222,2.4978
3.8142,1.7075,3.8197,2.4927
3.8015,1.7075,3.8324,2.4952
3.804,1.6998,3.8324,2.5029
3.8091,1.6973,3.8197,2.5029
3.8142,1.7024,3.8222,2.4927
3.8117,1.7075,3.8273,2.4927
3.8091,1.7024,3.8273,2.4952
3.804,1.7024,3.8273,2.4978
3.8091,1.6948,3.8273,2.5029
3.8142,1.6998,3.8197,2.4978
3.8091,1.7024,3.8247,2.4978
3.8091,1.7075,3.8273,2.4952
3.804,1.7024,3.8298,2.4952
3.8015,1.6973,3.8298,2.508
3.8066,1.6973,3.8273,2.5054
3.8168,1.6998,3.8171,2.4952
3.8091,1.7024,3.8273,2.4901
3.8091,1.7024,3.8273,2.4978
3.804,1.7024,3.8324,2.4952
3.8015,1.6948,3.8324,2.5054
3.8142,1.6948,3.8197,2.5054
3.8142,1.71,3.8197,2.4927
3.8066,1.6998,3.8247,2.4901
3.8066,1.7024,3.8247,2.5003
3.8091,1.7024,3.8247,2.4978
3.8066,1.6998,3.8247,2.5054
3.8142,1.6948,3.8197,2.4978
3.8142,1.7075,3.8197,2.4927
3.8066,1.7075,3.8247,2.4927
3.8015,1.7024,3.8324,2.4978
3.804,1.6973,3.8298,2.5054
3.8091,1.6948,3.8247,2.5054
3.8091,1.6998,3.8222,2.4978
3.8117,1.7024,3.8247,2.5003
3.8117,1.7075,3.8222,2.4978
3.804,1.7075,3.8298,2.5003
3.8091,1.7024,3.8222,2.4978
3.8066,1.6973,3.8222,2.5054
3.8142,1.6998,3.8146,2.5003
3.8117,1.7075,3.8146,2.4952
3.8091,1.7075,3.8273,2.4952
3.8015,1.7024,3.8298,2.5003
3.8066,1.6973,3.8222,2.5003
3.8142,1.7024,3.8171,2.5003
3.8142,1.71,3.8146,2.4952
3.8015,1.71,3.8273,2.5003
3.8015,1.6973,3.8298,2.508
3.8168,1.6973,3.8146,2.5054
3.8142,1.7024,3.8197,2.5003
3.8066,1.71,3.8197,2.5003
3.7989,1.7024,3.8298,2.5003
3.804,1.6973,3.8222,2.508
3.8142,1.7024,3.8171,2.5029
3.8142,1.71,3.8146,2.4927
3.804,1.7075,3.8273,2.5003
3.8015,1.6998,3.8273,2.508
3.8142,1.6998,3.8171,2.5003
3.8168,1.71,3.8171,2.4927
3.8066,1.7024,3.8247,2.5003
3.804,1.7024,3.8298,2.4978
3.8015,1.6973,3.8298,2.5054
3.8142,1.6973,3.8171,2.5054
3.8142,1.7024,3.8171,2.4978
3.8091,1.71,3.8247,2.4952
3.8091,1.7024,3.8222,2.4978
3.8091,1.7024,3.8324,2.4978
3.8091,1.6948,3.8247,2.5029
3.8142,1.7024,3.8171,2.4978
3.8117,1.7075,3.8171,2.4927
3.7989,1.7075,3.8298,2.4952
3.7989,1.7024,3.8298,2.5054
3.8066,1.6948,3.8273,2.4978
3.8091,1.7024,3.8171,2.4978
3.8066,1.7024,3.8247,2.5003
3.8066,1.7024,3.8298,2.4978
3.8066,1.6948,3.8247,2.5054
3.8117,1.7024,3.8197,2.4978
3.8091,1.7075,3.8273,2.4952
3.8015,1.7024,3.8324,2.4978
3.8066,1.6948,3.8247,2.5054
3.8142,1.7024,3.8222,2.4978
3.8117,1.7126,3.8197,2.4901
3.8015,1.7024,3.8324,2.4978
3.8066,1.6922,3.8298,2.5054
3.8117,1.6998,3.8222,2.4978
3.8091,1.7075,3.8298,2.4927
3.8015,1.7024,3.8298,2.4978
3.804,1.6973,3.8247,2.5054
3.8066,1.6998,3.8298,2.4978
3.8066,1.6998,3.8247,2.4901
3.8066,1.7024,3.8273,2.4978
3.8015,1.6998,3.8349,2.4978
3.804,1.6973,3.8273,2.4978
3.8142,1.6998,3.8197,2.4978
3.8066,1.7024,3.8298,2.4927
3.8015,1.6973,3.8349,2.4978
3.8066,1.6922,3.8247,2.5054
3.8142,1.6998,3.8222,2.4978
3.804,1.7075,3.8298,2.4978
3.8015,1.7024,3.8349,2.4978
3.8015,1.6897,3.8298,2.5054
3.8117,1.6973,3.8197,2.5029
3.8117,1.7024,3.8247,2.4927
3.8066,1.7075,3.8349,2.4927
3.7989,1.7024,3.8349,2.4978
3.804,1.7024,3.8273,2.5054
3.8066,1.6922,3.8273,2.4952
3.8091,1.6998,3.8197,2.4952
3.8091,1.71,3.8298,2.4901
3.7989,1.7075,3.8324,2.4952
3.804,1.6948,3.8298,2.4978
3.8142,1.7024,3.8197,2.5003
3.8066,1.7075,3.8273,2.4927
