2.0273,0.87644,2.0328,1.3019
2.0248,0.86879,2.0354,1.3019
2.0273,0.86624,2.0328,1.3019
2.0273,0.87134,2.0328,1.2968
2.0197,0.86879,2.0354,1.3019
2.0248,0.86624,2.0328,1.307
2.0324,0.87134,2.0252,1.3019
2.0248,0.87644,2.0303,1.2968
2.0197,0.87134,2.0354,1.3095
2.0299,0.86369,2.0252,1.3019
2.0273,0.87644,2.0303,1.2942
2.0197,0.86879,2.0405,1.2993
2.0273,0.86369,2.0328,1.3095
2.0324,0.86879,2.0252,1.3019
2.0248,0.87644,2.0328,1.3019
2.0248,0.86879,2.0303,1.3019
2.0222,0.87134,2.0328,1.3019
2.0273,0.87644,2.0303,1.2942
2.0222,0.86879,2.0354,1.3019
2.0273,0.86114,2.0303,1.3095
2.0299,0.87134,2.0252,1.3019
2.0248,0.87644,2.0303,1.2968
2.0197,0.87134,2.0354,1.3019
2.0248,0.86369,2.0303,1.3095
2.0324,0.86879,2.0252,1.3019
2.0248,0.87644,2.0303,1.3019
2.0248,0.86879,2.0303,1.3019
2.0273,0.87134,2.0303,1.3019
2.0248,0.87644,2.0303,1.2942
2.0171,0.86879,2.0354,1.3019
2.0324,0.86624,2.0252,1.307
2.0299,0.87644,2.0252,1.2968
2.0171,0.87899,2.0379,1.3019
2.0273,0.86369,2.0303,1.3095
2.0324,0.86879,2.0252,1.2968
2.0248,0.87644,2.0303,1.2942
2.0171,0.86624,2.0379,1.307
2.0324,0.86369,2.0226,1.307
2.0324,0.87134,2.0252,1.2942
2.0197,0.87644,2.0379,1.3019
2.0248,0.86369,2.0328,1.3095
2.0299,0.86879,2.0252,1.3019
2.0273,0.87644,2.0303,1.3019
2.0197,0.87134,2.0354,1.3019
2.0248,0.86879,2.0303,1.3019
2.0248,0.87134,2.0328,1.3044
2.0248,0.87134,2.0303,1.3019
2.0273,0.87134,2.0303,1.3121
2.0299,0.87134,2.0252,1.3019
2.0248,0.87389,2.0303,1.2942
2.0171,0.86879,2.0379,1.3019
2.0248,0.86369,2.0328,1.3019
2.0248,0.86879,2.0328,1.3019
2.0248,0.87134,2.0303,1.3019
2.0248,0.86879,2.0328,1.3095
2.0248,0.87134,2.0328,1.3019
2.0171,0.87644,2.0303,1.2942
2.0197,0.86879,2.0354,1.3019
2.0273,0.86369,2.0303,1.3019
2.0324,0.86879,2.0328,1.3019
2.0248,0.86879,2.0303,1.3019
2.0171,0.86879,2.0303,1.3019
2.0248,0.86879,2.0303,1.3019
2.0248,0.86879,2.0277,1.2942
2.0197,0.86879,2.0354,1.3019
2.0248,0.86369,2.0303,1.307
2.0299,0.86879,2.0252,1.2968
2.0197,0.87644,2.0379,1.2942
2.0197,0.86114,2.0379,1.307
2.0324,0.87134,2.0252,1.3019
2.0273,0.87389,2.0303,1.2993
2.0171,0.86879,2.0354,1.3019
2.0248,0.87134,2.0277,1.307
2.0299,0.86879,2.0252,1.2968
2.0197,0.87899,2.0303,1.2942
2.0197,0.86879,2.0379,1.3019
2.0248,0.86624,2.0303,1.307
2.0299,0.86879,2.0252,1.2993
2.0273,0.87389,2.0328,1.2917
2.0197,0.87134,2.0379,1.3019
2.0273,0.86369,2.0252,1.307
2.0324,0.87644,2.0252,1.2942
2.0248,0.87644,2.0405,1.2942
2.0197,0.86369,2.0379,1.307
2.0299,0.86369,2.0252,1.3019
2.0324,0.87389,2.0277,1.2942
2.0197,0.87644,2.0379,1.3019
2.0171,0.86879,2.0328,1.3019
2.0273,0.86369,2.0328,1.3019
2.0299,0.86879,2.0252,1.3019
2.0248,0.87644,2.0328,1.2942
2.0197,0.86879,2.0379,1.3019
2.0197,0.86369,2.0405,1.307
2.0324,0.86369,2.0252,1.307
2.0324,0.86624,2.0252,1.2942
2.0273,0.87644,2.0405,1.2968
2.0171,0.86114,2.0379,1.307
2.0324,0.86624,2.0252,1.3019
2.0248,0.87644,2.0328,1.2942
2.0197,0.87134,2.0405,1.3019
2.0273,0.87134,2.0328,1.3019
2.0324,0.87389,2.0252,1.2942
2.0197,0.87389,2.0405,1.3019
2.0197,0.86369,2.0405,1.307
2.0324,0.86624,2.0252,1.3019
2.0324,0.87644,2.0252,1.2942
2.0248,0.86879,2.0328,1.3019
2.0222,0.87134,2.0379,1.3019
2.0273,0.86369,2.0328,1.307
2.0324,0.86624,2.0252,1.3019
2.0324,0.87644,2.0252,1.2942
2.0273,0.87134,2.0303,1.3019
2.0197,0.86879,2.0354,1.3019
2.0273,0.86369,2.0328,1.3095
2.0299,0.86879,2.0277,1.3019
2.0273,0.86624,2.0354,1.2968
2.0197,0.87134,2.0405,1.2993
2.0273,0.86114,2.0328,1.307
2.035,0.86879,2.0277,1.3019
2.0299,0.87389,2.0252,1.2942
2.0222,0.87644,2.0379,1.3019
2.0273,0.86879,2.0328,1.3019
2.0273,0.86879,2.0328,1.3019
2.0324,0.86879,2.0328,1.3019
2.0248,0.87899,2.0379,1.2968
2.0197,0.86624,2.0379,1.307
2.0248,0.86624,2.0328,1.3095
2.0324,0.86879,2.0277,1.2968
2.0197,0.87389,2.0328,1.2968
2.0171,0.86879,2.0405,1.3121
2.0248,0.86369,2.0328,1.307
2.0324,0.87134,2.0277,1.3019
2.0273,0.87134,2.0354,1.2942
2.0299,0.86879,2.0328,1.3019
2.0248,0.87134,2.0328,1.307
2.0299,0.86624,2.0328,1.3019
2.0248,0.87389,2.0328,1.3019
2.0273,0.87644,2.0354,1.3019
2.0248,0.86879,2.0405,1.3019
2.0248,0.86369,2.0328,1.3019
2.0273,0.87134,2.0252,1.3019
2.0248,0.87644,2.0328,1.2942
2.0248,0.86879,2.0354,1.3019
2.0273,0.86879,2.0354,1.3019
2.0273,0.86879,2.0328,1.2968
2.0248,0.86624,2.0354,1.3019
2.0222,0.86879,2.0328,1.3019
2.0273,0.86369,2.0277,1.3095
2.0324,0.87644,2.0252,1.2942
2.0273,0.87644,2.0328,1.2942
2.0248,0.87134,2.0405,1.3019
2.0273,0.86369,2.0328,1.3095
2.0324,0.86879,2.0252,1.2917
2.0299,0.86879,2.0354,1.2917
2.0248,0.86879,2.0328,1.3019
2.0273,0.86879,2.0328,1.307
2.0273,0.86879,2.0328,1.3019
2.0273,0.86624,2.0328,1.3019
2.0273,0.87644,2.0328,1.2993
2.0273,0.86879,2.0328,1.2993
2.0273,0.86879,2.0328,1.3019
2.0273,0.86879,2.0252,1.3019
2.0299,0.86879,2.0303,1.3019
2.0197,0.87134,2.0379,1.3019
2.0248,0.86624,2.0328,1.3019
2.0324,0.86879,2.0277,1.3019
2.0273,0.87644,2.0328,1.2968
2.0197,0.87389,2.0405,1.3019
2.0197,0.86369,2.0379,1.3095
2.0324,0.86369,2.0252,1.3095
2.035,0.87644,2.0252,1.2968
2.0171,0.87899,2.0379,1.2968
2.0197,0.86369,2.0379,1.3095
2.0299,0.86369,2.0252,1.3095
2.0299,0.87644,2.0277,1.2942
2.0197,0.87644,2.0379,1.2968
2.0171,0.86624,2.0405,1.3121
2.0324,0.86369,2.0252,1.3044
2.0324,0.87389,2.0277,1.2968
2.0197,0.86879,2.0379,1.3095
2.0248,0.86369,2.0252,1.307
2.0324,0.86879,2.0252,1.2968
2.0197,0.87389,2.0379,1.2993
2.0197,0.86369,2.0405,1.3095
2.0299,0.86879,2.0328,1.3019
2.0273,0.87134,2.0252,1.2942
2.0273,0.86879,2.0303,1.3019
2.0248,0.86369,2.0303,1.3095
2.0324,0.86879,2.0252,1.3044
2.0273,0.87644,2.0328,1.3044
2.0248,0.86879,2.0328,1.3019
2.0273,0.86624,2.0328,1.3044
2.0273,0.86879,2.0303,1.2993
2.0248,0.86624,2.0303,1.3019
2.0248,0.86624,2.0328,1.3019
2.0248,0.86879,2.0328,1.3019
2.0273,0.86879,2.0328,1.3044
2.0273,0.87389,2.0354,1.3019
2.0197,0.86369,2.0405,1.3095
2.0299,0.86369,2.0252,1.3019
2.0299,0.87644,2.0252,1.2942
2.0197,0.87644,2.0379,1.3019
2.0197,0.86369,2.0328,1.3095
2.0324,0.87134,2.0252,1.3044
2.0273,0.87644,2.0303,1.2968
2.0197,0.86879,2.0328,1.3019
2.0273,0.86369,2.0328,1.3019
2.0248,0.87134,2.0252,1.2942
2.0197,0.87644,2.0379,1.2968
2.0197,0.86624,2.0328,1.307
2.0324,0.86879,2.0252,1.3019
2.0248,0.87389,2.0303,1.2968
2.0273,0.86879,2.0379,1.3095
2.0324,0.86369,2.0252,1.3019
2.0324,0.87644,2.0252,1.2968
2.0197,0.86879,2.0379,1.3019
2.0248,0.86369,2.0303,1.3095
2.0324,0.87134,2.0277,1.3019
2.0248,0.87899,2.0328,1.2993
2.0197,0.87644,2.0379,1.3019
2.0222,0.86369,2.0379,1.307
2.0299,0.86369,2.0354,1.3095
2.0299,0.86879,2.0252,1.3044
2.0273,0.87644,2.0354,1.2968
2.0197,0.86879,2.0405,1.307
2.0273,0.86369,2.0328,1.3095
2.0324,0.87134,2.0277,1.2993
2.0299,0.87644,2.0405,1.2968
2.0222,0.86369,2.0405,1.3095
2.0324,0.86369,2.0252,1.3095
2.0299,0.87389,2.0252,1.2968
2.0197,0.87644,2.0328,1.2942
2.0197,0.87134,2.0379,1.307
2.0248,0.86369,2.0328,1.307
2.035,0.86369,2.0277,1.3019
2.035,0.87644,2.0277,1.2968
2.0248,0.87389,2.0405,1.2968
2.0197,0.86624,2.0405,1.3095
2.0324,0.86369,2.0277,1.3019
2.0299,0.87644,2.0354,1.2968
2.0273,0.86879,2.0354,1.3019
2.0273,0.86369,2.0354,1.3019
2.035,0.86879,2.0277,1.3019
2.0299,0.87389,2.0354,1.2942
2.0248,0.86879,2.043,1.3019
2.0299,0.86879,2.0354,1.3019
2.0324,0.87134,2.0328,1.3019
2.0299,0.87644,2.0354,1.2942
2.0222,0.86879,2.0405,1.3019
2.0222,0.86369,2.0354,1.307
2.035,0.86369,2.0303,1.3019
2.0299,0.86624,2.0354,1.2942
2.0273,0.86879,2.0354,1.2993
2.0299,0.86879,2.0328,1.3044
2.0324,0.86369,2.0277,1.3019
2.035,0.86879,2.0354,1.2993
2.0299,0.86879,2.0328,1.3019
2.0299,0.87134,2.0405,1.307
2.0324,0.86114,2.0354,1.307
2.035,0.86624,2.0303,1.3019
2.0299,0.87644,2.0405,1.2942
2.0299,0.86879,2.0405,1.2993
2.0299,0.87134,2.0354,1.307
2.035,0.86369,2.0277,1.3095
2.035,0.87389,2.0277,1.2942
2.0299,0.87389,2.0405,1.2942
2.0222,0.86624,2.0405,1.307
2.0299,0.86369,2.0354,1.307
2.0299,0.86624,2.0277,1.2993
2.0273,0.86624,2.0354,1.3019
2.0273,0.86879,2.0328,1.3019
2.0248,0.86624,2.0379,1.307
2.0299,0.86369,2.0354,1.307
2.0273,0.86624,2.0354,1.3019
2.0299,0.86879,2.0328,1.3019
2.0299,0.87644,2.0354,1.3019
2.0273,0.86879,2.043,1.3019
2.0273,0.86369,2.0328,1.307
2.0299,0.86624,2.0354,1.3019
2.0273,0.87134,2.0354,1.2942
2.0299,0.86879,2.0354,1.3019
2.0299,0.86879,2.0354,1.307
2.0299,0.86624,2.0354,1.3019
2.0299,0.86879,2.0354,1.2942
2.0299,0.86879,2.0328,1.3019
2.0273,0.86624,2.0328,1.307
2.0299,0.86879,2.0328,1.3095
2.0324,0.87644,2.0252,1.2942
2.0273,0.87644,2.0405,1.2942
2.0222,0.86879,2.0405,1.3019
2.0273,0.86369,2.0328,1.3095
2.0299,0.86369,2.0277,1.2993
2.035,0.87644,2.0328,1.2993
2.0197,0.87644,2.043,1.2942
2.0248,0.86879,2.0405,1.3019
2.0273,0.86624,2.0379,1.2993
2.0273,0.86879,2.0354,1.2993
2.0299,0.86879,2.0354,1.3019
2.0299,0.86879,2.0354,1.3019
2.0222,0.86879,2.0405,1.3019
2.0222,0.86369,2.0405,1.3044
2.0324,0.86369,2.0277,1.307
2.0324,0.86624,2.0277,1.2993
2.0273,0.86879,2.0328,1.2917
2.0273,0.86879,2.0354,1.2993
2.0222,0.87134,2.0354,1.2993
2.0299,0.86369,2.0328,1.2993
2.0273,0.86879,2.0354,1.2993
2.035,0.87134,2.0252,1.3019
2.0299,0.87644,2.0328,1.2942
2.0299,0.86879,2.0354,1.3019
2.0273,0.86624,2.0405,1.3019
2.0273,0.86369,2.0328,1.3095
2.0324,0.86114,2.0277,1.2993
2.0324,0.87644,2.0277,1.2942
2.0273,0.87644,2.0354,1.2968
2.0197,0.87644,2.0379,1.3019
2.0171,0.86879,2.0379,1.307
2.0273,0.86369,2.0328,1.307
2.0248,0.86879,2.0328,1.3019
2.035,0.86624,2.0252,1.2968
2.0273,0.87389,2.0328,1.2968
2.0273,0.86879,2.0328,1.3019
2.0248,0.87134,2.0328,1.3019
2.0273,0.86879,2.0328,1.3019
2.0324,0.87134,2.0252,1.3019
2.0324,0.87134,2.0303,1.2968
2.0248,0.86879,2.0303,1.3019
2.0273,0.86879,2.0328,1.3044
2.0273,0.86879,2.0328,1.3044
2.0299,0.86879,2.0252,1.3019
2.0248,0.86879,2.0328,1.3019
2.0273,0.86879,2.0379,1.3044
2.0248,0.86369,2.0328,1.3044
2.0324,0.86879,2.0252,1.3019
2.0248,0.87644,2.0303,1.2968
2.0197,0.86879,2.0354,1.3044
2.0248,0.86369,2.0328,1.3095
2.0299,0.86879,2.0252,1.3044
2.0299,0.87389,2.0252,1.2993
2.0197,0.87644,2.0354,1.2993
2.0171,0.86369,2.0379,1.3121
2.0324,0.86369,2.0252,1.3121
2.0299,0.87389,2.0252,1.2993
2.0248,0.87389,2.0328,1.2968
2.0171,0.86369,2.0354,1.3095
2.0324,0.86624,2.0252,1.3044
2.0222,0.87644,2.0277,1.3019
2.0248,0.86879,2.0379,1.3044
2.0248,0.86369,2.0303,1.3044
2.0273,0.86879,2.0277,1.307
2.0273,0.86879,2.0277,1.307
2.0248,0.87134,2.0303,1.3121
2.0299,0.86879,2.0252,1.3044
2.0248,0.87389,2.0354,1.2968
2.0171,0.86879,2.0379,1.3121
2.0248,0.86369,2.0328,1.3121
2.0299,0.87134,2.0252,1.307
2.0248,0.87644,2.0303,1.2993
2.0171,0.86879,2.0354,1.3121
2.0299,0.86369,2.0277,1.3121
2.0299,0.87644,2.0252,1.2993
2.0197,0.87389,2.0379,1.307
2.0273,0.86114,2.0277,1.3121
2.0299,0.86879,2.0252,1.307
2.0171,0.87644,2.0379,1.3044
2.0248,0.86369,2.0303,1.3121
2.0299,0.86369,2.0252,1.307
2.0248,0.87389,2.0303,1.2993
2.0171,0.86879,2.0354,1.307
2.0222,0.86879,2.0277,1.3121
2.0299,0.86624,2.0226,1.307
2.0248,0.87389,2.0277,1.3019
2.0171,0.86879,2.0354,1.307
2.0248,0.86114,2.0277,1.307
2.0299,0.86879,2.0277,1.307
2.0248,0.86879,2.0303,1.307
2.0248,0.86879,2.0277,1.3121
2.0299,0.86624,2.0226,1.307
2.0248,0.87389,2.0303,1.3019
2.0171,0.86369,2.0354,1.3121
2.0299,0.86369,2.0303,1.3121
2.0299,0.86624,2.0226,1.3044
2.0248,0.86879,2.0277,1.307
2.0248,0.86369,2.0303,1.3121
2.0299,0.86879,2.0226,1.2993
2.0197,0.87644,2.0354,1.3044
2.0248,0.86369,2.0328,1.3121
2.0299,0.87134,2.0252,1.2993
2.0197,0.87389,2.0354,1.307
2.0197,0.86114,2.0354,1.3121
2.0324,0.86369,2.0226,1.307
2.0248,0.87389,2.0303,1.2993
2.0197,0.86879,2.0379,1.3044
2.0273,0.86369,2.0354,1.307
2.0299,0.86879,2.0252,1.3044
2.0248,0.87389,2.0328,1.3019
2.0197,0.86879,2.0354,1.3121
2.0299,0.86114,2.0277,1.3121
2.0299,0.86879,2.0303,1.3019
2.0248,0.86624,2.0303,1.3044
2.0299,0.86624,2.0303,1.3121
2.0324,0.86624,2.0252,1.2993
2.0248,0.87134,2.0303,1.2993
2.0197,0.86879,2.0379,1.307
2.0248,0.86624,2.0303,1.3121
2.0299,0.87389,2.0252,1.2993
2.0197,0.87389,2.0354,1.3019
2.0171,0.86369,2.0379,1.3121
2.0299,0.86624,2.0252,1.3044
2.0248,0.87389,2.0328,1.307
2.0197,0.86879,2.0354,1.307
2.0248,0.86879,2.0277,1.3044
2.0248,0.87389,2.0277,1.2993
2.0197,0.86369,2.0379,1.3121
2.0299,0.86369,2.0252,1.3121
2.0324,0.87389,2.0252,1.2993
2.0197,0.86879,2.0405,1.307
2.0248,0.86114,2.0303,1.3095
2.0324,0.87389,2.0252,1.2993
2.0197,0.87389,2.0405,1.3044
2.0222,0.86114,2.0277,1.3121
2.0299,0.86879,2.0252,1.3044
2.0248,0.87389,2.0303,1.307
2.0171,0.86879,2.0303,1.307
2.0248,0.86879,2.0328,1.307
2.0273,0.87644,2.0328,1.2993
2.0197,0.86879,2.0379,1.3044
2.035,0.86369,2.0252,1.3121
2.0299,0.87389,2.0226,1.2993
2.0197,0.86879,2.0354,1.3044
2.0248,0.86369,2.0328,1.3095
2.0248,0.86879,2.0303,1.307
2.0248,0.86879,2.0303,1.3044
2.0248,0.86624,2.0303,1.3121
2.0324,0.86879,2.0252,1.2993
2.0197,0.87389,2.0354,1.307
2.0248,0.86114,2.0277,1.3044
2.0299,0.86879,2.0252,1.307
2.0273,0.87644,2.0303,1.2993
2.0197,0.86879,2.0379,1.3044
2.0248,0.86369,2.0303,1.3121
2.0324,0.86879,2.0252,1.307
2.0222,0.87644,2.0303,1.3044
2.0197,0.86879,2.0379,1.3044
2.0248,0.86369,2.0328,1.3121
2.0324,0.86624,2.0252,1.3019
2.0248,0.87644,2.0303,1.2968
2.0197,0.86879,2.0303,1.3019
2.0273,0.86369,2.0252,1.3121
2.0324,0.86624,2.0252,1.2993
2.0197,0.87644,2.0303,1.3044
2.0273,0.86369,2.0303,1.3121
2.0324,0.86879,2.0226,1.307
2.0273,0.87389,2.0303,1.2993
2.0197,0.86879,2.0379,1.3044
2.0273,0.86879,2.0303,1.3044
2.0273,0.86879,2.0252,1.3044
2.0273,0.86879,2.0303,1.307
2.0248,0.86879,2.0303,1.3044
2.0273,0.86879,2.0328,1.3044
2.0273,0.86879,2.0303,1.2993
2.0273,0.86879,2.0277,1.3044
2.0248,0.86624,2.0328,1.3121
2.0324,0.86879,2.0226,1.3044
2.0273,0.86879,2.0303,1.3019
2.0273,0.86879,2.0328,1.3095
2.0299,0.86624,2.0252,1.307
2.0273,0.86879,2.0303,1.2993
2.0197,0.86879,2.0379,1.3044
2.0248,0.86369,2.0252,1.3121
2.0324,0.87644,2.0252,1.2993
2.0222,0.86879,2.0379,1.3044
2.0273,0.86369,2.0328,1.3095
2.0273,0.86879,2.0303,1.3044
2.0197,0.86879,2.0379,1.3019
2.0273,0.86624,2.0303,1.3044
2.0248,0.86879,2.0303,1.2968
2.0197,0.86624,2.0379,1.3044
2.0248,0.86369,2.0328,1.3121
2.0324,0.86879,2.0252,1.2993
2.0197,0.86879,2.0379,1.3044
2.0273,0.86369,2.0303,1.3121
2.0324,0.87134,2.0252,1.3044
2.0197,0.87644,2.0379,1.2993
2.0171,0.86114,2.0379,1.3019
2.0273,0.86369,2.0252,1.3044
2.0273,0.87134,2.0328,1.3044
2.0273,0.86369,2.0328,1.3095
2.0324,0.86879,2.0303,1.3044
2.0273,0.86879,2.0328,1.3019
2.0273,0.86369,2.0303,1.3121
2.035,0.87644,2.0226,1.3044
2.0222,0.87134,2.0379,1.3044
2.0299,0.86114,2.0328,1.3121
2.0324,0.87389,2.0252,1.2968
2.0197,0.87644,2.0405,1.307
2.0273,0.86369,2.0328,1.3095
2.035,0.86624,2.0252,1.3044
2.0273,0.86879,2.0328,1.3044
