1.7163,2.6431,3.9293,2.332
1.7138,2.6329,3.9267,2.3397
1.724,2.6405,3.9216,2.3295
1.7163,2.6482,3.9344,2.3269
1.7112,2.6354,3.9318,2.3397
1.724,2.6431,3.9216,2.3346
1.7189,2.6456,3.9267,2.3269
1.7112,2.638,3.9318,2.3371
1.724,2.6354,3.9191,2.332
1.7163,2.6482,3.9242,2.3244
1.7189,2.6405,3.9318,2.332
1.7138,2.6405,3.9267,2.332
1.7163,2.6482,3.9267,2.3269
1.7138,2.6431,3.9318,2.3397
1.7163,2.6354,3.9191,2.332
1.7189,2.6456,3.9242,2.3269
1.7112,2.6354,3.9293,2.3397
1.7214,2.6456,3.9216,2.332
1.7163,2.6405,3.9318,2.332
1.7189,2.638,3.9242,2.3397
1.7163,2.6431,3.9242,2.3295
1.7087,2.638,3.9318,2.3397
1.7265,2.638,3.9165,2.332
1.7163,2.6507,3.9267,2.332
1.7189,2.6431,3.9267,2.3397
1.724,2.6456,3.9191,2.332
1.7189,2.6482,3.9267,2.332
1.7138,2.6431,3.9242,2.332
1.7189,2.6456,3.9242,2.3295
1.7189,2.6507,3.9267,2.3244
1.7189,2.6431,3.9267,2.3295
1.7214,2.6431,3.9216,2.3244
1.7214,2.6507,3.9369,2.3218
1.7112,2.638,3.9344,2.3371
1.7265,2.6456,3.9216,2.3244
1.7138,2.6507,3.9369,2.3295
1.7189,2.638,3.9293,2.3346
1.7265,2.6456,3.9318,2.3269
1.7214,2.6456,3.9293,2.3269
1.7189,2.6405,3.9293,2.332
1.724,2.6405,3.9242,2.3244
1.7214,2.6507,3.9395,2.3218
1.7138,2.638,3.9369,2.332
1.724,2.6405,3.9267,2.3244
1.7189,2.6507,3.9318,2.3193
1.7112,2.6456,3.9395,2.3244
1.7189,2.6431,3.9318,2.3269
1.7214,2.6431,3.9318,2.3193
1.7138,2.6431,3.9369,2.3269
1.7189,2.6431,3.9318,2.3269
1.7189,2.6431,3.9318,2.3269
1.7189,2.6405,3.9318,2.3269
1.7189,2.6405,3.9293,2.332
1.724,2.6405,3.9242,2.3244
1.7189,2.6482,3.9318,2.3218
1.7138,2.6431,3.9369,2.3346
1.724,2.6354,3.9267,2.3269
1.7163,2.6507,3.9293,2.3218
1.7138,2.6431,3.9293,2.3269
1.724,2.6431,3.9216,2.3218
1.7189,2.6482,3.9369,2.3218
1.7138,2.638,3.9369,2.3346
1.724,2.6431,3.9216,2.332
1.7189,2.6507,3.9242,2.332
1.7189,2.6431,3.9267,2.332
1.7163,2.6456,3.9267,2.332
1.7163,2.6482,3.9242,2.3269
1.7112,2.6456,3.9344,2.3371
1.7189,2.638,3.9267,2.3371
1.724,2.6507,3.9191,2.3269
1.7112,2.6431,3.9318,2.332
1.7189,2.6431,3.9242,2.332
1.7163,2.6431,3.9293,2.3295
1.7189,2.6431,3.9267,2.332
1.7189,2.638,3.9216,2.3371
1.724,2.6431,3.9191,2.332
1.7138,2.6507,3.9318,2.3269
1.7112,2.638,3.9318,2.3371
1.724,2.6456,3.9191,2.332
1.7189,2.6507,3.9267,2.3295
1.7138,2.6456,3.9318,2.3371
1.724,2.638,3.9191,2.3397
1.7163,2.6431,3.9267,2.332
1.7163,2.6431,3.9216,2.332
1.7189,2.6456,3.9242,2.3371
1.7189,2.6431,3.9191,2.332
1.7163,2.6507,3.9267,2.3269
1.7138,2.6431,3.9293,2.332
1.7189,2.638,3.9242,2.3346
1.724,2.6431,3.9165,2.332
1.7189,2.6507,3.9242,2.3244
1.7112,2.6456,3.9318,2.332
1.7163,2.638,3.9242,2.3371
1.724,2.6456,3.9191,2.332
1.7189,2.6507,3.9242,2.332
1.7112,2.6431,3.9293,2.332
1.7163,2.6405,3.9216,2.3346
1.724,2.6456,3.9216,2.332
1.7138,2.6482,3.9242,2.3346
1.7214,2.638,3.9242,2.3397
1.724,2.6507,3.9165,2.3269
1.7138,2.6507,3.9293,2.332
1.7189,2.638,3.9242,2.3397
1.7163,2.6456,3.9242,2.332
1.7163,2.6431,3.9216,2.332
1.7163,2.638,3.9242,2.3397
1.724,2.6456,3.9191,2.332
1.7087,2.6456,3.9293,2.332
1.7163,2.638,3.9165,2.3397
1.724,2.6507,3.9191,2.3295
1.7112,2.6431,3.9293,2.332
1.7189,2.638,3.9242,2.332
1.7189,2.6456,3.9216,2.332
1.7163,2.6431,3.9293,2.3346
1.7163,2.6405,3.9165,2.3397
1.724,2.6456,3.9242,2.332
1.7138,2.6431,3.9216,2.332
1.7163,2.6405,3.9242,2.3397
1.724,2.6456,3.9165,2.3346
1.7138,2.6507,3.9293,2.3269
1.7163,2.638,3.9242,2.3397
1.724,2.6456,3.9191,2.332
1.7163,2.6456,3.9242,2.332
1.7189,2.638,3.9267,2.3371
1.724,2.6456,3.9267,2.3295
1.7112,2.6456,3.9318,2.3295
1.7265,2.6405,3.9267,2.332
1.7189,2.6431,3.9267,2.3244
1.7112,2.6456,3.9318,2.3346
1.724,2.6405,3.9191,2.3346
1.7189,2.6507,3.9293,2.3218
1.7138,2.6482,3.9267,2.3295
1.7214,2.6456,3.9216,2.3269
1.7214,2.6533,3.9293,2.3218
1.7112,2.6431,3.9344,2.332
1.7214,2.6456,3.9293,2.3269
1.7189,2.6507,3.9293,2.3218
1.7138,2.6431,3.9344,2.3244
1.7189,2.638,3.9318,2.332
1.7265,2.6405,3.9267,2.3218
1.7163,2.6558,3.9344,2.3168
1.7112,2.6405,3.9395,2.3295
1.7265,2.6456,3.9293,2.3244
1.7214,2.6507,3.9344,2.3193
1.7138,2.6431,3.942,2.3244
1.7189,2.638,3.9344,2.3295
1.7265,2.6431,3.9293,2.3218
1.7214,2.6507,3.9369,2.3142
1.7138,2.6431,3.942,2.3218
1.7214,2.6405,3.9369,2.3218
1.7214,2.6431,3.9369,2.3193
1.7138,2.6456,3.9446,2.3218
1.7214,2.638,3.9318,2.3269
1.7291,2.6507,3.9318,2.3117
1.7138,2.6456,3.9446,2.3193
1.7214,2.6482,3.942,2.3218
1.7163,2.6507,3.942,2.3117
1.7163,2.6354,3.9446,2.3269
1.7291,2.638,3.9369,2.3193
1.724,2.6507,3.942,2.3117
1.724,2.6431,3.9471,2.3193
1.724,2.6405,3.942,2.3193
1.724,2.6482,3.9395,2.3117
1.7189,2.6431,3.9471,2.3168
1.724,2.6405,3.942,2.3168
1.724,2.6456,3.942,2.3117
1.7189,2.6431,3.9496,2.3218
1.7214,2.638,3.9369,2.3218
1.7316,2.6507,3.9369,2.3142
1.7189,2.6431,3.9522,2.3168
1.724,2.638,3.9446,2.3218
1.7291,2.6431,3.9395,2.3168
1.7291,2.6507,3.9471,2.3117
1.7189,2.638,3.9522,2.3218
1.7291,2.6456,3.9369,2.3168
1.724,2.6456,3.9446,2.3168
1.724,2.6431,3.942,2.3218
1.7291,2.6456,3.9369,2.3091
1.7189,2.6507,3.9522,2.3091
1.724,2.638,3.9446,2.3218
1.7291,2.6456,3.9395,2.3091
1.724,2.6507,3.9446,2.3168
1.724,2.6456,3.9471,2.3168
1.724,2.6456,3.9446,2.3168
1.724,2.6507,3.9471,2.3091
1.7189,2.6405,3.9522,2.3218
1.7316,2.638,3.9471,2.3193
1.7316,2.6482,3.9395,2.3091
1.7189,2.6431,3.9547,2.3142
1.724,2.6354,3.9471,2.3142
1.724,2.6456,3.942,2.3142
1.7291,2.6431,3.9496,2.3142
1.7265,2.6431,3.9496,2.3193
1.7342,2.6431,3.942,2.3142
1.7265,2.6507,3.9496,2.3091
1.724,2.6456,3.9496,2.3091
1.7265,2.6405,3.9522,2.3117
1.7265,2.6431,3.9496,2.3066
1.7189,2.6405,3.9598,2.3117
1.724,2.638,3.9522,2.3193
1.7316,2.6507,3.9446,2.3066
1.7214,2.6456,3.9573,2.3091
1.7265,2.638,3.9522,2.3168
1.7316,2.6507,3.9471,2.3015
1.7214,2.6456,3.9598,2.3091
1.724,2.638,3.9522,2.3091
1.7265,2.6431,3.9522,2.3066
1.7189,2.6431,3.9598,2.3117
1.724,2.6405,3.9496,2.3168
1.7316,2.6507,3.9471,2.304
1.7214,2.6507,3.9573,2.3117
1.7265,2.638,3.9522,2.3117
1.7316,2.6431,3.9446,2.3117
1.7265,2.6456,3.9522,2.3091
1.724,2.638,3.9522,2.3168
1.7342,2.6431,3.9446,2.304
1.7214,2.6507,3.9522,2.304
1.7189,2.6354,3.9573,2.3168
1.7316,2.6405,3.9446,2.3117
1.7265,2.6507,3.9496,2.3117
1.7214,2.6431,3.9573,2.3091
1.7265,2.6456,3.9496,2.3117
1.724,2.6507,3.9522,2.3066
1.7189,2.6456,3.9573,2.3117
1.7316,2.638,3.9496,2.3168
1.7316,2.6507,3.942,2.3066
1.7265,2.6431,3.9547,2.3117
1.7265,2.638,3.9522,2.3193
1.7342,2.6456,3.942,2.3117
1.7265,2.6507,3.9471,2.3117
1.7189,2.6482,3.9547,2.3193
1.7316,2.6405,3.942,2.3168
1.7316,2.6507,3.9446,2.3066
1.7265,2.6456,3.9471,2.3117
1.724,2.6456,3.9471,2.3218
1.724,2.6456,3.9471,2.3142
1.7316,2.6507,3.9446,2.3066
1.7189,2.6456,3.9522,2.3117
1.7189,2.6405,3.9471,2.3218
1.7316,2.6405,3.9395,2.3142
1.7214,2.6507,3.9471,2.3091
1.724,2.6482,3.9496,2.3142
1.724,2.638,3.9446,2.3193
1.724,2.6507,3.9446,2.3168
1.7265,2.6482,3.9446,2.3091
1.7189,2.6456,3.9522,2.3168
1.724,2.6405,3.9446,2.3218
1.7291,2.6456,3.9369,2.3091
1.724,2.6533,3.942,2.3091
1.7189,2.6456,3.9496,2.3168
1.724,2.6405,3.942,2.3218
1.7291,2.6456,3.9395,2.3168
1.724,2.6533,3.942,2.3091
1.7189,2.6533,3.9471,2.3168
1.724,2.6405,3.942,2.3218
1.7316,2.6456,3.9395,2.3168
1.724,2.6507,3.9446,2.3091
1.7189,2.6456,3.9522,2.3168
1.724,2.6405,3.9471,2.3218
1.724,2.6456,3.9395,2.3193
1.724,2.6533,3.942,2.3117
1.7189,2.6507,3.9496,2.3168
1.7189,2.6456,3.9446,2.3218
1.7265,2.638,3.942,2.3142
1.7291,2.6431,3.942,2.3091
1.7189,2.6456,3.9522,2.3168
1.7265,2.638,3.9446,2.3218
1.7342,2.6456,3.942,2.3091
1.7163,2.6507,3.9522,2.3091
1.7214,2.638,3.9522,2.3218
1.7291,2.6405,3.942,2.3142
1.724,2.6507,3.9446,2.3091
1.7189,2.6456,3.9496,2.3168
1.724,2.6405,3.9446,2.3244
1.7316,2.6456,3.9395,2.3168
1.724,2.6507,3.942,2.3168
1.7189,2.6456,3.9522,2.3168
1.724,2.6405,3.942,2.3218
1.7291,2.6456,3.9369,2.3168
1.724,2.6533,3.942,2.3142
1.7163,2.6431,3.9471,2.3269
1.7265,2.6405,3.942,2.3269
1.7291,2.6456,3.9344,2.3193
1.724,2.6456,3.9395,2.3218
1.724,2.6482,3.942,2.3295
1.7316,2.6456,3.9318,2.3218
1.724,2.6507,3.9471,2.3193
1.7163,2.6405,3.9395,2.3295
1.7291,2.6456,3.9318,2.3142
1.7214,2.6507,3.9446,2.3168
1.7138,2.6405,3.9446,2.3295
1.7265,2.6456,3.9318,2.3218
1.7214,2.6507,3.9395,2.3193
1.7163,2.6482,3.9369,2.3218
1.724,2.6507,3.9369,2.3218
1.724,2.6482,3.9369,2.3218
1.724,2.6482,3.9369,2.3193
1.7214,2.6431,3.942,2.3218
1.7214,2.6482,3.9395,2.3218
1.724,2.6507,3.942,2.3142
1.7189,2.6405,3.9496,2.3269
1.7316,2.6405,3.9344,2.3244
1.7291,2.6533,3.942,2.3117
1.7163,2.6456,3.9522,2.3142
1.724,2.6405,3.942,2.3244
1.7291,2.6482,3.9395,2.3193
1.7265,2.6533,3.9446,2.3142
1.724,2.6482,3.9471,2.3193
1.724,2.6456,3.942,2.3142
1.724,2.6533,3.9471,2.3091
1.7189,2.6456,3.9522,2.3142
1.724,2.638,3.9471,2.3218
1.7316,2.6456,3.942,2.3117
1.7265,2.6533,3.9471,2.3091
1.7189,2.6456,3.9522,2.3117
1.724,2.638,3.9522,2.3193
1.724,2.6456,3.942,2.3142
1.724,2.6507,3.9496,2.3091
1.7189,2.6456,3.9547,2.3218
1.724,2.638,3.9496,2.3117
1.7316,2.6456,3.942,2.3066
1.7214,2.6507,3.9496,2.3091
1.7189,2.6456,3.9522,2.3218
1.7291,2.638,3.942,2.3218
1.7316,2.6507,3.942,2.3091
1.724,2.6507,3.9547,2.3066
1.7189,2.6482,3.9573,2.3193
1.724,2.6405,3.9496,2.3218
1.7316,2.6456,3.942,2.3142
1.724,2.6533,3.9471,2.3091
1.7265,2.6456,3.9471,2.3142
1.724,2.6456,3.9471,2.3193
1.724,2.6456,3.9471,2.3142
1.724,2.6456,3.9471,2.3142
1.724,2.6507,3.9471,2.3142
1.724,2.6456,3.9522,2.3193
1.724,2.6405,3.942,2.3218
1.7316,2.6533,3.942,2.3091
1.724,2.6456,3.9446,2.3117
1.7265,2.6456,3.9522,2.3142
1.724,2.6456,3.942,2.3193
1.724,2.6482,3.942,2.3168
1.724,2.6456,3.9446,2.3193
1.724,2.6482,3.9496,2.3168
1.7214,2.6405,3.942,2.3168
1.7316,2.6482,3.942,2.3193
1.724,2.6507,3.942,2.3117
1.7163,2.6482,3.9496,2.3168
1.7316,2.6405,3.9446,2.3244
1.7316,2.6456,3.9395,2.3091
1.724,2.6533,3.942,2.3117
1.7189,2.6456,3.9496,2.3193
1.724,2.6456,3.9471,2.3244
1.7214,2.6456,3.9369,2.3168
1.7265,2.6507,3.942,2.3117
1.7189,2.6507,3.9496,2.3168
1.724,2.6431,3.9446,2.3218
1.724,2.6456,3.9446,2.3168
1.724,2.6456,3.9446,2.3117
1.724,2.6533,3.9522,2.3168
1.724,2.6482,3.9471,2.3218
1.724,2.6456,3.942,2.3142
1.724,2.6507,3.9446,2.3091
1.7189,2.6507,3.9522,2.3168
1.724,2.6482,3.9471,2.3218
1.724,2.6456,3.9446,2.3193
1.724,2.6456,3.9471,2.3091
1.724,2.6482,3.9471,2.3142
1.7265,2.6405,3.9446,2.3218
1.7316,2.6405,3.9395,2.3168
1.7316,2.6533,3.9395,2.3091
1.7189,2.6533,3.9522,2.3168
1.7189,2.6354,3.9547,2.3218
1.7291,2.638,3.942,2.3142
1.724,2.6482,3.9496,2.3091
1.7163,2.6431,3.9522,2.3142
1.724,2.6405,3.9496,2.3218
1.7316,2.6482,3.942,2.3091
1.724,2.6507,3.9496,2.3117
1.724,2.6482,3.9496,2.3193
1.724,2.6456,3.9496,2.3142
1.724,2.6558,3.9496,2.3091
1.7189,2.6482,3.9547,2.3142
1.724,2.6456,3.9471,2.3168
1.7316,2.6507,3.942,2.3117
1.7189,2.6533,3.9522,2.3168
1.7189,2.6405,3.9496,2.3168
1.7316,2.6456,3.942,2.3168
1.7265,2.6507,3.9446,2.3168
1.724,2.6456,3.9496,2.3218
1.7214,2.6456,3.9496,2.3142
1.724,2.6482,3.9446,2.3117
1.7189,2.6456,3.9522,2.3218
1.7291,2.638,3.9395,2.3218
1.724,2.6507,3.9446,2.3091
1.7189,2.6533,3.9522,2.3168
1.724,2.6482,3.9446,2.3244
1.724,2.6456,3.9446,2.3168
1.724,2.6456,3.9446,2.3117
1.724,2.6482,3.9446,2.3142
1.7214,2.6405,3.9446,2.3218
1.7316,2.6456,3.9369,2.3117
1.724,2.6533,3.942,2.3117
1.7189,2.6456,3.9496,2.3168
1.7291,2.6405,3.942,2.3244
1.7291,2.6456,3.942,2.3117
1.7214,2.6533,3.9471,2.3091
1.7163,2.6405,3.9471,2.3269
1.7291,2.6456,3.9369,2.3193
1.7214,2.6507,3.942,2.3142
1.7163,2.6405,3.9471,2.3244
1.7291,2.6456,3.9344,2.3218
1.724,2.6456,3.942,2.3218
1.7214,2.6482,3.9395,2.3295
1.7291,2.6456,3.9318,2.3218
1.7163,2.6533,3.9369,2.3168
1.7163,2.6456,3.9369,2.332
1.7265,2.6482,3.9318,2.3218
1.724,2.6482,3.9369,2.3218
1.7189,2.6482,3.9369,2.3295
1.724,2.6456,3.9293,2.3244
1.7214,2.6533,3.9344,2.3193
1.7138,2.6482,3.942,2.332
1.7265,2.6431,3.9369,2.332
1.7291,2.6533,3.9293,2.3193
1.7138,2.6482,3.942,2.3244
1.7189,2.6405,3.9344,2.3269
1.7265,2.6482,3.9344,2.3269
1.7214,2.6456,3.9344,2.3244
1.7189,2.6431,3.9318,2.332
1.7265,2.6533,3.9267,2.3218
1.7138,2.6533,3.9369,2.3295
1.7214,2.6405,3.9293,2.3371
1.724,2.6507,3.9242,2.332
1.7189,2.6482,3.9293,2.3295
1.7189,2.6405,3.9216,2.3371
1.724,2.6482,3.9216,2.332
1.7214,2.6482,3.9293,2.332
1.7189,2.6405,3.9267,2.3397
1.7214,2.6533,3.9216,2.3269
1.7138,2.6507,3.9318,2.332
1.7163,2.6405,3.9293,2.3397
1.724,2.6533,3.9216,2.3244
1.7112,2.6482,3.9318,2.332
1.7163,2.6405,3.9267,2.3346
1.7189,2.6482,3.9242,2.332
1.7189,2.6482,3.9242,2.3346
1.7189,2.6405,3.9242,2.3397
1.724,2.6558,3.9191,2.3269
1.7112,2.6558,3.9267,2.3397
1.7163,2.6482,3.9267,2.3371
1.7189,2.6456,3.9267,2.3371
1.7163,2.6558,3.9216,2.3295
1.7112,2.6482,3.9318,2.332
1.7189,2.6431,3.9242,2.3422
1.724,2.6558,3.9191,2.3269
1.7087,2.6482,3.9293,2.3346
1.7189,2.6405,3.9242,2.3346
1.724,2.6482,3.9165,2.3295
1.7112,2.6533,3.9318,2.3295
1.7112,2.6405,3.9318,2.3397
1.724,2.6405,3.9191,2.332
1.7163,2.6558,3.9267,2.3269
1.7163,2.6456,3.9293,2.3346
1.7163,2.6405,3.9267,2.332
1.724,2.6482,3.9216,2.3346
1.7163,2.6507,3.9242,2.3346
1.7163,2.6405,3.9267,2.3397
1.7214,2.6482,3.9191,2.3295
1.7189,2.6533,3.9318,2.3295
1.7112,2.6405,3.9318,2.3422
1.7214,2.6482,3.9191,2.332
1.7189,2.6558,3.9242,2.3269
1.7087,2.6482,3.9318,2.3346
1.7163,2.6405,3.9242,2.3346
1.7189,2.6456,3.9267,2.3346
1.7189,2.6558,3.9318,2.332
1.7189,2.6431,3.9242,2.3397
1.724,2.6482,3.9191,2.3295
1.7112,2.6533,3.9318,2.332
1.7138,2.6405,3.9216,2.3346
1.724,2.6456,3.9242,2.3346
1.7112,2.6456,3.9318,2.3346
1.724,2.6405,3.9267,2.3422
1.724,2.6482,3.9242,2.3295
1.7112,2.6456,3.9318,2.332
1.7163,2.6431,3.9267,2.3422
1.724,2.6507,3.9165,2.3295
1.7112,2.6482,3.9318,2.3346
1.7163,2.6507,3.9242,2.3346
1.724,2.6482,3.9216,2.3346
1.7163,2.6507,3.9267,2.3346
1.7163,2.6482,3.9242,2.3346
1.7189,2.6456,3.9267,2.3346
1.7189,2.6482,3.9267,2.3295
1.7087,2.6456,3.9318,2.3346
1.7163,2.6405,3.9242,2.3422
1.724,2.6533,3.9216,2.332
1.7138,2.6482,3.9318,2.3346
1.724,2.6405,3.9242,2.3422
