2.1446,2.4876,3.9369,2.4034
2.1395,2.4876,3.942,2.4111
2.1446,2.4748,3.942,2.4162
2.1522,2.4774,3.9318,2.4187
2.1522,2.4799,3.9318,2.406
2.1471,2.4876,3.9369,2.406
2.1471,2.4825,3.9395,2.4136
2.1471,2.4825,3.9369,2.4136
2.1471,2.4748,3.9369,2.4111
2.1522,2.4825,3.9318,2.4111
2.1471,2.4876,3.9369,2.4085
2.142,2.4901,3.942,2.406
2.1395,2.4774,3.942,2.4187
2.1471,2.4774,3.9293,2.4187
2.1522,2.4876,3.9318,2.4034
2.1471,2.4901,3.9369,2.406
2.1395,2.4825,3.9446,2.4136
2.1471,2.4774,3.9369,2.4162
2.1522,2.4825,3.9318,2.4111
2.1471,2.4825,3.9369,2.406
2.1471,2.485,3.9369,2.4111
2.1471,2.4825,3.9446,2.4187
2.1522,2.4774,3.9318,2.4111
2.1497,2.4901,3.9318,2.406
2.142,2.485,3.942,2.4111
2.1395,2.4748,3.9369,2.4187
2.1522,2.4748,3.9293,2.4111
2.1446,2.4901,3.9369,2.406
2.1395,2.485,3.942,2.4111
2.1471,2.4774,3.9369,2.4213
2.1522,2.4825,3.9267,2.4136
2.142,2.4876,3.9344,2.4085
2.1369,2.4825,3.9395,2.4213
2.1471,2.4748,3.9318,2.4213
2.1446,2.4799,3.9344,2.4136
2.1446,2.485,3.9344,2.4085
2.1446,2.485,3.9318,2.4136
2.1446,2.4799,3.9318,2.4213
2.1471,2.4774,3.9344,2.4136
2.1497,2.485,3.9267,2.4162
2.1446,2.4927,3.9344,2.4085
2.1369,2.4825,3.9318,2.4136
2.142,2.4774,3.9318,2.4136
2.1522,2.485,3.9267,2.4187
2.1522,2.4876,3.9267,2.4085
2.1395,2.4901,3.942,2.4085
2.142,2.4825,3.942,2.4213
2.1446,2.4774,3.9344,2.4187
2.1522,2.485,3.9267,2.4136
2.1471,2.4901,3.9318,2.4085
2.1395,2.4927,3.942,2.4136
2.1395,2.4799,3.942,2.4213
2.1522,2.4774,3.9293,2.4213
2.1548,2.4927,3.9293,2.4085
2.1369,2.4876,3.9369,2.4136
2.1395,2.4799,3.942,2.4187
2.1522,2.4774,3.9293,2.4213
2.1548,2.4927,3.9293,2.4136
2.1471,2.4927,3.9344,2.4136
2.1471,2.4876,3.9369,2.4111
2.1471,2.485,3.9369,2.4136
2.1471,2.485,3.9369,2.4085
2.1395,2.485,3.942,2.4136
2.1471,2.4799,3.9369,2.4187
2.1548,2.485,3.9293,2.4111
2.1522,2.4927,3.9293,2.406
2.1471,2.4901,3.942,2.406
2.1395,2.4876,3.942,2.4187
2.1471,2.4799,3.9318,2.4213
2.1522,2.485,3.9267,2.4085
2.1471,2.4927,3.9318,2.406
2.1395,2.485,3.942,2.4136
2.1471,2.4799,3.9318,2.4187
2.1522,2.4876,3.9293,2.4136
2.1446,2.4927,3.9318,2.406
2.142,2.485,3.9395,2.4136
2.1471,2.4799,3.9344,2.4213
2.1522,2.4901,3.9293,2.406
2.1471,2.4927,3.9318,2.4034
2.1395,2.4876,3.9395,2.4111
2.1446,2.4774,3.9344,2.4187
2.1522,2.485,3.9293,2.4085
2.1471,2.4927,3.9395,2.4085
2.1395,2.485,3.942,2.4187
2.1522,2.4799,3.9267,2.4213
2.1522,2.4876,3.9293,2.406
2.1446,2.4927,3.942,2.406
2.142,2.4774,3.942,2.4213
2.1522,2.4799,3.9267,2.4162
2.1446,2.4927,3.9344,2.4085
2.1395,2.4876,3.9369,2.4136
2.1446,2.4799,3.9344,2.4213
2.1497,2.4825,3.9267,2.4136
2.1446,2.4876,3.9318,2.4136
2.1446,2.4876,3.9318,2.4213
2.1471,2.4876,3.9318,2.4162
2.1471,2.485,3.9318,2.4162
2.1471,2.485,3.9318,2.4162
2.1446,2.485,3.9318,2.4136
2.1446,2.485,3.9293,2.4162
2.142,2.4825,3.9267,2.4136
2.1446,2.4927,3.9369,2.4136
2.1395,2.4799,3.9395,2.4264
2.1471,2.4774,3.9242,2.4264
2.1522,2.485,3.9242,2.4136
2.1446,2.4927,3.9318,2.4111
2.1369,2.485,3.9369,2.4238
2.142,2.4774,3.9293,2.4238
2.1497,2.4774,3.9344,2.4162
2.142,2.485,3.9318,2.4213
2.142,2.485,3.9293,2.4187
2.1446,2.4825,3.9318,2.4187
2.1446,2.4774,3.9293,2.4264
2.1497,2.485,3.9242,2.4213
2.1446,2.485,3.9318,2.4136
2.1446,2.4825,3.9318,2.4213
2.1395,2.4825,3.9369,2.4264
2.142,2.4774,3.9267,2.4264
2.1471,2.4825,3.9242,2.4136
2.1395,2.4901,3.9395,2.4136
2.1395,2.4774,3.9395,2.4238
2.1497,2.4774,3.9267,2.4187
2.1522,2.4927,3.9267,2.4136
2.1369,2.4901,3.942,2.4187
2.1395,2.4774,3.9395,2.4264
2.1446,2.4774,3.9344,2.4264
2.1522,2.485,3.9267,2.4136
2.1369,2.4901,3.9318,2.4136
2.1369,2.4825,3.9395,2.4264
2.142,2.4774,3.9344,2.4238
2.1522,2.485,3.9267,2.4111
2.1497,2.4901,3.9267,2.4136
2.1471,2.4825,3.9344,2.4187
2.1471,2.485,3.9395,2.4187
2.142,2.4774,3.9369,2.4162
2.1497,2.4825,3.9318,2.4187
2.1446,2.4901,3.9369,2.4187
2.1395,2.485,3.9395,2.4187
2.1446,2.4774,3.9344,2.4238
2.1522,2.485,3.9293,2.4162
2.1446,2.485,3.9318,2.4136
2.1471,2.485,3.9344,2.4187
2.1395,2.485,3.9369,2.4162
2.1471,2.4799,3.9369,2.4187
2.1497,2.4876,3.9293,2.4162
2.1446,2.4927,3.9369,2.4111
2.1369,2.485,3.9395,2.4136
2.1395,2.4774,3.9395,2.4213
2.1497,2.4774,3.9318,2.4187
2.1522,2.4901,3.9293,2.4136
2.1395,2.4952,3.9344,2.4136
2.1369,2.4799,3.9395,2.4187
2.1446,2.4825,3.9267,2.4238
2.1497,2.485,3.9267,2.4162
2.1446,2.4927,3.9318,2.4136
2.1395,2.485,3.9395,2.4162
2.1446,2.4799,3.9318,2.4238
2.1522,2.485,3.9267,2.4187
2.1446,2.4825,3.9318,2.4136
2.1446,2.485,3.9344,2.4187
2.142,2.485,3.9318,2.4187
2.1471,2.4799,3.9293,2.4238
2.1522,2.485,3.9293,2.4136
2.1471,2.4927,3.9344,2.4111
2.142,2.4927,3.942,2.4187
2.142,2.485,3.9344,2.4238
2.1446,2.4876,3.9369,2.4162
2.142,2.485,3.9318,2.4111
2.1446,2.485,3.9369,2.4162
2.1471,2.4825,3.9318,2.4187
2.1446,2.4774,3.9344,2.4187
2.1522,2.485,3.9293,2.4162
2.1471,2.4901,3.9318,2.4136
2.1369,2.485,3.942,2.4264
2.1471,2.485,3.9344,2.4238
2.1446,2.485,3.9344,2.4213
2.1446,2.4825,3.9293,2.4213
2.1497,2.4901,3.9318,2.4213
2.1395,2.485,3.9395,2.4213
2.1446,2.4748,3.9344,2.4187
2.1522,2.485,3.9267,2.4213
2.1522,2.4927,3.9293,2.4136
2.1395,2.4927,3.9395,2.4187
2.1395,2.4825,3.942,2.4264
2.142,2.4774,3.9344,2.4289
2.1522,2.4901,3.9267,2.4136
2.1446,2.4876,3.9318,2.4213
2.1395,2.485,3.9395,2.4213
2.1446,2.4774,3.9318,2.4264
2.1471,2.485,3.9318,2.4213
2.1446,2.485,3.9318,2.4187
2.1471,2.4927,3.9318,2.4136
2.1369,2.485,3.9395,2.4187
2.1471,2.4876,3.9318,2.4238
2.1471,2.485,3.9318,2.4187
2.1522,2.4876,3.9267,2.4187
2.1471,2.4927,3.9318,2.4136
2.1395,2.4901,3.942,2.4136
2.142,2.4876,3.9395,2.4238
2.1446,2.4799,3.9318,2.4238
2.1471,2.4876,3.9318,2.4187
2.1522,2.4876,3.9318,2.4213
2.1471,2.4927,3.9369,2.4136
2.1395,2.4876,3.9395,2.4187
2.1395,2.4799,3.9395,2.4264
2.1446,2.4799,3.9318,2.4213
2.1522,2.485,3.9267,2.4213
2.1471,2.4927,3.9318,2.4136
2.1395,2.4901,3.9395,2.4213
2.1344,2.4799,3.9395,2.4289
2.1522,2.4799,3.9267,2.4289
2.1522,2.4876,3.9267,2.4213
2.1471,2.485,3.9318,2.4136
2.1471,2.4876,3.9318,2.4187
2.1446,2.4876,3.9395,2.4213
2.1471,2.4799,3.9318,2.4264
2.1522,2.4876,3.9267,2.4213
2.1522,2.4927,3.9267,2.4136
2.1369,2.4927,3.9395,2.4162
2.1395,2.4876,3.9395,2.4213
2.1471,2.4774,3.9318,2.4264
2.142,2.4876,3.9242,2.4213
2.142,2.4927,3.9318,2.4238
2.1369,2.485,3.9369,2.4187
2.1446,2.4799,3.9318,2.4213
2.1522,2.485,3.9267,2.4213
2.1522,2.4901,3.9267,2.4136
2.1395,2.4927,3.9395,2.4238
2.1446,2.4774,3.9369,2.4289
2.1497,2.4774,3.9293,2.4213
2.1497,2.4901,3.9267,2.4136
2.1395,2.4901,3.9395,2.4162
2.1395,2.485,3.9395,2.4264
2.1471,2.4799,3.9344,2.4289
2.1522,2.485,3.9293,2.4213
2.1446,2.485,3.9344,2.4136
2.1471,2.4876,3.9344,2.4187
2.1446,2.485,3.9369,2.4187
2.1446,2.4825,3.9369,2.4187
2.1522,2.4876,3.9293,2.4213
2.1522,2.4927,3.9293,2.4136
2.1446,2.4927,3.9369,2.4136
2.142,2.485,3.942,2.4187
2.1446,2.485,3.942,2.4213
2.1471,2.4774,3.9369,2.4213
2.1522,2.485,3.9318,2.4213
2.1522,2.4901,3.9293,2.4162
2.1395,2.4927,3.942,2.4136
2.1369,2.4799,3.942,2.4264
2.142,2.4774,3.9267,2.4289
2.1497,2.485,3.9293,2.4187
2.1471,2.4901,3.9369,2.4162
2.1369,2.4825,3.942,2.4213
2.1446,2.4876,3.9369,2.4213
2.142,2.4825,3.9369,2.4238
2.1369,2.4901,3.9395,2.4162
2.1369,2.4774,3.942,2.4289
2.1471,2.4774,3.9267,2.4315
2.142,2.485,3.9318,2.4187
2.1369,2.4927,3.942,2.4213
2.1446,2.485,3.9318,2.434
2.1446,2.4825,3.9318,2.4238
2.1446,2.4825,3.9242,2.4162
2.1344,2.4901,3.9395,2.4213
2.1369,2.4774,3.9395,2.434
2.1497,2.4774,3.9293,2.434
2.1497,2.4825,3.9242,2.4213
2.1395,2.4876,3.9318,2.4213
2.1395,2.4825,3.9395,2.434
2.142,2.4774,3.9318,2.434
2.1471,2.4825,3.9242,2.4289
2.1446,2.4876,3.9318,2.4213
2.1369,2.4825,3.9344,2.4315
2.1497,2.4774,3.9242,2.434
2.1497,2.4876,3.9242,2.4213
2.1395,2.4876,3.9369,2.4213
2.1369,2.4825,3.9369,2.4289
2.142,2.4825,3.9293,2.434
2.1395,2.485,3.9293,2.4289
2.142,2.4825,3.9293,2.4264
2.1446,2.4927,3.9318,2.4289
2.1344,2.4825,3.9369,2.4289
2.1369,2.485,3.9293,2.434
2.142,2.4825,3.9293,2.4289
2.142,2.4825,3.9242,2.4289
2.142,2.4901,3.9318,2.4264
2.142,2.4825,3.9318,2.4264
2.142,2.485,3.9344,2.434
2.142,2.4825,3.9318,2.4289
2.142,2.485,3.9318,2.4238
2.142,2.485,3.9318,2.4238
2.1369,2.485,3.9395,2.4238
2.1446,2.4799,3.9318,2.4289
2.1497,2.4825,3.9318,2.4238
2.1446,2.4876,3.9344,2.4162
2.1369,2.4901,3.942,2.4238
2.1395,2.4774,3.942,2.4289
2.1497,2.4774,3.9293,2.4289
2.1522,2.485,3.9293,2.4213
2.1446,2.4901,3.9369,2.4136
2.1446,2.485,3.9369,2.4213
2.142,2.485,3.9318,2.4264
2.1446,2.4799,3.9318,2.4213
2.1522,2.4927,3.9318,2.4162
2.142,2.4927,3.942,2.4187
2.1395,2.4774,3.942,2.4238
2.1497,2.4799,3.9318,2.4289
2.1522,2.4901,3.9318,2.4136
2.1471,2.4901,3.9446,2.4136
2.1395,2.4825,3.9446,2.4187
2.1471,2.4774,3.9395,2.4238
2.1497,2.485,3.9318,2.4187
2.1446,2.4825,3.9369,2.4136
2.1446,2.485,3.9369,2.4213
2.1446,2.4825,3.9369,2.4213
2.1471,2.4774,3.9395,2.4264
2.1522,2.4825,3.9318,2.4187
2.1471,2.4927,3.9344,2.4162
2.1369,2.485,3.942,2.4213
2.1395,2.4799,3.9446,2.4264
2.1497,2.4774,3.9369,2.4213
2.1446,2.485,3.9293,2.4162
2.1471,2.4927,3.9369,2.4136
2.1395,2.4876,3.942,2.4213
2.142,2.485,3.9369,2.4289
2.1446,2.4876,3.9344,2.4238
2.1446,2.4825,3.9318,2.4136
2.1471,2.485,3.9318,2.4238
2.142,2.485,3.9344,2.4289
2.1471,2.4876,3.9344,2.4213
2.1446,2.485,3.9318,2.4238
2.1446,2.485,3.9344,2.4238
2.1395,2.485,3.9395,2.4238
2.1471,2.485,3.9344,2.4238
2.1446,2.485,3.9293,2.4238
2.1446,2.4927,3.9344,2.4162
2.1369,2.485,3.9395,2.4289
2.142,2.4876,3.9318,2.4213
2.142,2.485,3.9369,2.4213
2.1446,2.4952,3.9344,2.4136
2.1369,2.4876,3.9344,2.4213
2.1446,2.4774,3.9369,2.4213
2.1522,2.485,3.9369,2.4187
2.1497,2.485,3.9395,2.4213
2.1446,2.4876,3.942,2.4187
2.1471,2.4876,3.9344,2.4213
2.1471,2.4876,3.9369,2.4187
2.1471,2.4876,3.9369,2.4162
2.1471,2.4876,3.9369,2.4238
2.1471,2.485,3.9369,2.4187
2.1471,2.4876,3.9369,2.4136
2.1471,2.485,3.9369,2.4162
2.142,2.4825,3.9446,2.4238
2.1471,2.4799,3.9395,2.4238
2.1522,2.4876,3.9318,2.4111
2.1471,2.485,3.9369,2.4136
2.1471,2.4876,3.9395,2.4187
2.1395,2.485,3.9446,2.4187
2.1471,2.4774,3.9395,2.4187
2.1522,2.4774,3.9293,2.4162
2.1522,2.4927,3.9318,2.4111
2.1446,2.4927,3.9369,2.4162
2.1395,2.4876,3.9446,2.4187
2.1471,2.4799,3.9369,2.4264
2.1446,2.4876,3.9395,2.4187
2.1446,2.485,3.9318,2.4187
2.1471,2.4927,3.9369,2.4111
2.142,2.485,3.942,2.4162
2.1471,2.4799,3.9395,2.4238
2.1522,2.4978,3.9318,2.4136
2.1395,2.4876,3.9471,2.4162
2.1395,2.4799,3.942,2.4162
2.1522,2.4876,3.9344,2.4162
2.1548,2.4952,3.9344,2.4111
2.142,2.4927,3.9395,2.4162
2.142,2.485,3.9471,2.4162
2.1497,2.4825,3.942,2.4213
2.1471,2.485,3.9395,2.4187
2.1548,2.485,3.9318,2.4162
2.1471,2.4927,3.9395,2.4136
2.1395,2.4927,3.9446,2.4111
2.142,2.4876,3.9471,2.4187
2.142,2.4799,3.9446,2.4238
2.1522,2.4799,3.9395,2.4187
2.1522,2.485,3.9293,2.4187
2.1497,2.485,3.9369,2.4111
2.1471,2.4901,3.942,2.4187
2.1395,2.485,3.942,2.4187
2.1395,2.4799,3.9446,2.4238
2.1522,2.4799,3.9318,2.4238
2.1522,2.4876,3.9318,2.4111
2.1471,2.4927,3.9395,2.4136
2.1497,2.485,3.9369,2.4187
2.142,2.4876,3.9369,2.4213
2.1446,2.4774,3.9395,2.4187
2.1522,2.4774,3.9318,2.4213
2.1522,2.4927,3.9318,2.4111
2.1471,2.4927,3.9369,2.4111
2.1395,2.4876,3.9446,2.4187
2.1471,2.485,3.9369,2.4238
2.1471,2.4876,3.9369,2.4187
2.1548,2.4876,3.9318,2.4136
2.1497,2.4901,3.9369,2.4136
2.142,2.485,3.942,2.4187
2.1471,2.4876,3.942,2.4238
2.1471,2.485,3.942,2.4187
2.1522,2.485,3.9344,2.4162
2.1471,2.4927,3.9395,2.4162
2.142,2.485,3.942,2.4136
2.1497,2.4825,3.942,2.4213
2.1522,2.485,3.9369,2.4162
2.1471,2.4927,3.942,2.4085
2.142,2.485,3.9496,2.4136
2.1497,2.4774,3.9446,2.4136
2.1497,2.4876,3.9446,2.4085
2.142,2.485,3.9522,2.4136
2.1497,2.4774,3.9446,2.4213
2.1548,2.4825,3.9395,2.4136
2.1497,2.4901,3.9471,2.406
2.1497,2.485,3.9522,2.4136
2.1446,2.4774,3.9522,2.4162
2.1573,2.4748,3.9395,2.4111
2.1548,2.4876,3.9395,2.4034
2.142,2.4901,3.9522,2.4136
2.1446,2.4774,3.9522,2.4162
2.1522,2.4774,3.9395,2.4136
2.1548,2.4825,3.9446,2.4136
2.1522,2.4876,3.9446,2.4111
2.1497,2.485,3.9496,2.4136
2.1471,2.4774,3.9446,2.4213
2.1548,2.4774,3.9395,2.4136
2.1548,2.4876,3.9395,2.4085
2.1497,2.4901,3.9446,2.406
2.1446,2.485,3.9522,2.4136
2.1471,2.485,3.9471,2.4187
2.1497,2.485,3.9446,2.4136
2.1573,2.485,3.9395,2.4162
2.1522,2.4927,3.942,2.4085
2.1471,2.485,3.9446,2.4136
2.142,2.485,3.942,2.4136
2.1471,2.4799,3.9446,2.4213
2.1522,2.485,3.9369,2.4162
2.1471,2.485,3.942,2.4085
2.1446,2.4927,3.942,2.4136
2.142,2.4825,3.9496,2.4136
2.1497,2.4774,3.942,2.4213
2.1522,2.485,3.9369,2.4136
2.1522,2.4901,3.9369,2.4111
2.142,2.4901,3.9471,2.4111
2.1395,2.4774,3.9496,2.4213
2.1471,2.4799,3.942,2.4213
2.1471,2.485,3.942,2.4136
2.1548,2.4901,3.9369,2.4162
2.1471,2.485,3.942,2.4136
2.1395,2.485,3.9496,2.4136
2.1471,2.4799,3.942,2.4213
2.1522,2.4825,3.9395,2.4136
2.1522,2.4876,3.9369,2.4085
2.1395,2.4901,3.9446,2.406
2.1395,2.485,3.9446,2.4136
2.1497,2.4799,3.942,2.4187
2.1548,2.4774,3.9369,2.4136
2.1522,2.4825,3.9395,2.4136
2.1471,2.4927,3.9471,2.406
2.142,2.485,3.9522,2.4111
2.1471,2.4774,3.9446,2.4162
2.1573,2.485,3.942,2.4111
2.1497,2.4901,3.9471,2.406
2.142,2.485,3.9522,2.4136
2.1395,2.4774,3.9547,2.4136
2.1548,2.4799,3.9395,2.4085
2.1548,2.4901,3.942,2.4034
2.1446,2.4927,3.9522,2.4034
2.1446,2.485,3.9522,2.4085
2.1497,2.4799,3.9471,2.4187
2.1471,2.4876,3.9471,2.4136
2.1548,2.485,3.9446,2.4136
2.1497,2.4952,3.9471,2.4085
2.142,2.485,3.9547,2.4085
2.1497,2.4799,3.9471,2.4136
2.1497,2.485,3.9446,2.4111
2.1497,2.4876,3.9446,2.4034
2.1522,2.4876,3.9446,2.4085
2.1446,2.4876,3.9522,2.4111
2.1497,2.4799,3.9446,2.4136
2.1548,2.4774,3.9369,2.4111
2.1573,2.4876,3.9471,2.4111
2.1497,2.4927,3.9446,2.406
2.142,2.4876,3.9522,2.4111
2.142,2.4799,3.9522,2.4187
2.1497,2.4876,3.9446,2.4111
2.1497,2.4927,3.942,2.406
2.1522,2.4927,3.9496,2.4085
2.142,2.4799,3.9496,2.4162
2.1497,2.4799,3.942,2.4187
2.1548,2.4927,3.9369,2.406
2.1497,2.4927,3.942,2.4136
2.142,2.4876,3.9496,2.4085
2.1497,2.4799,3.942,2.4187
2.1573,2.4799,3.9369,2.4111
