2.3918,0.71329,2.0252,1.5059
2.4071,0.71329,2.0226,1.5059
2.4071,0.72858,2.015,1.4957
2.3944,0.72858,2.0201,1.4931
2.3918,0.71584,2.0252,1.5059
2.4071,0.71584,2.015,1.5008
2.4046,0.72858,2.0175,1.4957
2.3944,0.72858,2.0277,1.4957
2.3918,0.71329,2.0328,1.5059
2.3995,0.71584,2.0226,1.5059
2.4071,0.72093,2.0124,1.5033
2.3995,0.72603,2.0201,1.5008
2.3944,0.71839,2.0226,1.5008
2.3995,0.71329,2.0226,1.5084
2.4071,0.72093,2.0175,1.5008
2.3995,0.72348,2.0226,1.4957
2.3995,0.71839,2.0252,1.5008
2.3995,0.72093,2.0252,1.5008
2.402,0.72093,2.0252,1.5033
2.3995,0.71839,2.0201,1.4957
2.3995,0.72603,2.0328,1.4931
2.3944,0.72093,2.0303,1.5084
2.3995,0.71074,2.0201,1.5084
2.4046,0.72348,2.0226,1.4957
2.3995,0.72348,2.0277,1.4957
2.3995,0.71839,2.0252,1.5008
2.3995,0.72093,2.0252,1.5008
2.3995,0.71329,2.0277,1.5033
2.4071,0.72093,2.0201,1.5033
2.3995,0.72093,2.0252,1.4957
2.3995,0.72348,2.0277,1.4957
2.3944,0.71839,2.0328,1.5008
2.3969,0.71329,2.0252,1.5059
2.4071,0.72093,2.0201,1.4931
2.402,0.72603,2.0303,1.4931
2.3944,0.72093,2.0303,1.5084
2.3995,0.71584,2.0175,1.5059
2.4097,0.72093,2.015,1.4957
2.3944,0.72858,2.0226,1.5008
2.3944,0.72093,2.0303,1.5033
2.3969,0.72093,2.0226,1.5084
2.4071,0.72093,2.015,1.4982
2.402,0.72603,2.0226,1.4982
2.3944,0.72348,2.0303,1.5008
2.3969,0.71584,2.015,1.5084
2.4046,0.72093,2.015,1.4957
2.3995,0.72858,2.0252,1.4931
2.3944,0.72348,2.0277,1.5084
2.3969,0.71839,2.0252,1.5084
2.4071,0.72093,2.015,1.5033
2.4046,0.72858,2.0124,1.4957
2.3944,0.72858,2.0252,1.4957
2.3944,0.72348,2.0252,1.5059
2.3995,0.71584,2.0201,1.5059
2.4071,0.72858,2.0124,1.4982
2.3918,0.72858,2.0252,1.4931
2.3918,0.71584,2.0252,1.5084
2.4071,0.71839,2.0124,1.5033
2.402,0.73113,2.015,1.4957
2.3918,0.72348,2.0252,1.5008
2.3969,0.72093,2.0175,1.5008
2.4071,0.72093,2.0124,1.5008
2.3995,0.72858,2.0175,1.4957
2.3918,0.72348,2.0252,1.5033
2.3969,0.71584,2.0175,1.5008
2.3995,0.72348,2.0124,1.5033
2.3995,0.72858,2.0175,1.4957
2.3944,0.72603,2.0252,1.5059
2.3995,0.72348,2.0226,1.5084
2.4071,0.71839,2.0073,1.5033
2.4046,0.72348,2.015,1.5033
2.3995,0.72348,2.0201,1.5033
2.3918,0.72348,2.0252,1.5033
2.3995,0.71839,2.0175,1.5033
2.3995,0.72348,2.0124,1.4982
2.3944,0.73113,2.0201,1.4957
2.3944,0.71839,2.0226,1.5059
2.4046,0.71839,2.0073,1.5084
2.4071,0.72348,2.0099,1.4957
2.3995,0.73113,2.0175,1.4957
2.3944,0.72348,2.0226,1.5033
2.3995,0.72093,2.015,1.5033
2.4046,0.72348,2.0099,1.5033
2.3969,0.73368,2.0124,1.5059
2.3918,0.72858,2.0201,1.5033
2.3944,0.71839,2.0226,1.5084
2.3969,0.71839,2.0175,1.5084
2.4071,0.72348,2.0099,1.5008
2.3995,0.72858,2.0124,1.4957
2.3995,0.72348,2.0124,1.5033
2.3969,0.72348,2.015,1.5033
2.3995,0.72348,2.015,1.5008
2.3969,0.72348,2.015,1.4957
2.3995,0.72348,2.015,1.5033
2.3995,0.71839,2.0124,1.5059
2.4046,0.72348,2.0048,1.4957
2.3995,0.73368,2.0124,1.4982
2.3944,0.72348,2.0175,1.5033
2.3995,0.72603,2.0124,1.5084
2.3969,0.72093,2.0124,1.5033
2.402,0.72858,2.0048,1.5033
2.3969,0.73368,2.0099,1.4982
2.3944,0.72603,2.0175,1.5008
2.3995,0.72603,2.0124,1.5084
2.3995,0.72093,2.0124,1.5033
2.4046,0.72603,2.0048,1.4957
2.3969,0.73113,2.0099,1.4982
2.3918,0.72603,2.0201,1.5033
2.3995,0.72093,2.0124,1.5084
2.3969,0.72348,2.0124,1.5059
2.3969,0.73113,2.0124,1.4957
2.3918,0.72603,2.0201,1.5008
2.3995,0.72093,2.015,1.5008
2.3995,0.72348,2.0073,1.5033
2.3995,0.72858,2.015,1.5033
2.3944,0.72348,2.0226,1.5008
2.3995,0.71839,2.015,1.5084
2.4046,0.72348,2.0099,1.4957
2.3995,0.72348,2.0175,1.5033
2.3944,0.72348,2.0175,1.5008
2.3995,0.72348,2.0124,1.5059
2.3969,0.72603,2.0175,1.5033
2.3995,0.72348,2.0175,1.5033
2.3918,0.71584,2.0226,1.5059
2.4046,0.71839,2.015,1.5084
2.402,0.73113,2.0099,1.4957
2.3995,0.73113,2.0201,1.5033
2.3918,0.72348,2.0252,1.5033
2.4071,0.71839,2.0175,1.511
2.4046,0.72093,2.0124,1.4957
2.3995,0.73113,2.0201,1.4982
2.3944,0.72348,2.0252,1.5084
2.3995,0.71839,2.0201,1.511
2.4046,0.72348,2.0124,1.4957
2.3944,0.72858,2.0252,1.4957
2.3918,0.71584,2.0252,1.5059
2.402,0.71329,2.0124,1.5033
2.4046,0.73113,2.0175,1.4957
2.3944,0.72348,2.0226,1.5008
2.3995,0.71839,2.0175,1.5084
2.4071,0.72093,2.0124,1.5033
2.3995,0.72858,2.0201,1.4957
2.3918,0.72348,2.0226,1.5033
2.3995,0.71584,2.015,1.511
2.4071,0.72093,2.0124,1.5033
2.3995,0.72348,2.015,1.5033
2.3918,0.72348,2.0226,1.5059
2.3969,0.71839,2.015,1.5084
2.4071,0.73113,2.0099,1.4957
2.3944,0.72858,2.0124,1.4957
2.3969,0.72603,2.0226,1.5084
2.3969,0.71839,2.0124,1.5084
2.4071,0.73113,2.0073,1.4931
2.3944,0.73113,2.0226,1.4957
2.3918,0.71584,2.0201,1.5059
2.4071,0.71839,2.0099,1.5008
2.4071,0.73368,2.0073,1.4957
2.3918,0.73113,2.015,1.4957
2.3944,0.72348,2.0252,1.5059
2.3995,0.71839,2.015,1.5008
2.3995,0.72348,2.015,1.5059
2.3995,0.72348,2.0201,1.5008
2.3944,0.72348,2.0226,1.5033
2.3995,0.71839,2.015,1.5084
2.4071,0.72348,2.0099,1.5033
2.4071,0.73113,2.0124,1.4957
2.3944,0.73113,2.0226,1.5033
2.3944,0.71329,2.0252,1.5084
2.4046,0.71584,2.0124,1.5059
2.4071,0.72348,2.0124,1.4982
2.3995,0.72858,2.0175,1.4982
2.3944,0.72348,2.0252,1.5084
2.3995,0.72348,2.0175,1.5059
2.3995,0.71584,2.015,1.5084
2.4071,0.72603,2.0099,1.5059
2.402,0.73113,2.015,1.4957
2.402,0.72348,2.0201,1.5033
2.3944,0.71584,2.0252,1.5084
2.3995,0.71329,2.0201,1.5008
2.4071,0.72348,2.0124,1.5033
2.3995,0.72858,2.0175,1.4957
2.3944,0.72858,2.0252,1.5033
2.3944,0.71584,2.0252,1.5059
2.402,0.71839,2.0124,1.5084
2.4071,0.72348,2.0124,1.5033
2.4046,0.72348,2.0201,1.4957
2.3995,0.72348,2.015,1.4982
2.3969,0.72348,2.015,1.5033
2.402,0.71839,2.0124,1.5084
2.4046,0.72348,2.0073,1.5008
2.402,0.73113,2.015,1.4957
2.3944,0.72603,2.0201,1.5008
2.3969,0.72093,2.015,1.5059
2.3969,0.72858,2.015,1.5033
2.3995,0.72348,2.0124,1.4957
2.3969,0.72603,2.015,1.5008
2.3995,0.72603,2.0201,1.5033
2.3995,0.71839,2.015,1.5033
2.4046,0.72603,2.0073,1.5033
2.3995,0.73368,2.0099,1.4931
2.3918,0.72603,2.015,1.5008
2.3918,0.72093,2.0201,1.5084
2.4071,0.72093,2.0048,1.5008
2.4071,0.73368,2.0048,1.4957
2.3944,0.73368,2.015,1.4957
2.3944,0.72858,2.015,1.5008
2.3969,0.72348,2.0099,1.5008
2.4046,0.72858,2.0022,1.5033
2.3995,0.73623,2.0099,1.4931
2.3918,0.72603,2.015,1.5008
2.3969,0.72348,2.0099,1.511
2.3995,0.73113,2.0048,1.5008
2.3995,0.72858,2.0073,1.4957
2.3969,0.72858,2.0073,1.5008
2.3918,0.72348,2.0124,1.5008
2.3995,0.72348,2.0073,1.5033
2.4046,0.73113,2.0022,1.5008
2.3969,0.73623,2.0099,1.5033
2.3918,0.73368,2.015,1.5008
2.3969,0.72348,2.0073,1.5084
2.4046,0.72093,2.0048,1.5033
2.3969,0.73368,2.0073,1.4957
2.3918,0.73368,2.015,1.5008
2.3918,0.72093,2.0124,1.5059
2.402,0.72858,2.0048,1.5008
2.3969,0.73623,2.0073,1.4957
2.3944,0.72858,2.015,1.5008
2.3969,0.72348,2.0073,1.5059
2.4046,0.72858,2.0022,1.4957
2.3918,0.73623,2.015,1.4957
2.3918,0.72348,2.015,1.5084
2.3969,0.72093,2.0073,1.511
2.4046,0.72858,2.0022,1.5033
2.3995,0.73368,2.0099,1.4931
2.3969,0.72603,2.015,1.5008
2.3969,0.72858,2.0099,1.5059
2.3969,0.72858,2.0073,1.5008
2.402,0.73368,2.0022,1.4957
2.3969,0.73368,2.0099,1.4957
2.3918,0.72858,2.0175,1.5008
2.3969,0.72093,2.0099,1.5084
2.4046,0.72858,2.0048,1.5033
2.3969,0.73368,2.0073,1.4957
2.3944,0.72603,2.015,1.5033
2.3969,0.72093,2.0073,1.5084
2.4046,0.72858,1.9997,1.5033
2.3995,0.72858,2.0048,1.4957
2.3969,0.72858,2.0073,1.5033
2.3969,0.72348,2.0048,1.511
2.402,0.73113,1.9997,1.5033
2.3944,0.72858,2.0022,1.4982
2.3969,0.73113,2.0073,1.5008
2.3969,0.73368,2.0048,1.5059
2.3944,0.73368,2.0022,1.5008
2.3969,0.73113,1.9971,1.5008
2.3969,0.73878,2.0022,1.5033
2.3918,0.73113,2.0022,1.5008
2.3995,0.72603,2.0022,1.5033
2.402,0.73113,1.9971,1.5033
2.3969,0.73623,1.9997,1.4931
2.3918,0.73368,2.0073,1.5008
2.3969,0.73113,2.0022,1.5084
2.402,0.72603,1.9946,1.5033
2.4046,0.73878,1.9946,1.4957
2.3944,0.73623,2.0073,1.4957
2.3944,0.72348,2.0099,1.5084
2.3969,0.72348,2.0022,1.5059
2.4071,0.73113,1.9971,1.5008
2.3969,0.73113,2.0022,1.4957
2.3969,0.73113,2.0099,1.5008
2.3944,0.72858,2.0124,1.5033
2.3944,0.73113,2.0048,1.5033
2.4046,0.72858,1.9997,1.5008
2.3995,0.73113,2.0073,1.5033
2.3969,0.73113,2.0048,1.5033
2.3969,0.72858,2.0048,1.5033
2.3969,0.72858,2.0099,1.5008
2.3995,0.73368,2.0175,1.4957
2.3944,0.73113,2.0124,1.5084
2.3995,0.72093,2.0073,1.5084
2.4046,0.72348,2.0022,1.5033
2.4046,0.73368,2.0048,1.4957
2.3918,0.73368,2.0175,1.5033
2.3944,0.72093,2.015,1.5059
2.402,0.72093,2.0073,1.5084
2.4071,0.73113,2.0022,1.5033
2.3995,0.73623,2.0073,1.4957
2.3995,0.72603,2.0175,1.5008
2.3969,0.72603,2.0099,1.5084
2.402,0.72858,2.0073,1.5008
2.3995,0.72858,2.0048,1.4982
2.3918,0.73368,2.015,1.4982
2.3944,0.72858,2.015,1.5084
2.4071,0.72093,2.0048,1.5084
2.4046,0.72603,2.0048,1.4931
2.3969,0.73368,2.0124,1.4957
2.3918,0.72093,2.0201,1.5084
2.3969,0.72093,2.0048,1.5084
2.4046,0.72858,2.0048,1.5033
2.3995,0.73368,2.0124,1.4931
2.3918,0.72603,2.0175,1.5033
2.3995,0.72093,2.0124,1.5059
2.4071,0.72348,2.0099,1.5033
2.4071,0.73113,2.0099,1.4957
2.3944,0.73368,2.015,1.5033
2.3944,0.72603,2.015,1.5084
2.3995,0.72348,2.0099,1.5084
2.4046,0.72603,2.0048,1.4957
2.3995,0.73368,2.0099,1.4957
2.3944,0.72348,2.0175,1.5008
2.3995,0.72093,2.0048,1.5084
2.4071,0.72603,2.0048,1.4957
2.3944,0.73368,2.0124,1.4957
2.3944,0.72093,2.0201,1.5084
2.4071,0.72093,2.0124,1.5059
2.4071,0.73368,2.0048,1.4957
2.3995,0.72603,2.0099,1.5008
2.3995,0.72603,2.0124,1.5059
2.4071,0.72348,2.0073,1.5008
2.3995,0.73368,2.015,1.4957
2.3995,0.72603,2.015,1.5008
2.3995,0.72348,2.015,1.5084
2.3995,0.72348,2.0124,1.5033
2.4071,0.73113,2.0073,1.4957
2.3944,0.73368,2.0175,1.5008
2.3918,0.71839,2.0201,1.5059
2.4071,0.72093,2.0073,1.4982
2.4071,0.73368,2.0048,1.4931
2.3944,0.73368,2.0201,1.5008
2.3969,0.72093,2.015,1.5059
2.4071,0.72093,2.0048,1.5033
2.4071,0.73368,2.0048,1.4957
2.3944,0.73368,2.015,1.5008
2.3995,0.71839,2.0073,1.5084
2.3969,0.72858,2.0073,1.5033
2.3995,0.73113,2.0099,1.4957
2.3944,0.72858,2.015,1.5008
2.3995,0.72093,2.0099,1.5084
2.4071,0.72858,2.0022,1.4982
2.3995,0.72858,2.0073,1.4957
2.3944,0.72858,2.015,1.5033
2.3995,0.72348,2.0073,1.5084
2.4046,0.72603,2.0022,1.5033
2.3995,0.73368,2.0048,1.4957
2.3995,0.72858,2.0073,1.5008
2.402,0.72858,2.0073,1.511
2.3995,0.72858,2.0048,1.5033
2.3995,0.73113,2.0022,1.4957
2.3995,0.73368,2.0048,1.5008
2.3944,0.73113,2.0073,1.5008
2.3995,0.72348,2.0048,1.5084
2.4071,0.72858,1.9997,1.5008
2.3969,0.73368,2.0048,1.4931
2.3944,0.73113,2.0073,1.5008
2.3995,0.72603,2.0022,1.5084
2.4071,0.73113,1.9971,1.5033
2.3995,0.73878,2.0022,1.4957
2.3944,0.73113,2.0073,1.5033
2.402,0.72603,1.9997,1.5084
2.4071,0.73113,1.992,1.5008
2.3995,0.73623,2.0022,1.4957
2.3944,0.72858,2.0073,1.5033
2.402,0.72348,2.0048,1.5059
2.4071,0.72348,1.9946,1.5033
2.4071,0.73623,1.9997,1.4957
2.3995,0.73113,2.0022,1.5008
2.402,0.72858,2.0048,1.5084
2.3995,0.72858,2.0048,1.5033
2.402,0.73113,2.0048,1.4931
2.3995,0.72858,2.0048,1.5033
2.3944,0.72858,2.0048,1.5059
2.402,0.72348,2.0073,1.5008
2.3995,0.72858,2.0048,1.5008
2.402,0.73368,2.0048,1.4931
2.3969,0.72858,2.015,1.5059
2.402,0.72348,1.9997,1.511
2.4097,0.72858,1.9997,1.5033
2.3995,0.73623,2.0048,1.4957
2.3944,0.72093,2.0124,1.5059
2.3995,0.72348,2.0048,1.5084
2.402,0.72858,2.0048,1.5008
2.3995,0.72858,2.0048,1.5033
2.402,0.73368,2.0022,1.5008
2.3944,0.73113,2.0073,1.5033
2.3995,0.72858,2.0022,1.5084
2.4071,0.72603,1.9946,1.5008
2.4046,0.73623,1.9946,1.4957
2.402,0.73113,1.9997,1.5008
2.402,0.72603,1.9997,1.511
2.4071,0.72858,1.992,1.4982
2.3995,0.73878,1.9997,1.4957
2.3944,0.73368,2.0073,1.5008
2.402,0.72603,1.9997,1.5059
2.4071,0.73368,1.992,1.5008
2.3995,0.73878,1.9997,1.4957
2.3944,0.73368,2.0048,1.5008
2.402,0.72603,1.9997,1.5084
2.4097,0.73113,1.992,1.4982
2.402,0.73878,1.9997,1.4957
2.3944,0.73368,2.0022,1.5008
2.3995,0.73113,1.9946,1.4982
2.402,0.73113,1.992,1.4931
2.3944,0.74133,2.0022,1.5008
2.3944,0.72603,2.0048,1.5084
2.4071,0.72858,1.9895,1.5008
2.402,0.73878,1.9997,1.4931
2.3944,0.73368,2.0048,1.5008
2.402,0.72603,1.9997,1.5008
2.4071,0.73368,1.9946,1.4982
2.4046,0.73878,1.9997,1.4931
2.3944,0.73623,2.0099,1.5008
2.3944,0.72348,2.0073,1.5059
2.4097,0.72348,1.9971,1.5059
2.4046,0.73113,1.9997,1.5008
2.3995,0.72858,2.0048,1.5008
2.3995,0.73113,2.0048,1.5084
2.4071,0.73113,1.9997,1.5008
2.3995,0.73623,2.0022,1.4931
2.3969,0.72348,2.0073,1.5008
2.3944,0.72348,2.0073,1.5059
2.4071,0.72348,1.9946,1.4982
2.402,0.73878,2.0022,1.4931
2.3944,0.73113,2.0099,1.5008
2.402,0.72348,2.0022,1.5059
2.4071,0.72858,1.9946,1.4982
2.402,0.73878,2.0022,1.4957
2.3944,0.72348,2.0048,1.5008
2.402,0.72603,2.0022,1.4982
2.4046,0.73368,1.9997,1.4931
2.3944,0.73113,2.0073,1.4982
2.3995,0.72348,2.0022,1.5059
2.4071,0.73113,1.9946,1.4982
2.402,0.73878,2.0022,1.5008
2.3944,0.72858,2.0048,1.5059
2.4071,0.72348,1.9946,1.5059
2.4071,0.73878,1.9946,1.4931
2.3969,0.73878,2.0048,1.5033
2.3944,0.72348,2.0048,1.5059
2.4071,0.72348,1.9946,1.5008
2.4071,0.73878,1.9971,1.4957
2.3944,0.73623,2.0073,1.4957
2.3944,0.73113,2.0073,1.5059
2.3995,0.72603,2.0022,1.5059
2.4071,0.73113,1.9946,1.4931
2.402,0.73878,1.9997,1.4957
2.3944,0.73368,2.0048,1.5008
2.3995,0.72348,1.9997,1.5084
2.4071,0.73113,1.9946,1.4957
2.3944,0.73878,1.9997,1.4957
2.3944,0.72603,2.0048,1.5059
2.402,0.72603,1.9997,1.5033
2.3995,0.73368,2.0022,1.4957
2.3995,0.72858,2.0022,1.5008
2.402,0.72603,2.0022,1.5084
2.4071,0.73113,1.9946,1.5033
2.3995,0.73113,2.0048,1.5008
2.3944,0.72348,2.0073,1.5084
2.4071,0.72348,1.9971,1.5084
2.4097,0.73623,1.9971,1.4931
2.3918,0.73878,2.0073,1.4982
2.3969,0.72348,2.0022,1.5059
2.4071,0.72858,1.9971,1.5008
2.3995,0.73878,2.0022,1.4957
2.3944,0.72858,2.0073,1.5008
2.3995,0.72348,2.0022,1.5059
2.4071,0.72603,1.9946,1.5008
2.4071,0.73878,1.9946,1.4931
2.3944,0.74133,2.0048,1.5008
2.3944,0.72348,2.0048,1.5059
2.3995,0.72603,1.9997,1.5059
2.4071,0.73113,1.9946,1.4931
2.3995,0.73878,1.9997,1.4931
2.3944,0.73113,2.0048,1.5008
2.3995,0.73113,2.0022,1.5084
2.3995,0.73368,1.9971,1.5008
2.3995,0.73368,1.9971,1.5008
2.402,0.73368,1.9997,1.5033
2.3969,0.73368,2.0048,1.5008
2.3995,0.72603,1.9971,1.5084
2.4071,0.73368,1.9946,1.5008
2.3995,0.73878,1.9971,1.4957
2.3995,0.73113,1.9997,1.4982
2.3995,0.73368,1.9946,1.5008
2.402,0.73368,1.9971,1.5084
2.4097,0.73113,1.992,1.4957
2.3944,0.73878,1.9971,1.4931
2.3944,0.73368,2.0022,1.5059
2.3995,0.72603,1.9997,1.5059
2.4071,0.73113,1.9946,1.5033
2.3995,0.73878,1.9971,1.4957
2.3944,0.73368,2.0048,1.5008
2.402,0.72348,1.9997,1.5084
2.4071,0.73113,1.9946,1.5008
2.402,0.73878,1.9971,1.4931
2.3944,0.72603,2.0022,1.5008
2.3995,0.72603,2.0022,1.5059
2.4046,0.73878,1.992,1.4957
2.3969,0.73878,2.0022,1.4931
2.3944,0.72603,2.0048,1.5059
2.402,0.72603,1.9869,1.5059
