2.6416,0.68779,2.1068,1.5467
2.634,0.68015,2.1169,1.5543
2.6365,0.67505,2.1169,1.5594
2.6391,0.67505,2.1093,1.5594
2.6467,0.68015,2.1042,1.5543
2.6416,0.68015,2.1118,1.5543
2.6416,0.68779,2.1093,1.5518
2.6365,0.68015,2.1195,1.5518
2.6365,0.6725,2.122,1.5594
2.6493,0.67505,2.1068,1.5569
2.6442,0.68015,2.1068,1.5518
2.6416,0.68524,2.1144,1.5467
2.6416,0.68015,2.1169,1.5518
2.6416,0.6776,2.1169,1.5543
2.6365,0.6725,2.1169,1.5543
2.6467,0.6776,2.1169,1.5518
2.6391,0.68524,2.122,1.5467
2.634,0.67505,2.1195,1.5569
2.6467,0.67505,2.1068,1.5594
2.6442,0.68524,2.1093,1.5467
2.6314,0.68524,2.1169,1.5467
2.6365,0.6827,2.1093,1.5518
2.6391,0.67505,2.1093,1.5594
2.6416,0.6725,2.1042,1.5543
2.6518,0.68015,2.1093,1.5543
2.6391,0.68015,2.1093,1.5467
2.6314,0.68779,2.1169,1.5543
2.634,0.67505,2.1169,1.5569
2.6416,0.6776,2.1093,1.5594
2.6467,0.6827,2.1042,1.5543
2.6416,0.6827,2.1068,1.5543
2.6391,0.68779,2.1042,1.5543
2.6391,0.68015,2.1118,1.5543
2.6314,0.67505,2.1118,1.5594
2.6467,0.6776,2.0966,1.5594
2.6467,0.6827,2.0966,1.5543
2.6391,0.69034,2.1017,1.5543
2.6314,0.68524,2.1068,1.5543
2.6314,0.68015,2.1093,1.562
2.6391,0.6776,2.094,1.5594
2.6442,0.69034,2.0966,1.5543
2.6391,0.69034,2.0991,1.5467
2.6391,0.68779,2.0991,1.5543
2.6314,0.68524,2.1042,1.5543
2.6391,0.68015,2.0966,1.5594
2.6442,0.68015,2.0889,1.5543
2.6467,0.68779,2.0889,1.5492
2.6416,0.69289,2.094,1.5492
2.6416,0.69289,2.0966,1.5467
2.634,0.68524,2.1042,1.5594
2.6391,0.68015,2.094,1.5594
2.6442,0.68524,2.0889,1.5543
2.6391,0.68779,2.0966,1.5543
2.6391,0.68524,2.094,1.5543
2.6314,0.68524,2.1017,1.562
2.6365,0.68015,2.094,1.562
2.6442,0.68524,2.0889,1.5569
2.6365,0.69289,2.0966,1.5492
2.6416,0.68524,2.094,1.5569
2.6391,0.69034,2.094,1.562
2.6391,0.68524,2.094,1.5543
2.6416,0.68779,2.0915,1.5492
2.6314,0.68779,2.0991,1.5569
2.6416,0.68779,2.0915,1.5594
2.6391,0.68524,2.0915,1.5569
2.6442,0.69034,2.0915,1.5543
2.6416,0.69289,2.0915,1.5492
2.634,0.69289,2.1017,1.5543
2.6314,0.68779,2.0991,1.5569
2.6365,0.68524,2.0915,1.5645
2.6391,0.69034,2.0915,1.5543
2.6442,0.68779,2.0864,1.5543
2.6442,0.69289,2.0864,1.5492
2.634,0.69544,2.0915,1.5543
2.6314,0.68779,2.0966,1.5543
2.6391,0.68779,2.094,1.562
2.6365,0.68779,2.094,1.5569
2.6467,0.68779,2.0838,1.5543
2.6442,0.69544,2.0838,1.5518
2.6416,0.69544,2.0889,1.5492
2.6391,0.69034,2.0915,1.5569
2.6391,0.68524,2.0991,1.562
2.6391,0.6827,2.0915,1.562
2.6416,0.68779,2.0889,1.5569
2.6391,0.68779,2.0889,1.5569
2.6391,0.69289,2.0864,1.5543
2.634,0.68779,2.094,1.5569
2.6314,0.68015,2.0966,1.562
2.6442,0.6827,2.0838,1.562
2.6467,0.68779,2.0864,1.5569
2.6442,0.69289,2.0838,1.5569
2.6365,0.69544,2.0915,1.5467
2.6365,0.68779,2.0966,1.5569
2.6391,0.68015,2.0915,1.562
2.6442,0.68015,2.0838,1.5645
2.6467,0.69289,2.0864,1.5492
2.6391,0.69289,2.0915,1.5492
2.6365,0.68779,2.0991,1.5569
2.6391,0.68779,2.0915,1.562
2.6391,0.68779,2.094,1.5543
2.6365,0.68524,2.0915,1.5543
2.6391,0.69544,2.0915,1.5569
2.6314,0.69034,2.0966,1.5569
2.6365,0.6827,2.0889,1.5645
2.6467,0.68779,2.0864,1.5543
2.6391,0.69034,2.0889,1.5518
2.6416,0.69544,2.0915,1.5518
2.634,0.69544,2.0966,1.5594
2.634,0.68015,2.094,1.562
2.6391,0.6827,2.0915,1.562
2.6391,0.69034,2.0889,1.5543
2.6391,0.69034,2.0915,1.5569
2.6416,0.69289,2.0889,1.5569
2.634,0.68779,2.0966,1.5543
2.6314,0.6827,2.0966,1.5645
2.6467,0.68015,2.094,1.5645
2.6442,0.6827,2.0864,1.5569
2.6391,0.68779,2.094,1.5518
2.6391,0.68524,2.094,1.5569
2.6391,0.68779,2.094,1.5543
2.6416,0.68524,2.094,1.5543
2.6467,0.68779,2.0864,1.5543
2.6391,0.69544,2.0915,1.5518
2.634,0.68524,2.0966,1.5594
2.6391,0.68015,2.094,1.5645
2.6391,0.68779,2.0864,1.5543
2.6416,0.68524,2.0915,1.5518
2.6391,0.68524,2.0915,1.5569
2.6391,0.68779,2.094,1.562
2.6391,0.68779,2.094,1.5594
2.6416,0.68524,2.094,1.5518
2.6391,0.69289,2.0966,1.5518
2.6314,0.68779,2.1017,1.5645
2.6416,0.68015,2.094,1.5645
2.6442,0.68524,2.0889,1.5569
2.6416,0.69544,2.0966,1.5543
2.634,0.68524,2.094,1.5543
2.6416,0.68015,2.094,1.562
2.6467,0.68524,2.0889,1.5569
2.6416,0.69289,2.094,1.5518
2.6314,0.69034,2.1017,1.5569
2.634,0.68015,2.094,1.562
2.6518,0.6827,2.0889,1.5569
2.6493,0.69289,2.0889,1.5492
2.634,0.69289,2.094,1.5518
2.634,0.68779,2.0991,1.5543
2.6416,0.68015,2.094,1.5569
2.6467,0.6827,2.0889,1.5569
2.6467,0.69289,2.0889,1.5518
2.634,0.69289,2.0915,1.5518
2.634,0.68524,2.0966,1.5569
2.6365,0.69034,2.0915,1.562
2.6416,0.69034,2.0889,1.5569
2.6467,0.69034,2.0813,1.5569
2.6416,0.69289,2.0864,1.5543
2.6391,0.69544,2.094,1.5492
2.634,0.6827,2.094,1.562
2.6391,0.68779,2.0838,1.5594
2.6391,0.69289,2.0813,1.5543
2.6467,0.69289,2.0813,1.5543
2.6391,0.69799,2.0838,1.5492
2.6365,0.69799,2.0864,1.5569
2.6365,0.68524,2.0864,1.562
2.6416,0.68779,2.0736,1.562
2.6467,0.69289,2.0711,1.5543
2.6416,0.69544,2.0787,1.5492
2.6365,0.70054,2.0838,1.5467
2.6365,0.69544,2.0838,1.562
2.6416,0.68779,2.0787,1.562
2.6467,0.69544,2.0711,1.5467
2.6416,0.70054,2.0762,1.5518
2.6365,0.68779,2.0838,1.5594
2.6416,0.68779,2.0787,1.562
2.6467,0.69289,2.0685,1.5569
2.6416,0.70054,2.0813,1.5492
2.6365,0.69544,2.0838,1.562
2.6493,0.68779,2.0762,1.562
2.6467,0.69289,2.0711,1.5569
2.6416,0.69799,2.0787,1.5492
2.6314,0.69289,2.0813,1.5543
2.6391,0.68524,2.0762,1.5645
2.6416,0.69289,2.0787,1.5543
2.6416,0.69289,2.0762,1.5492
2.6416,0.69289,2.0762,1.5569
2.634,0.69289,2.0813,1.5543
2.6391,0.69289,2.0813,1.5543
2.6416,0.69289,2.0813,1.5543
2.6416,0.69799,2.0838,1.5543
2.6365,0.69289,2.0864,1.5543
2.634,0.68779,2.0864,1.562
2.6467,0.68524,2.0762,1.562
2.6467,0.69289,2.0736,1.5569
2.6416,0.69799,2.0813,1.5518
2.6365,0.69289,2.0864,1.5543
2.634,0.68524,2.0864,1.5645
2.6467,0.68524,2.0736,1.5594
2.6493,0.69289,2.0736,1.5569
2.6442,0.70054,2.0787,1.5492
2.6416,0.69289,2.0787,1.5543
2.634,0.69289,2.0762,1.5543
2.6416,0.69289,2.0787,1.5569
2.6493,0.69289,2.0736,1.5569
2.6493,0.70054,2.0736,1.5518
2.6416,0.69799,2.0838,1.5518
2.6416,0.69289,2.0787,1.5543
2.6416,0.69289,2.0787,1.5569
2.6391,0.69289,2.0787,1.5543
2.6467,0.69289,2.0736,1.5569
2.6416,0.69799,2.0762,1.5492
2.6365,0.69289,2.0864,1.5543
2.6416,0.68524,2.0787,1.562
2.6493,0.68779,2.0736,1.5569
2.6493,0.69289,2.0736,1.5492
2.6416,0.70054,2.0787,1.5492
2.6416,0.69289,2.0813,1.5569
2.6416,0.69034,2.0864,1.5594
2.6416,0.6827,2.0762,1.562
2.6493,0.69289,2.0736,1.5467
2.6416,0.69799,2.0813,1.5518
2.6416,0.69034,2.0787,1.5569
2.6416,0.69289,2.0813,1.5645
2.6416,0.68524,2.0762,1.562
2.6493,0.69799,2.0762,1.5492
2.6365,0.69544,2.0813,1.5518
2.6365,0.68524,2.0864,1.562
2.6518,0.68524,2.0762,1.562
2.6493,0.69289,2.0762,1.5467
2.6365,0.69799,2.0838,1.5518
2.6391,0.69289,2.0889,1.5569
2.6442,0.68524,2.0813,1.5543
2.6493,0.69034,2.0762,1.5569
2.6416,0.69799,2.0838,1.5518
2.6391,0.68524,2.0889,1.5594
2.6442,0.6827,2.0813,1.562
2.6416,0.69034,2.0838,1.5569
2.6518,0.69034,2.0736,1.5543
2.6416,0.69799,2.0813,1.5518
2.6391,0.69799,2.0864,1.5569
2.6391,0.68524,2.0864,1.5645
2.6442,0.6827,2.0813,1.562
2.6493,0.69034,2.0711,1.5492
2.6442,0.69799,2.0787,1.5518
2.6442,0.69289,2.0787,1.5569
2.6416,0.69289,2.0864,1.5543
2.6442,0.68524,2.0787,1.5569
2.6493,0.69289,2.0813,1.5569
2.6416,0.69289,2.0813,1.5569
2.6416,0.69034,2.0889,1.5569
2.6416,0.6827,2.0813,1.562
2.6493,0.69289,2.0762,1.5569
2.6416,0.69799,2.0813,1.5518
2.6416,0.69289,2.0864,1.5569
2.6416,0.69289,2.0838,1.562
2.6416,0.69034,2.0838,1.5569
2.6493,0.69544,2.0787,1.5492
2.6416,0.69544,2.0864,1.5543
2.6416,0.69034,2.0915,1.5543
2.6416,0.68524,2.0889,1.5594
2.6416,0.69034,2.0889,1.5518
2.6442,0.69034,2.0889,1.5543
2.6442,0.68524,2.0915,1.5543
2.6365,0.68779,2.094,1.5569
2.6442,0.68015,2.094,1.5543
2.6493,0.68779,2.0889,1.5543
2.6416,0.69289,2.0966,1.5467
2.6365,0.68524,2.1042,1.5543
2.6416,0.68015,2.0966,1.5594
2.6442,0.6827,2.1017,1.5518
2.6493,0.6827,2.0966,1.5543
2.6442,0.68524,2.0991,1.5543
2.6365,0.68524,2.1042,1.5543
2.6365,0.68524,2.0991,1.5594
2.6416,0.68015,2.0991,1.5543
2.6518,0.68524,2.094,1.5543
2.6493,0.69289,2.094,1.5467
2.6416,0.69289,2.1017,1.5467
2.6365,0.6827,2.1068,1.5518
2.6416,0.68524,2.1017,1.5569
2.6442,0.68524,2.0991,1.5518
2.6493,0.68524,2.094,1.5492
2.6442,0.69034,2.1017,1.5467
2.6442,0.68524,2.1017,1.5518
2.6365,0.68524,2.1042,1.5543
2.6391,0.6776,2.1042,1.5569
2.6493,0.68015,2.094,1.5594
2.6518,0.69034,2.094,1.5467
2.6416,0.69034,2.0966,1.5467
2.6365,0.68524,2.1042,1.5543
2.6365,0.6776,2.1068,1.562
2.6518,0.68015,2.0991,1.5543
2.6442,0.6827,2.0966,1.5543
2.6416,0.69034,2.0991,1.5543
2.6365,0.68524,2.1068,1.5543
2.6442,0.68015,2.0991,1.562
2.6416,0.6827,2.0915,1.5543
2.6416,0.68524,2.1017,1.5543
2.6365,0.68524,2.1068,1.5543
2.6416,0.68524,2.1017,1.5594
2.6442,0.68015,2.0991,1.5543
2.6518,0.68524,2.0889,1.5543
2.6493,0.69289,2.094,1.5467
2.6442,0.68524,2.0966,1.5543
2.6416,0.6827,2.1068,1.5543
2.6416,0.68015,2.0991,1.562
2.6493,0.68015,2.094,1.5569
2.6493,0.6827,2.094,1.5467
2.6442,0.69034,2.0966,1.5492
2.6416,0.68015,2.1068,1.5543
2.6467,0.68524,2.0966,1.5543
2.6416,0.68015,2.0991,1.5543
2.6518,0.68524,2.0915,1.5543
2.6416,0.69289,2.0966,1.5569
2.6365,0.68524,2.1017,1.5543
2.6442,0.68015,2.0966,1.562
2.6416,0.68524,2.0966,1.5543
2.6416,0.68524,2.0966,1.5543
2.6416,0.68524,2.0966,1.5569
2.6365,0.68524,2.0991,1.5543
2.6416,0.68015,2.094,1.5569
2.6493,0.68779,2.0889,1.5543
2.6416,0.69289,2.094,1.5492
2.6365,0.69289,2.1017,1.5543
2.634,0.68015,2.0991,1.562
2.6493,0.6827,2.0864,1.5543
2.6493,0.69034,2.0864,1.5518
2.6416,0.69544,2.0991,1.5492
2.6365,0.68015,2.0991,1.5594
2.6416,0.68015,2.0915,1.562
2.6493,0.68779,2.0864,1.5492
2.6416,0.69544,2.0991,1.5518
2.6391,0.68779,2.0991,1.5543
2.6442,0.68015,2.0915,1.562
2.6442,0.68779,2.0915,1.5569
2.6416,0.69034,2.094,1.5543
2.6416,0.69289,2.094,1.5467
2.6365,0.69289,2.0966,1.5543
2.6365,0.6827,2.0966,1.562
2.6493,0.6827,2.0864,1.562
2.6518,0.68524,2.0864,1.5467
2.6442,0.69799,2.0915,1.5492
2.6391,0.68015,2.1017,1.562
2.6416,0.68015,2.094,1.562
2.6493,0.68779,2.0889,1.5543
2.6365,0.69544,2.094,1.5492
2.6365,0.68015,2.0991,1.5645
2.6467,0.68779,2.0864,1.5569
2.6416,0.69289,2.094,1.5543
2.6365,0.68524,2.0966,1.5543
2.6442,0.68524,2.094,1.5543
2.6467,0.68524,2.094,1.5569
2.6442,0.69289,2.0915,1.5518
2.6365,0.68524,2.1017,1.5569
2.6416,0.68524,2.0915,1.5569
2.6442,0.68524,2.094,1.5492
2.6416,0.68779,2.094,1.5543
2.6442,0.68524,2.094,1.5645
2.6493,0.68779,2.0915,1.5543
2.6416,0.69289,2.0966,1.5492
2.6365,0.68524,2.1017,1.5543
2.6416,0.68015,2.094,1.562
2.6493,0.68779,2.0864,1.5569
2.6416,0.69289,2.094,1.5467
2.6365,0.69289,2.1017,1.5569
2.6416,0.68015,2.094,1.5594
2.6442,0.68524,2.0889,1.5467
2.6416,0.69289,2.1068,1.5492
2.6365,0.69034,2.1017,1.562
2.6416,0.68015,2.094,1.5594
2.6493,0.68779,2.0864,1.5569
2.6416,0.69289,2.0915,1.5492
2.6365,0.68779,2.0966,1.5569
2.6416,0.68524,2.0915,1.562
2.6416,0.68779,2.0915,1.5543
2.6467,0.69289,2.0838,1.5467
2.6365,0.69289,2.0991,1.5543
2.6365,0.6827,2.0966,1.562
2.6518,0.68015,2.0864,1.562
2.6493,0.69289,2.0864,1.5492
2.6365,0.68779,2.0966,1.5569
2.6442,0.6827,2.0889,1.562
2.6467,0.68779,2.0864,1.5543
2.6416,0.69289,2.0915,1.5492
2.6365,0.69289,2.0966,1.5543
2.6365,0.68015,2.0991,1.562
2.6493,0.68015,2.0838,1.5543
2.6493,0.69289,2.0838,1.5492
2.6416,0.69289,2.0966,1.5518
2.6365,0.6827,2.0966,1.562
2.6416,0.6827,2.0889,1.562
2.6493,0.68779,2.0838,1.5569
2.6416,0.69544,2.0864,1.5518
2.6365,0.68779,2.094,1.5569
2.634,0.68524,2.094,1.5645
2.6416,0.68779,2.0889,1.5569
2.6493,0.69034,2.0915,1.5543
2.6442,0.69544,2.0889,1.5569
2.6416,0.68779,2.0966,1.5569
2.6442,0.6827,2.0864,1.562
2.6493,0.68779,2.0838,1.5543
2.6493,0.69544,2.0889,1.5492
2.6416,0.69034,2.094,1.562
2.6442,0.69034,2.0915,1.5569
2.6493,0.68779,2.0813,1.5569
2.6442,0.69289,2.0864,1.5492
2.634,0.69034,2.094,1.5569
2.6442,0.68524,2.0864,1.5543
2.6518,0.68015,2.0813,1.5569
2.6493,0.69289,2.0813,1.5518
2.6416,0.69034,2.0889,1.5492
2.6365,0.6827,2.0966,1.5645
2.6493,0.68015,2.0838,1.5569
2.6493,0.69544,2.0864,1.5492
2.6391,0.69289,2.0966,1.5518
2.6416,0.69034,2.094,1.5569
2.6442,0.68524,2.094,1.5543
2.6416,0.68779,2.0864,1.5543
2.6416,0.68524,2.094,1.5543
2.6442,0.68779,2.1068,1.5594
2.6493,0.6776,2.094,1.5543
2.6493,0.69034,2.094,1.5467
2.6442,0.68524,2.1017,1.5518
2.6442,0.6827,2.1017,1.562
2.6442,0.68524,2.1042,1.5518
2.6442,0.6827,2.1042,1.5518
2.6442,0.6827,2.1068,1.5543
2.6391,0.6827,2.1118,1.5518
2.6467,0.6776,2.1068,1.5569
2.6518,0.6827,2.0991,1.5543
2.6442,0.69034,2.1068,1.5467
2.6416,0.69034,2.1169,1.5518
2.6467,0.67505,2.1068,1.5569
2.6544,0.6827,2.1042,1.5518
2.6518,0.68524,2.1042,1.5467
2.6391,0.69034,2.1169,1.5518
2.6391,0.67505,2.1169,1.5569
2.6493,0.67505,2.1068,1.5594
2.6518,0.6827,2.1017,1.5543
2.6467,0.6827,2.1093,1.5467
2.6442,0.6827,2.1068,1.5518
2.6416,0.6827,2.1068,1.5569
2.6467,0.68015,2.1068,1.5518
2.6442,0.69034,2.1068,1.5467
2.6365,0.6827,2.1118,1.5543
2.6442,0.67505,2.1068,1.5569
2.6518,0.6827,2.0966,1.5543
2.6442,0.69034,2.1042,1.5518
2.6391,0.6827,2.1068,1.5594
2.6442,0.68015,2.1068,1.5594
2.6518,0.6827,2.0966,1.5543
2.6416,0.69034,2.1042,1.5467
2.6365,0.68524,2.1068,1.5543
2.6416,0.6776,2.1042,1.5594
2.6518,0.6827,2.094,1.5543
2.6442,0.69289,2.1017,1.5543
2.6416,0.68524,2.1068,1.5543
2.6416,0.6776,2.1017,1.5518
2.6518,0.68524,2.094,1.5543
2.6442,0.68779,2.0966,1.5467
2.6365,0.68779,2.1017,1.5594
2.6416,0.6827,2.0915,1.5569
2.6518,0.69289,2.0889,1.5467
2.6442,0.69289,2.0966,1.5467
2.6416,0.68779,2.094,1.5543
2.6416,0.68779,2.094,1.5543
2.6493,0.6827,2.0864,1.5594
2.6518,0.68779,2.0864,1.5467
2.6416,0.69544,2.0991,1.5467
2.6365,0.6827,2.0966,1.5518
2.6442,0.6827,2.0889,1.562
2.6493,0.69289,2.0813,1.5467
2.6391,0.69544,2.0889,1.5543
2.6416,0.69034,2.0915,1.562
2.6416,0.68779,2.0889,1.5543
2.6442,0.69034,2.0864,1.5492
2.6391,0.69034,2.094,1.5543
2.6416,0.68524,2.0864,1.5543
2.6493,0.69034,2.0787,1.5543
2.6416,0.69799,2.0838,1.5492
2.6365,0.69289,2.0889,1.5594
2.6442,0.6827,2.0813,1.5594
2.6467,0.69799,2.0813,1.5467
2.6365,0.69799,2.0889,1.5492
2.6365,0.6827,2.0915,1.5594
2.6467,0.68524,2.0762,1.5594
2.6493,0.69289,2.0813,1.5543
2.6365,0.69034,2.0889,1.5543
2.6416,0.68779,2.0813,1.562
2.6416,0.69289,2.0813,1.5543
2.6442,0.69289,2.0813,1.5492
2.6442,0.69289,2.0813,1.5569
2.6416,0.69289,2.0787,1.5543
2.6416,0.69289,2.0787,1.5569
2.6391,0.69289,2.0787,1.5543
2.6416,0.69289,2.0787,1.5569
2.6416,0.69544,2.0787,1.5594
2.6416,0.69289,2.0762,1.5543
2.6416,0.70054,2.0762,1.5492
2.6365,0.69289,2.0864,1.5543
2.6416,0.68524,2.0762,1.5645
2.6467,0.69799,2.0711,1.5569
