0.49019,2.8062,3.6973,2.0363
0.48254,2.8139,3.7049,2.0363
0.47745,2.8062,3.7126,2.0414
0.48254,2.8088,3.7075,2.049
0.48254,2.8062,3.7049,2.0414
0.49019,2.8088,3.6999,2.0414
0.48254,2.8139,3.7024,2.0363
0.47999,2.8062,3.7126,2.0414
0.48254,2.8037,3.7049,2.0414
0.49019,2.8037,3.6999,2.0439
0.48509,2.8113,3.7049,2.0414
0.48254,2.8088,3.7049,2.0388
0.47999,2.8088,3.6999,2.0414
0.48509,2.8139,3.7024,2.0363
0.47999,2.8062,3.7126,2.0439
0.48254,2.8037,3.7049,2.0516
0.49019,2.8037,3.7075,2.0414
0.48254,2.8088,3.7049,2.0363
0.48254,2.8139,3.7049,2.0439
0.47745,2.8113,3.7126,2.0414
0.48254,2.8037,3.7024,2.0465
0.48254,2.8088,3.6973,2.0414
0.48254,2.8139,3.7049,2.0337
0.4749,2.8164,3.7126,2.0439
0.47999,2.8011,3.71,2.0465
0.48764,2.8037,3.6973,2.0439
0.49019,2.8139,3.7049,2.0363
0.47745,2.8164,3.7126,2.0414
0.47745,2.8011,3.7126,2.0465
0.49019,2.8011,3.6999,2.0414
0.48254,2.8062,3.7049,2.0388
0.47745,2.8139,3.7126,2.0439
0.47745,2.8037,3.7126,2.049
0.49019,2.8011,3.6973,2.0439
0.49019,2.8139,3.6999,2.0388
0.47999,2.8139,3.71,2.0439
0.47745,2.8011,3.71,2.049
0.49019,2.8011,3.6973,2.0414
0.49019,2.8139,3.6973,2.0363
0.47745,2.8139,3.71,2.0439
0.47745,2.7986,3.71,2.049
0.49019,2.8062,3.6999,2.0439
0.48254,2.8139,3.7049,2.0414
0.47999,2.8088,3.71,2.0439
0.48254,2.8011,3.7024,2.0439
0.48764,2.8088,3.6973,2.0439
0.47999,2.8139,3.7024,2.0414
0.47999,2.8088,3.7049,2.049
0.49019,2.8062,3.6973,2.0363
0.48254,2.8088,3.7024,2.0388
0.47745,2.8062,3.7126,2.049
0.48509,2.8011,3.7024,2.0439
0.49019,2.8062,3.6973,2.0414
0.48254,2.8139,3.7049,2.0363
0.4749,2.8088,3.7075,2.0414
0.48254,2.8037,3.7049,2.049
0.49019,2.8088,3.6973,2.0414
0.48254,2.8062,3.7075,2.0439
0.48254,2.8088,3.7024,2.0414
0.48254,2.8062,3.7024,2.0414
0.49019,2.8164,3.6973,2.0363
0.47745,2.8164,3.7075,2.0414
0.47745,2.8037,3.7049,2.049
0.48764,2.8088,3.6973,2.0414
0.48254,2.8139,3.7024,2.0337
0.47745,2.8088,3.71,2.0414
0.48509,2.8062,3.7049,2.0465
0.48764,2.819,3.6973,2.0388
0.48509,2.8088,3.7049,2.0363
0.48509,2.8113,3.7049,2.0414
0.48509,2.8113,3.7024,2.0414
0.48509,2.8164,3.7049,2.0337
0.47745,2.8113,3.7075,2.0388
0.48254,2.8088,3.7024,2.0439
0.49274,2.8113,3.6973,2.0388
0.48509,2.8164,3.7024,2.0363
0.47999,2.8088,3.71,2.0363
0.48509,2.8037,3.7024,2.0388
0.49019,2.8088,3.6973,2.0363
0.48509,2.819,3.7024,2.0337
0.47999,2.8113,3.71,2.0388
0.48509,2.8062,3.7024,2.0439
0.49274,2.8139,3.6973,2.0312
0.48509,2.8164,3.7024,2.0286
0.4749,2.8113,3.7075,2.0388
0.48254,2.8062,3.7024,2.0439
0.49019,2.8113,3.6948,2.0312
0.48254,2.819,3.6999,2.0312
0.47745,2.8113,3.71,2.0465
0.48509,2.8062,3.7024,2.0465
0.49274,2.819,3.6973,2.0337
0.48509,2.8164,3.7024,2.0337
0.47745,2.8062,3.7075,2.0439
0.49019,2.8062,3.6973,2.0465
0.49274,2.8113,3.6948,2.0312
0.47999,2.819,3.71,2.0286
0.47745,2.8037,3.7075,2.0439
0.49274,2.8062,3.6973,2.0388
0.48764,2.819,3.7024,2.0286
0.47999,2.8139,3.7075,2.0363
0.48509,2.8062,3.7024,2.0414
0.49274,2.8139,3.6973,2.0363
0.48509,2.8215,3.7024,2.0286
0.47745,2.8139,3.7075,2.0363
0.48509,2.8037,3.6999,2.0363
0.49274,2.8113,3.6973,2.0363
0.48764,2.819,3.7049,2.0363
0.48254,2.8139,3.7075,2.0363
0.48764,2.8062,3.7024,2.0363
0.49274,2.8139,3.6973,2.0388
0.48509,2.8215,3.6999,2.0363
0.47999,2.8139,3.7075,2.0337
0.48764,2.8062,3.7024,2.0337
0.49274,2.8139,3.6948,2.0363
0.48764,2.8215,3.7024,2.0363
0.47999,2.8139,3.7075,2.0337
0.48764,2.8062,3.7049,2.0414
0.49019,2.8139,3.6973,2.0337
0.49529,2.8215,3.6922,2.0261
0.48509,2.8139,3.7024,2.0363
0.48254,2.8139,3.7075,2.0363
0.48764,2.8139,3.7024,2.0363
0.49274,2.8139,3.7024,2.0363
0.48764,2.8139,3.7024,2.0363
0.48764,2.8139,3.7049,2.0363
0.48509,2.8062,3.7024,2.0363
0.48509,2.8139,3.6973,2.0363
0.48509,2.8139,3.7024,2.0363
0.47999,2.8139,3.6999,2.0363
0.48764,2.8113,3.6999,2.0388
0.48509,2.8139,3.7024,2.0363
0.48764,2.8139,3.6999,2.0337
0.48509,2.8139,3.7024,2.0363
0.48509,2.8139,3.6999,2.0363
0.48254,2.8139,3.7024,2.0388
0.48509,2.8113,3.6973,2.0363
0.48509,2.8113,3.7075,2.0414
0.48764,2.8062,3.6999,2.0439
0.49019,2.8139,3.6948,2.0388
0.48254,2.8139,3.6973,2.0286
0.48509,2.8139,3.7024,2.0363
0.48509,2.8113,3.6999,2.0363
0.48764,2.8139,3.6999,2.0363
0.48509,2.8139,3.6999,2.0286
0.48509,2.8139,3.7024,2.0363
0.48764,2.8139,3.7049,2.0414
0.48764,2.8139,3.7024,2.0363
0.49274,2.8164,3.6948,2.0286
0.47999,2.819,3.7075,2.0337
0.48764,2.8062,3.7024,2.0388
0.49019,2.8139,3.6922,2.0337
0.49274,2.8215,3.6973,2.0261
0.48764,2.8139,3.7024,2.0337
0.47999,2.8139,3.6999,2.0363
0.49019,2.8088,3.6973,2.0388
0.49274,2.8139,3.6948,2.0337
0.48764,2.8215,3.7024,2.0261
0.47999,2.8164,3.7075,2.0337
0.48509,2.8088,3.6999,2.0388
0.49274,2.8139,3.6948,2.0337
0.48764,2.8215,3.7024,2.0261
0.48254,2.8139,3.7049,2.0312
0.49019,2.8062,3.6999,2.0414
0.49529,2.8139,3.6948,2.0337
0.48509,2.8215,3.7024,2.0261
0.48764,2.8139,3.7024,2.0337
0.47999,2.8139,3.7075,2.0363
0.48509,2.8088,3.6999,2.0414
0.49529,2.8139,3.6948,2.0337
0.48509,2.819,3.7024,2.0261
0.48764,2.8139,3.6999,2.0337
0.48509,2.8139,3.7024,2.0414
0.48764,2.8139,3.6999,2.0337
0.48764,2.8139,3.6999,2.0286
0.48764,2.8139,3.6999,2.0337
0.48509,2.8139,3.6999,2.0414
0.48764,2.8164,3.6999,2.0363
0.48764,2.8139,3.6999,2.0337
0.48764,2.8241,3.7024,2.0337
0.47999,2.8164,3.7075,2.0312
0.48764,2.8088,3.7024,2.0388
0.49529,2.819,3.6948,2.0312
0.48764,2.8215,3.6999,2.0235
0.48764,2.8139,3.71,2.0312
0.48764,2.8088,3.7024,2.0388
0.49529,2.8139,3.6948,2.0312
0.49019,2.8215,3.6999,2.0261
0.48254,2.8139,3.7075,2.0337
0.48764,2.8062,3.6999,2.0312
0.49529,2.8113,3.6973,2.0337
0.49019,2.8215,3.7024,2.0261
0.47999,2.8215,3.71,2.0312
0.48764,2.8139,3.6999,2.0312
0.48764,2.8139,3.6999,2.0337
0.49529,2.8139,3.6948,2.0337
0.48764,2.8215,3.7024,2.0337
0.47999,2.8215,3.7075,2.0337
0.48254,2.8088,3.7075,2.0388
0.48509,2.8062,3.6922,2.0363
0.49529,2.8215,3.6948,2.0337
0.49019,2.8215,3.6999,2.0261
0.49019,2.8164,3.6999,2.0337
0.48764,2.8164,3.6999,2.0312
0.48764,2.8088,3.6999,2.0286
0.49529,2.8139,3.6948,2.0312
0.48764,2.8215,3.6999,2.0261
0.47999,2.8164,3.7075,2.0312
0.48509,2.8088,3.7075,2.0363
0.48764,2.8113,3.6948,2.0363
0.49274,2.8139,3.6973,2.0261
0.49019,2.8241,3.7024,2.0235
0.48254,2.8139,3.7075,2.0286
0.48764,2.8164,3.7024,2.0363
0.49019,2.8139,3.7024,2.0286
0.49529,2.819,3.6948,2.0235
0.49019,2.8215,3.7024,2.0235
0.48254,2.8164,3.7075,2.0312
0.49019,2.8139,3.7049,2.0337
0.48764,2.8139,3.7024,2.0312
0.49529,2.819,3.6973,2.0286
0.49019,2.8215,3.7049,2.021
0.48509,2.819,3.7075,2.0261
0.49019,2.8088,3.7024,2.0337
0.49529,2.8164,3.6973,2.0261
0.49019,2.8215,3.7024,2.0286
0.48254,2.8164,3.71,2.0286
0.49019,2.8139,3.7049,2.0286
0.49529,2.8139,3.6973,2.0261
0.49019,2.8215,3.7024,2.021
0.48509,2.819,3.7024,2.0261
0.49019,2.8113,3.7024,2.0286
0.49529,2.8164,3.6999,2.0286
0.48509,2.8215,3.7075,2.0261
0.48509,2.8113,3.7075,2.0337
0.49529,2.819,3.6948,2.0261
0.49019,2.8241,3.7024,2.0235
0.48254,2.8266,3.7075,2.0261
0.48509,2.8113,3.7075,2.0337
0.49019,2.8113,3.6948,2.0363
0.49529,2.819,3.6948,2.0286
0.49019,2.8241,3.6999,2.0235
0.48509,2.819,3.7075,2.0286
0.48254,2.819,3.6999,2.0363
0.49019,2.8139,3.7024,2.0286
0.49529,2.8139,3.6973,2.0286
0.49019,2.8241,3.7024,2.0235
0.48254,2.8215,3.7075,2.0286
0.48509,2.8113,3.7075,2.0363
0.48764,2.8088,3.6999,2.0363
0.49529,2.819,3.6948,2.0312
0.48764,2.8139,3.6999,2.0235
0.49019,2.8164,3.7024,2.0286
0.48764,2.819,3.7024,2.0312
0.49019,2.8088,3.6999,2.0286
0.49529,2.8113,3.6948,2.0312
0.49274,2.8164,3.6948,2.0286
0.49019,2.819,3.7024,2.0286
0.47999,2.8139,3.7075,2.0312
0.48764,2.8113,3.6999,2.0312
0.49529,2.8164,3.6948,2.0286
0.49529,2.8241,3.6948,2.0235
0.48254,2.8215,3.7075,2.0235
0.48254,2.8113,3.71,2.0337
0.49529,2.8113,3.7024,2.0363
0.49529,2.8164,3.6973,2.0286
0.49019,2.8215,3.6999,2.0286
0.48254,2.8139,3.7075,2.0312
0.48509,2.8113,3.6999,2.0363
0.49274,2.8088,3.6948,2.0312
0.49529,2.8139,3.6948,2.0235
0.49019,2.819,3.6999,2.0235
0.48254,2.819,3.7075,2.0286
0.48764,2.8164,3.7024,2.0363
0.49019,2.8113,3.7024,2.0286
0.49529,2.8139,3.6948,2.0312
0.48764,2.8215,3.6973,2.0261
0.48254,2.8139,3.7075,2.0312
0.48509,2.8164,3.6999,2.0363
0.48764,2.8164,3.6999,2.0286
0.49529,2.8139,3.6922,2.0261
0.48764,2.8215,3.6999,2.0235
0.48254,2.8139,3.7075,2.0286
0.49019,2.8062,3.6999,2.0363
0.49529,2.8139,3.6948,2.0286
0.48764,2.8241,3.6999,2.0261
0.48764,2.8164,3.6973,2.0312
0.48509,2.8164,3.6999,2.0312
0.48509,2.8088,3.6999,2.0363
0.49274,2.8139,3.6922,2.0235
0.48764,2.8215,3.6999,2.0261
0.48509,2.8215,3.7075,2.0286
0.47999,2.8088,3.7049,2.0388
0.49019,2.8088,3.6999,2.0388
0.49274,2.8164,3.6922,2.0261
0.48764,2.8241,3.7049,2.0261
0.47999,2.8139,3.7075,2.0312
0.48764,2.8088,3.6999,2.0363
0.48764,2.8164,3.6973,2.0312
0.48764,2.8139,3.6973,2.0261
0.47999,2.8139,3.7049,2.0312
0.48764,2.8164,3.6999,2.0388
0.49019,2.8139,3.6973,2.0286
0.49274,2.8215,3.6922,2.0235
0.48254,2.8215,3.7075,2.0312
0.47999,2.8088,3.7075,2.0363
0.48764,2.8139,3.6999,2.0312
0.48764,2.8139,3.7024,2.0286
0.49019,2.8215,3.7024,2.0312
0.47999,2.8139,3.71,2.0312
0.48764,2.8088,3.6973,2.0363
0.48764,2.8139,3.6999,2.0286
0.48764,2.8139,3.6973,2.0261
0.48764,2.8139,3.6973,2.0312
0.48764,2.8139,3.6999,2.0312
0.48764,2.8139,3.6999,2.0312
0.48764,2.8139,3.6973,2.0337
0.48764,2.8215,3.6973,2.0337
0.47999,2.8113,3.7049,2.0363
0.48764,2.8113,3.6973,2.0388
0.49274,2.8139,3.6922,2.0312
0.48764,2.8215,3.6973,2.0261
0.48764,2.8164,3.6999,2.0286
0.47999,2.8139,3.6973,2.0337
0.48509,2.8113,3.6973,2.0388
0.49529,2.8164,3.6922,2.0337
0.49529,2.8241,3.6922,2.0261
0.48764,2.8215,3.7024,2.0261
0.47999,2.8139,3.7024,2.0363
0.48509,2.8088,3.6973,2.0363
0.49019,2.8139,3.6922,2.0312
0.48764,2.8164,3.6973,2.0261
0.48764,2.8241,3.6973,2.0312
0.48254,2.8113,3.7049,2.0363
0.49019,2.8113,3.6973,2.0363
0.49529,2.8139,3.6922,2.0312
0.49019,2.8215,3.6973,2.0261
0.48764,2.8164,3.7024,2.0261
0.49019,2.819,3.6973,2.0312
0.48509,2.8113,3.6999,2.0286
0.49529,2.8164,3.6948,2.0312
0.48509,2.8241,3.6973,2.0235
0.47999,2.8164,3.7049,2.0286
0.48764,2.8113,3.7024,2.0286
0.49274,2.8113,3.6922,2.0286
0.49529,2.8215,3.6922,2.0261
0.48254,2.8215,3.7024,2.0261
0.48254,2.8164,3.7024,2.0363
0.49019,2.8113,3.6973,2.0363
0.48764,2.8164,3.6973,2.0286
0.49529,2.8215,3.6922,2.0286
0.49019,2.8241,3.6973,2.0286
0.48254,2.8215,3.7075,2.0286
0.48254,2.8113,3.7049,2.0363
0.49529,2.8113,3.6973,2.0363
0.49529,2.819,3.6948,2.0235
0.48509,2.8241,3.7049,2.0235
0.48254,2.8113,3.7075,2.0337
0.49529,2.8113,3.6922,2.0261
0.49529,2.8241,3.6999,2.0235
0.48254,2.8164,3.7049,2.0261
0.48764,2.8113,3.6973,2.0286
0.49784,2.819,3.6948,2.0286
0.48764,2.8266,3.6999,2.0235
0.48764,2.819,3.7049,2.0286
0.48764,2.8113,3.6973,2.0337
0.49529,2.8241,3.6948,2.021
0.49019,2.8241,3.6999,2.0261
0.48764,2.8164,3.6973,2.0286
0.49019,2.819,3.6973,2.0286
0.49274,2.819,3.6973,2.0312
0.48764,2.819,3.6973,2.0286
0.48254,2.819,3.7049,2.0286
0.48764,2.8088,3.6973,2.0363
0.49274,2.8164,3.6922,2.0286
0.49019,2.819,3.6973,2.0235
0.49019,2.8164,3.6973,2.0286
0.47999,2.8113,3.7075,2.0363
0.49529,2.8113,3.6922,2.0363
0.49529,2.8164,3.6922,2.0261
0.48254,2.8241,3.6973,2.0261
0.48254,2.819,3.7024,2.0286
0.48254,2.8139,3.7024,2.0363
0.49529,2.8113,3.6922,2.0363
0.49529,2.8215,3.6897,2.0286
0.49019,2.8215,3.6973,2.0286
0.48254,2.819,3.7049,2.0312
0.48254,2.8088,3.7049,2.0363
0.49529,2.8113,3.6897,2.0363
0.49529,2.8164,3.6897,2.0235
0.48764,2.8241,3.6973,2.0235
0.48254,2.8139,3.7024,2.0388
0.48764,2.8088,3.6973,2.0363
0.49529,2.8164,3.6922,2.0261
0.48764,2.8215,3.6973,2.0261
0.48764,2.8164,3.6948,2.0286
0.48254,2.8139,3.6973,2.0312
0.48764,2.8088,3.6922,2.0363
0.49529,2.8139,3.6897,2.0261
0.48764,2.8215,3.6973,2.0235
0.47999,2.8164,3.7024,2.0312
0.48509,2.8164,3.7024,2.0363
0.49274,2.8088,3.6922,2.0363
0.49529,2.8139,3.6897,2.0235
0.47999,2.8241,3.6973,2.0261
0.48254,2.8164,3.7024,2.0363
0.48764,2.8164,3.6973,2.0363
0.48764,2.8164,3.6973,2.0363
0.49274,2.819,3.6922,2.0235
0.48254,2.8241,3.6973,2.0235
0.48764,2.8164,3.6973,2.0286
0.48509,2.8164,3.6973,2.0363
0.48764,2.8164,3.6973,2.0286
0.48764,2.819,3.6973,2.0235
0.48764,2.8241,3.7049,2.0235
0.48254,2.8113,3.7049,2.0363
0.49274,2.8139,3.6973,2.0363
0.49529,2.8139,3.6922,2.0312
0.48764,2.819,3.6973,2.0286
0.48254,2.8164,3.7049,2.0312
0.47999,2.8113,3.6973,2.0337
0.49529,2.8088,3.6922,2.0286
0.49529,2.8139,3.6922,2.0235
0.47999,2.8241,3.6948,2.0235
0.47999,2.8164,3.7024,2.0312
0.47999,2.8088,3.6973,2.0363
0.48764,2.819,3.6948,2.0286
0.49274,2.8164,3.6897,2.0312
0.48764,2.8241,3.6973,2.0337
0.47999,2.8164,3.7049,2.0312
0.48764,2.8113,3.6973,2.0363
0.48764,2.8164,3.6948,2.0286
0.48764,2.8139,3.6973,2.0312
0.48764,2.8164,3.6973,2.0312
0.47999,2.8139,3.7024,2.0312
0.48764,2.8164,3.6973,2.0286
0.49529,2.8164,3.6897,2.0286
0.48764,2.8215,3.6948,2.0235
0.47999,2.8164,3.7024,2.0286
0.48764,2.8164,3.6973,2.0363
0.48764,2.8164,3.6973,2.0286
0.49529,2.8215,3.6922,2.0261
0.47999,2.8215,3.7024,2.0235
0.47999,2.819,3.6973,2.0286
0.48764,2.8164,3.6973,2.0286
0.49529,2.8164,3.6922,2.0261
0.49019,2.8215,3.7024,2.0235
0.48254,2.8088,3.7024,2.0363
0.49274,2.8088,3.6922,2.0363
0.49529,2.8215,3.6922,2.0235
0.47999,2.8215,3.7049,2.0235
0.47999,2.8113,3.7024,2.0337
0.49529,2.8113,3.6922,2.0363
0.49274,2.8241,3.6897,2.0235
0.48254,2.8215,3.7049,2.0261
0.48254,2.8088,3.7049,2.0363
0.49529,2.8113,3.6922,2.0286
0.49274,2.8241,3.6897,2.0235
0.48254,2.8241,3.7024,2.0235
0.48509,2.8088,3.7075,2.0388
0.49529,2.8113,3.6922,2.0312
0.49529,2.8241,3.6897,2.0235
0.47999,2.8241,3.7024,2.0286
0.47999,2.8113,3.7024,2.0363
0.49019,2.8113,3.6922,2.0312
0.49274,2.8215,3.6897,2.0261
0.47999,2.8164,3.6999,2.0286
0.48764,2.8113,3.6897,2.0363
0.49274,2.8215,3.6922,2.0286
0.48764,2.8164,3.6973,2.0286
0.47999,2.819,3.7024,2.0286
0.48764,2.8113,3.6948,2.0337
0.48764,2.819,3.6973,2.0286
0.49019,2.8164,3.6922,2.0286
0.49019,2.8215,3.6973,2.0286
0.47999,2.819,3.7049,2.0363
0.48509,2.8113,3.6973,2.0286
0.49019,2.819,3.6948,2.0261
0.48764,2.8215,3.6973,2.0235
0.47999,2.8164,3.7024,2.0261
0.49019,2.8215,3.6948,2.0363
0.49019,2.8164,3.6973,2.0261
0.48764,2.819,3.6973,2.0286
0.49019,2.8164,3.6948,2.0261
0.48509,2.8139,3.6973,2.0261
0.48764,2.8113,3.6948,2.0312
0.49529,2.819,3.6922,2.0261
0.48764,2.8241,3.6973,2.0261
0.48254,2.8164,3.7049,2.0261
0.49019,2.8113,3.6999,2.0286
0.49529,2.819,3.6871,2.0261
0.49019,2.819,3.6999,2.0184
0.48509,2.8241,3.7049,2.0261
0.48764,2.8113,3.7049,2.0312
0.49529,2.8139,3.6922,2.0312
0.49529,2.8241,3.6922,2.021
0.48764,2.8241,3.6973,2.021
0.48254,2.8164,3.7075,2.0261
0.48764,2.8113,3.6973,2.0312
0.49019,2.819,3.6922,2.0261
0.49019,2.819,3.6973,2.0235
