0.31175,2.1613,3.083,1.4625
0.31685,2.1613,3.083,1.4625
0.3143,2.1536,3.0677,1.4702
0.31685,2.1613,3.0754,1.4625
0.32195,2.1613,3.0754,1.4625
0.3245,2.1689,3.0677,1.4574
0.31685,2.1689,3.0754,1.4549
0.31685,2.1613,3.0754,1.46
0.31175,2.1613,3.0805,1.46
0.31175,2.1613,3.083,1.4676
0.31685,2.1613,3.0754,1.46
0.31685,2.1562,3.0728,1.4651
0.31685,2.1613,3.0754,1.46
0.3245,2.1613,3.0703,1.46
0.32195,2.1664,3.0703,1.4549
0.31175,2.1664,3.083,1.4549
0.31175,2.1613,3.083,1.46
0.32195,2.1536,3.0754,1.4676
0.32705,2.1613,3.0677,1.4574
0.31685,2.1613,3.0728,1.4549
0.31685,2.1689,3.0728,1.4574
0.31175,2.1689,3.0805,1.4574
0.31175,2.1562,3.0805,1.4651
0.3245,2.1562,3.0677,1.4574
0.32195,2.1689,3.0677,1.4498
0.31685,2.1689,3.0728,1.4498
0.31685,2.1613,3.0754,1.4549
0.3143,2.1613,3.0805,1.4549
0.3143,2.1587,3.0805,1.4625
0.3194,2.1562,3.0677,1.4651
0.32705,2.1638,3.0703,1.4574
0.31685,2.1613,3.0677,1.4549
0.3194,2.1689,3.0754,1.4523
0.31175,2.1689,3.0805,1.4498
0.31175,2.1613,3.083,1.4549
0.3143,2.1638,3.0754,1.4523
0.3194,2.1562,3.0754,1.46
0.31685,2.1562,3.0703,1.46
0.3245,2.1638,3.0677,1.4549
0.32705,2.1638,3.0754,1.4549
0.3194,2.1689,3.0779,1.4472
0.3194,2.1638,3.0754,1.4523
0.3143,2.1613,3.083,1.4549
0.3143,2.1562,3.083,1.46
0.3194,2.1587,3.0754,1.4574
0.32705,2.1638,3.0703,1.4549
0.3194,2.1638,3.0754,1.4447
0.3194,2.1715,3.0779,1.4447
0.31685,2.1689,3.0754,1.4472
0.31685,2.1638,3.0805,1.4523
0.32195,2.1638,3.0779,1.46
0.32705,2.1587,3.0703,1.4574
0.32705,2.1613,3.0703,1.4447
0.3194,2.1715,3.0779,1.4447
0.3245,2.1638,3.0754,1.4498
0.3194,2.1664,3.083,1.4523
0.32195,2.1562,3.0754,1.4574
0.3194,2.1613,3.0779,1.4523
0.3194,2.1638,3.0754,1.4523
0.3194,2.1689,3.0754,1.4498
0.3143,2.1638,3.0856,1.4523
0.3143,2.1562,3.0856,1.4574
0.3194,2.1587,3.0805,1.4498
0.32705,2.1638,3.0703,1.4498
0.32705,2.1715,3.0728,1.4447
0.3143,2.1689,3.083,1.4447
0.3143,2.1638,3.083,1.4574
0.32195,2.1587,3.0754,1.4574
0.3194,2.1638,3.0779,1.4549
0.32705,2.1613,3.0728,1.4498
0.32705,2.1613,3.0728,1.4523
0.32195,2.1689,3.0779,1.4447
0.3143,2.1715,3.0856,1.4421
0.3143,2.1638,3.083,1.4523
0.3143,2.1638,3.0856,1.4498
0.31685,2.1562,3.083,1.4549
0.32195,2.1613,3.0703,1.4549
0.3245,2.1638,3.0805,1.4498
0.32705,2.1638,3.0779,1.4498
0.32705,2.1715,3.0728,1.4421
0.3143,2.1715,3.0754,1.4447
0.3143,2.1689,3.083,1.4498
0.32195,2.1664,3.0779,1.4498
0.32195,2.1613,3.0779,1.4549
0.3296,2.1587,3.0728,1.4549
0.32705,2.1613,3.0728,1.4472
0.32195,2.1664,3.0779,1.4447
0.3245,2.1715,3.0754,1.4498
0.31685,2.1715,3.083,1.4498
0.31685,2.1664,3.083,1.4498
0.32195,2.1689,3.0779,1.4498
0.32195,2.1613,3.0779,1.4523
0.32195,2.1613,3.0779,1.4549
0.3296,2.1587,3.0728,1.4523
0.32705,2.1664,3.0703,1.4421
0.3194,2.1715,3.0805,1.4447
0.32195,2.1638,3.0805,1.4498
0.31685,2.1638,3.0856,1.4498
0.3143,2.1664,3.0856,1.4549
0.32195,2.1664,3.0779,1.4574
0.32195,2.1587,3.0779,1.4574
0.3194,2.1638,3.0779,1.4523
0.32705,2.1638,3.0728,1.4523
0.32705,2.1715,3.0728,1.4472
0.3194,2.1715,3.0779,1.4447
0.32195,2.1638,3.0779,1.4523
0.3143,2.1638,3.0856,1.4498
0.3194,2.1587,3.0779,1.4574
0.32705,2.1613,3.0703,1.46
0.32705,2.1664,3.0728,1.4523
0.32195,2.1664,3.0805,1.4523
0.31685,2.1715,3.0754,1.4447
0.32195,2.1715,3.0754,1.4447
0.3143,2.1638,3.0856,1.4523
0.32195,2.1664,3.0779,1.4523
0.3194,2.1562,3.0754,1.4523
0.32705,2.1638,3.0703,1.4523
0.32705,2.1689,3.0728,1.4447
0.3143,2.174,3.0779,1.4472
0.3143,2.1638,3.083,1.4549
0.3194,2.1638,3.0779,1.4549
0.3194,2.1638,3.0779,1.4523
0.3245,2.1638,3.0703,1.4549
0.32705,2.1638,3.0754,1.4523
0.3194,2.1715,3.0779,1.4498
0.31175,2.1689,3.0856,1.4549
0.3143,2.1587,3.0856,1.46
0.3194,2.1587,3.0779,1.46
0.31685,2.1638,3.0779,1.4549
0.3194,2.1638,3.0779,1.4549
0.3194,2.1689,3.0754,1.4498
0.31175,2.1689,3.0856,1.4498
0.3143,2.1638,3.083,1.4651
0.31685,2.1587,3.0754,1.4625
0.31685,2.1664,3.0754,1.4549
0.32705,2.1613,3.0754,1.46
0.31685,2.1689,3.0754,1.4549
0.31685,2.1689,3.0754,1.4523
0.31685,2.1638,3.0754,1.46
0.31175,2.1613,3.083,1.4574
0.31175,2.1587,3.083,1.4651
0.31685,2.1587,3.0754,1.4702
0.31685,2.1613,3.0754,1.46
0.32195,2.1638,3.0703,1.4625
0.3245,2.1689,3.0677,1.4549
0.31685,2.1715,3.0754,1.4549
0.3194,2.1715,3.0728,1.4625
0.31175,2.1689,3.0754,1.4625
0.31175,2.1638,3.0805,1.4625
0.31175,2.1638,3.0805,1.4676
0.31685,2.1613,3.0728,1.4702
0.31685,2.1587,3.0754,1.4625
0.3245,2.1587,3.0677,1.4625
0.3194,2.1613,3.0703,1.4549
0.31685,2.1689,3.0728,1.4574
0.31685,2.1689,3.0728,1.4625
0.3092,2.1638,3.0805,1.46
0.3092,2.1587,3.083,1.4676
0.31685,2.1562,3.0754,1.4625
0.32195,2.1613,3.0703,1.4625
0.32195,2.1689,3.0677,1.4549
0.31685,2.1689,3.0754,1.4625
0.3092,2.1689,3.0805,1.4625
0.31175,2.1587,3.083,1.4676
0.31685,2.1562,3.0728,1.4676
0.31685,2.1613,3.0754,1.4625
0.3245,2.1689,3.0677,1.4549
0.31685,2.1689,3.0754,1.4549
0.31685,2.1613,3.0754,1.4625
0.3092,2.1664,3.0754,1.46
0.31175,2.1613,3.0754,1.4676
0.31685,2.1587,3.0754,1.4651
0.32195,2.1562,3.0703,1.4676
0.3245,2.1613,3.0677,1.4625
0.31685,2.1689,3.0754,1.4549
0.3143,2.1638,3.0754,1.46
0.31175,2.1536,3.0805,1.4676
0.31685,2.1587,3.0728,1.4676
0.31685,2.1613,3.0728,1.4625
0.32195,2.1613,3.0703,1.4574
0.3245,2.1664,3.0703,1.4523
0.31175,2.1689,3.0754,1.4549
0.3092,2.1613,3.083,1.46
0.31175,2.1664,3.083,1.46
0.31175,2.1587,3.0856,1.4651
0.31685,2.1536,3.0754,1.4651
0.3194,2.1613,3.0754,1.46
0.3245,2.1587,3.0754,1.4574
0.32195,2.1613,3.0677,1.4549
0.3245,2.1613,3.0754,1.4574
0.3194,2.1689,3.0754,1.4523
0.3143,2.1689,3.0805,1.4523
0.31175,2.1613,3.083,1.4574
0.31685,2.1664,3.083,1.4574
0.3194,2.1562,3.0754,1.4625
0.3245,2.1613,3.0677,1.4574
0.31685,2.1664,3.0754,1.4549
0.31685,2.1664,3.0805,1.4574
0.31685,2.1613,3.0856,1.4549
0.31175,2.1587,3.083,1.4625
0.31685,2.1587,3.0754,1.4574
0.32705,2.1638,3.0677,1.4549
0.3194,2.1715,3.0779,1.4498
0.31175,2.1715,3.083,1.4523
0.3143,2.1638,3.083,1.4549
0.31175,2.1638,3.0754,1.4625
0.31685,2.1587,3.0703,1.4625
0.32705,2.1638,3.0677,1.4549
0.31685,2.1638,3.0754,1.4523
0.3194,2.1638,3.0728,1.4549
0.3143,2.1664,3.083,1.4574
0.31685,2.1587,3.0754,1.4625
0.3245,2.1587,3.0728,1.4549
0.3245,2.1715,3.0677,1.4498
0.31175,2.1715,3.0779,1.4523
0.3194,2.1664,3.0779,1.4549
0.31685,2.1638,3.0856,1.4574
0.31685,2.1587,3.0754,1.4625
0.31685,2.1587,3.0703,1.4651
0.3245,2.1638,3.0703,1.46
0.32705,2.1689,3.0677,1.4523
0.31685,2.1689,3.0754,1.4523
0.3143,2.1638,3.083,1.4574
0.31685,2.1562,3.0779,1.4651
0.3245,2.1664,3.0703,1.46
0.31685,2.1664,3.0754,1.4523
0.3194,2.1689,3.0779,1.4574
0.3092,2.1638,3.083,1.4651
0.31685,2.1587,3.0779,1.4651
0.31685,2.1638,3.0754,1.4574
0.3245,2.1613,3.0703,1.4549
0.31685,2.1689,3.0754,1.4549
0.31685,2.1689,3.0805,1.4523
0.31175,2.1613,3.0805,1.46
0.31685,2.1664,3.083,1.4651
0.31685,2.1562,3.0779,1.46
0.3245,2.1562,3.0677,1.4574
0.32195,2.1638,3.0677,1.4549
0.31685,2.1689,3.0754,1.4498
0.3194,2.1638,3.0754,1.4574
0.31175,2.1664,3.0805,1.4549
0.31175,2.1587,3.0805,1.4625
0.3194,2.1562,3.0754,1.4625
0.3194,2.1587,3.0703,1.4574
0.32195,2.1715,3.0703,1.4472
0.3194,2.1715,3.0754,1.4498
0.3143,2.1715,3.083,1.4498
0.3143,2.1664,3.083,1.4625
0.3143,2.1587,3.0856,1.4625
0.3194,2.1587,3.0754,1.4625
0.3194,2.1664,3.0754,1.4574
0.32705,2.1664,3.0703,1.4574
0.3245,2.1715,3.0703,1.4498
0.31685,2.1689,3.0779,1.4523
0.3194,2.1638,3.0754,1.4549
0.31175,2.1638,3.0856,1.4574
0.31175,2.1613,3.0856,1.4625
0.3143,2.1587,3.0856,1.4651
0.3194,2.1562,3.0754,1.4574
0.3245,2.1562,3.0728,1.4625
0.3245,2.1613,3.0703,1.46
0.32195,2.1638,3.0754,1.4574
0.3194,2.1715,3.0754,1.4523
0.31175,2.1689,3.083,1.4574
0.31175,2.1638,3.0856,1.4574
0.3194,2.1638,3.0779,1.4574
0.31685,2.1587,3.0754,1.4651
0.3245,2.1587,3.0703,1.4651
0.32195,2.1638,3.0728,1.4523
0.32705,2.1638,3.0754,1.46
0.31685,2.1689,3.0805,1.46
0.31175,2.1689,3.0754,1.4574
0.3143,2.1613,3.0856,1.4574
0.3143,2.1587,3.0805,1.4651
0.31685,2.1562,3.0779,1.4651
0.31685,2.1613,3.0779,1.4574
0.3245,2.1664,3.0703,1.46
0.32195,2.1638,3.0703,1.4549
0.31685,2.1613,3.0754,1.4523
0.31685,2.1715,3.0779,1.4549
0.3092,2.1638,3.0856,1.46
0.31175,2.1638,3.083,1.4651
0.31685,2.1562,3.0754,1.4727
0.3245,2.1613,3.0728,1.46
0.31685,2.1613,3.0754,1.4549
0.31685,2.1613,3.0779,1.46
0.31175,2.1613,3.083,1.4625
0.31175,2.1562,3.0754,1.4651
0.32195,2.1562,3.0677,1.4702
0.32195,2.1638,3.0677,1.4625
0.31685,2.1613,3.0754,1.4549
0.31685,2.1689,3.0754,1.4549
0.31175,2.1689,3.083,1.4549
0.31685,2.1613,3.0779,1.46
0.3143,2.1613,3.083,1.46
0.31175,2.1536,3.083,1.4651
0.31685,2.1536,3.0779,1.4676
0.31685,2.1638,3.0754,1.4625
0.32195,2.1613,3.0703,1.4625
0.3245,2.1664,3.0677,1.4549
0.31685,2.1689,3.0779,1.4549
0.31685,2.1689,3.0754,1.4625
0.31175,2.1689,3.0805,1.4574
0.30666,2.1613,3.083,1.4625
0.3092,2.1613,3.083,1.4625
0.31685,2.1613,3.083,1.4651
0.31175,2.1562,3.083,1.4702
0.3143,2.1536,3.0728,1.4702
0.3143,2.1562,3.0754,1.4651
0.31685,2.1613,3.0754,1.4625
0.32195,2.1613,3.0703,1.4625
0.32195,2.1689,3.0677,1.4549
0.31685,2.1689,3.0728,1.4574
0.3143,2.1689,3.0754,1.4625
0.31175,2.1638,3.083,1.4625
0.31175,2.1562,3.083,1.4676
0.31685,2.1613,3.0779,1.46
0.3245,2.1613,3.0703,1.46
0.32195,2.1613,3.0805,1.4549
0.31685,2.1689,3.0754,1.46
0.31175,2.1638,3.0805,1.46
0.31175,2.1613,3.0754,1.46
0.31685,2.1587,3.0754,1.4574
0.31685,2.1613,3.0703,1.4574
0.31685,2.1613,3.0754,1.4574
0.31685,2.1689,3.0805,1.4549
0.3194,2.1638,3.0754,1.4574
0.31685,2.1664,3.0856,1.4574
0.31685,2.1536,3.0754,1.4651
0.32705,2.1536,3.0703,1.4574
0.3245,2.1613,3.0703,1.4523
0.3194,2.1715,3.0754,1.4523
0.31685,2.1638,3.0754,1.4574
0.3143,2.1638,3.0754,1.46
0.31685,2.1562,3.0779,1.4651
0.3245,2.1587,3.0728,1.4574
0.3245,2.1715,3.0703,1.4523
0.31685,2.1689,3.0728,1.4523
0.31685,2.1613,3.0754,1.46
0.31685,2.1613,3.0754,1.46
0.31685,2.1536,3.0754,1.4651
0.32195,2.1562,3.0703,1.4651
0.3245,2.1613,3.0677,1.4549
0.31685,2.1613,3.0754,1.4625
0.31685,2.1664,3.0779,1.4549
0.3143,2.1613,3.083,1.46
0.31175,2.1562,3.083,1.4651
0.31685,2.1562,3.0754,1.4625
0.3245,2.1613,3.0677,1.4625
0.3245,2.1613,3.0677,1.4574
0.32195,2.1689,3.0754,1.4549
0.30666,2.1689,3.0779,1.46
0.31175,2.1613,3.0805,1.46
0.31175,2.1613,3.0805,1.4676
0.31685,2.1562,3.0728,1.4651
0.31685,2.1613,3.0728,1.46
0.3245,2.1613,3.0652,1.4625
0.3194,2.1613,3.0754,1.46
0.31685,2.1689,3.0728,1.4549
0.31685,2.1664,3.0754,1.4549
0.3194,2.1613,3.0728,1.46
0.31175,2.1613,3.083,1.46
0.31175,2.1536,3.0805,1.4676
0.3245,2.1562,3.0677,1.4702
0.32195,2.1613,3.0703,1.46
0.32195,2.1613,3.0677,1.46
0.31685,2.1664,3.0728,1.4625
0.31175,2.1613,3.083,1.4625
0.31685,2.1638,3.0754,1.4676
0.3143,2.1613,3.0754,1.4625
0.31685,2.1613,3.0754,1.4625
0.31685,2.1613,3.0754,1.4625
0.3092,2.1613,3.083,1.4651
0.3092,2.1613,3.0805,1.4702
0.31685,2.1562,3.0779,1.4676
0.31685,2.1613,3.0677,1.46
0.31685,2.1613,3.0754,1.4549
0.31685,2.1613,3.0754,1.46
0.31175,2.1613,3.0805,1.4625
0.3092,2.1536,3.0805,1.4676
0.31685,2.1562,3.0677,1.4676
0.31685,2.1613,3.0754,1.4625
0.32195,2.1613,3.0677,1.4625
0.3245,2.1689,3.0677,1.4549
0.3143,2.1664,3.0728,1.4549
0.31685,2.1613,3.0728,1.4625
0.3092,2.1613,3.083,1.4625
0.31175,2.1562,3.0805,1.4702
0.31685,2.1587,3.0677,1.4676
0.3245,2.1613,3.0677,1.4651
0.3143,2.1613,3.0754,1.4625
0.31685,2.1689,3.0754,1.4574
0.31175,2.1689,3.0805,1.4549
0.3092,2.1613,3.0805,1.4625
0.31175,2.1536,3.0805,1.4676
0.3245,2.1536,3.0677,1.4702
0.32195,2.1613,3.0703,1.4625
0.31685,2.1689,3.0754,1.4549
0.31175,2.1613,3.0805,1.46
0.31685,2.1613,3.0728,1.4676
0.31685,2.1613,3.0779,1.4625
0.31685,2.1613,3.0677,1.4651
0.31685,2.1664,3.0754,1.4549
0.31175,2.1664,3.083,1.46
0.31175,2.1536,3.0805,1.4651
0.31685,2.1536,3.0754,1.4651
0.31685,2.1613,3.0754,1.46
0.32195,2.1613,3.0677,1.4549
0.31685,2.1689,3.0728,1.4549
0.31685,2.1613,3.0805,1.46
0.31175,2.1638,3.0805,1.46
0.31175,2.1562,3.083,1.4676
0.31685,2.1562,3.0779,1.4651
0.31685,2.1536,3.0677,1.4676
0.31685,2.1613,3.0728,1.4549
0.3245,2.1613,3.0728,1.46
0.31685,2.1664,3.0728,1.4549
0.31685,2.1689,3.0728,1.4549
0.31685,2.1638,3.0754,1.46
0.3092,2.1613,3.0805,1.46
0.31175,2.1562,3.083,1.4676
0.3245,2.1562,3.0677,1.4676
0.31685,2.1613,3.0754,1.46
0.32195,2.1613,3.0677,1.46
0.32705,2.1689,3.0703,1.4549
0.31685,2.1664,3.0728,1.4523
0.3092,2.1664,3.0805,1.4625
0.31175,2.1536,3.0805,1.4651
0.31685,2.1562,3.0754,1.4651
0.31685,2.1613,3.0754,1.4625
0.3245,2.1613,3.0728,1.46
0.31685,2.1664,3.0728,1.4523
0.31175,2.1689,3.083,1.4523
0.31175,2.1562,3.0805,1.46
0.31685,2.1613,3.0754,1.4651
0.31685,2.1613,3.0754,1.4574
0.3245,2.1613,3.0677,1.4574
0.31685,2.1689,3.0754,1.4523
0.31175,2.1689,3.0805,1.4549
0.3143,2.1587,3.0805,1.4625
0.3245,2.1587,3.0728,1.46
0.32705,2.1689,3.0677,1.4472
0.3194,2.1664,3.0754,1.4498
0.3143,2.1587,3.083,1.4549
0.3194,2.1562,3.0754,1.4625
0.32195,2.1613,3.0677,1.4549
0.3245,2.1664,3.0703,1.4472
0.31685,2.1689,3.0754,1.4498
0.31175,2.1613,3.083,1.4523
0.3194,2.1562,3.0728,1.4625
0.32705,2.1562,3.0703,1.4625
0.32705,2.1613,3.0703,1.4549
0.3194,2.1689,3.0754,1.4472
0.3143,2.1664,3.0728,1.4523
0.3194,2.1613,3.0728,1.4549
0.3194,2.1562,3.0754,1.4523
0.32705,2.1613,3.0703,1.4523
0.32705,2.1689,3.0677,1.4472
0.3194,2.1689,3.0805,1.4447
0.3143,2.1613,3.0805,1.4523
0.32195,2.1638,3.0754,1.4498
0.3194,2.1587,3.0754,1.4574
0.32705,2.1562,3.0677,1.4523
0.32705,2.1689,3.0677,1.4523
0.31685,2.1613,3.0754,1.4447
0.3194,2.1613,3.0754,1.4498
0.3143,2.1638,3.0856,1.4498
0.31685,2.1638,3.083,1.4523
0.31685,2.1536,3.0805,1.4549
0.32705,2.1587,3.0703,1.4549
0.32705,2.1689,3.0703,1.4447
0.32195,2.1689,3.0779,1.4421
0.31685,2.1638,3.0805,1.4498
0.3143,2.1562,3.083,1.4574
0.32705,2.1562,3.0779,1.4498
0.3194,2.1638,3.0754,1.4472
0.3194,2.1689,3.0779,1.4498
0.3143,2.1638,3.0754,1.4498
0.3143,2.1587,3.083,1.4549
0.32705,2.1562,3.0754,1.4523
0.32705,2.1638,3.0703,1.4498
0.32705,2.1613,3.0703,1.4447
0.3194,2.1613,3.0754,1.4447
0.32195,2.1664,3.0728,1.4523
0.3143,2.1689,3.0856,1.4523
0.3143,2.1638,3.0805,1.4625
0.31685,2.1638,3.0754,1.4574
0.31685,2.1536,3.0728,1.4523
0.32705,2.1613,3.0677,1.4523
0.3194,2.1613,3.0728,1.4549
0.3194,2.1689,3.0754,1.4447
0.3143,2.1715,3.083,1.4498
0.3143,2.1613,3.0728,1.4498
0.3194,2.1587,3.0754,1.4574
0.32705,2.1613,3.0677,1.4523
0.32705,2.1715,3.0754,1.4447
0.3143,2.1715,3.083,1.4498
0.31685,2.1638,3.083,1.4498
0.3194,2.1562,3.0754,1.4574
0.32705,2.1536,3.0703,1.4498
