4.5866,1.0727,3.473,2.3881
4.5917,1.0804,3.4704,2.3881
4.5866,1.088,3.4755,2.3805
4.5764,1.0804,3.4806,2.3856
4.5866,1.0778,3.473,2.3932
4.5866,1.088,3.473,2.3805
4.579,1.0804,3.4806,2.3856
4.5841,1.0727,3.4755,2.3907
4.5943,1.0829,3.473,2.3805
4.5841,1.0829,3.4806,2.3881
4.5866,1.0778,3.473,2.3932
4.5943,1.0804,3.4679,2.3856
4.5815,1.0855,3.4781,2.383
4.579,1.0753,3.4806,2.3932
4.5917,1.0804,3.4704,2.3856
4.5866,1.088,3.4832,2.383
4.5841,1.0727,3.4806,2.3932
4.5943,1.0753,3.473,2.3805
4.5866,1.088,3.4755,2.3805
4.579,1.0753,3.4832,2.3932
4.5841,1.0753,3.4755,2.3932
4.5917,1.0804,3.4704,2.3805
4.5815,1.0855,3.4806,2.3881
4.5815,1.0753,3.4832,2.3932
4.5943,1.0804,3.4679,2.3856
4.5866,1.088,3.4755,2.3881
4.5866,1.0804,3.473,2.3932
4.5866,1.0855,3.473,2.3856
4.5841,1.0804,3.473,2.3779
4.5866,1.0804,3.473,2.3881
4.5866,1.0804,3.4755,2.3932
4.5866,1.0804,3.4704,2.3805
4.5841,1.0855,3.473,2.3805
4.579,1.0829,3.4806,2.3881
4.5917,1.0753,3.4679,2.3932
4.5866,1.0804,3.4679,2.3856
4.5866,1.0804,3.473,2.3856
4.5866,1.0778,3.473,2.3932
4.5917,1.0804,3.4704,2.3856
4.5866,1.0855,3.473,2.3805
4.5815,1.0753,3.4832,2.3932
4.5917,1.0753,3.4704,2.3881
4.5841,1.088,3.473,2.3881
4.579,1.0804,3.4832,2.3881
4.5866,1.0753,3.473,2.3907
4.5866,1.0804,3.4704,2.3856
4.579,1.0855,3.4806,2.3805
4.5866,1.0778,3.4755,2.3881
4.5866,1.0804,3.473,2.3881
4.5866,1.0804,3.4755,2.3856
4.5866,1.0855,3.473,2.3881
4.5892,1.0829,3.473,2.3881
4.5841,1.0829,3.4755,2.3881
4.5866,1.0778,3.4704,2.3856
4.5866,1.0804,3.473,2.3856
4.5866,1.0804,3.4755,2.3932
4.5943,1.0804,3.4679,2.3881
4.5866,1.0855,3.4755,2.3805
4.5815,1.0804,3.4806,2.3932
4.5943,1.0753,3.473,2.3932
4.5943,1.0855,3.4679,2.3805
4.579,1.0855,3.4806,2.3805
4.579,1.0753,3.4806,2.3932
4.5968,1.0753,3.4679,2.3932
4.5943,1.0804,3.4704,2.3805
4.5866,1.088,3.4832,2.3805
4.579,1.0753,3.4806,2.3881
4.5841,1.0753,3.4704,2.3932
4.5943,1.088,3.4704,2.3805
4.579,1.088,3.473,2.3856
4.5866,1.0804,3.4755,2.3932
4.5943,1.0804,3.4679,2.3881
4.5866,1.0855,3.473,2.3805
4.579,1.0804,3.4806,2.3932
4.5892,1.0753,3.4755,2.3856
4.5943,1.0804,3.4755,2.3881
4.5892,1.0804,3.473,2.3856
4.579,1.0702,3.473,2.3932
4.5943,1.0778,3.4679,2.3856
4.5841,1.0855,3.4755,2.3881
4.5815,1.0804,3.473,2.3881
4.5866,1.0753,3.4755,2.3856
4.5841,1.0804,3.473,2.3805
4.5815,1.0804,3.4806,2.3856
4.5866,1.0804,3.4755,2.3932
4.5841,1.0829,3.4704,2.3856
4.5841,1.0778,3.4755,2.3881
4.5892,1.0727,3.4755,2.3932
4.5943,1.0804,3.4679,2.3805
4.5815,1.088,3.4806,2.3779
4.579,1.0753,3.4806,2.3932
4.5943,1.0778,3.4679,2.3907
4.5943,1.088,3.4679,2.3779
4.579,1.0804,3.4832,2.3856
4.5866,1.0753,3.4755,2.3881
4.5917,1.0804,3.4704,2.3805
4.5815,1.088,3.4832,2.3881
4.5866,1.0753,3.4755,2.3932
4.5943,1.0829,3.473,2.3856
4.5866,1.0804,3.473,2.3856
4.5866,1.0804,3.473,2.3932
4.5892,1.0804,3.4781,2.3881
4.5866,1.088,3.473,2.3805
4.579,1.0804,3.4832,2.3881
4.5841,1.0778,3.4755,2.3932
4.5917,1.0829,3.4704,2.383
4.5866,1.0855,3.4832,2.3805
4.579,1.0829,3.4832,2.383
4.5866,1.0855,3.473,2.3856
4.5841,1.0829,3.473,2.3881
4.5866,1.0906,3.4755,2.383
4.5841,1.0804,3.4806,2.3881
4.5866,1.0753,3.4679,2.3907
4.5917,1.0855,3.4679,2.3805
4.5841,1.0804,3.4755,2.3856
4.5866,1.0753,3.4781,2.3932
4.5917,1.088,3.4704,2.3856
4.5815,1.088,3.4832,2.383
4.5841,1.0727,3.4755,2.3932
4.5943,1.0804,3.473,2.3881
4.5866,1.0804,3.473,2.3856
4.5841,1.0804,3.4755,2.3856
4.5866,1.0829,3.4755,2.3856
4.5866,1.0804,3.4781,2.3856
4.5866,1.0804,3.4755,2.383
4.5815,1.0804,3.4832,2.3932
4.5892,1.0727,3.4755,2.3907
4.5943,1.0804,3.4704,2.3856
4.5892,1.088,3.473,2.3805
4.5815,1.0829,3.4806,2.3881
4.5866,1.0753,3.4755,2.3932
4.5943,1.0804,3.4704,2.3856
4.5866,1.088,3.473,2.3805
4.579,1.0804,3.4857,2.3881
4.5892,1.0753,3.4755,2.3856
4.5866,1.0804,3.4704,2.3881
4.5866,1.0804,3.473,2.3881
4.5892,1.0753,3.4755,2.3932
4.5943,1.0804,3.4704,2.3805
4.579,1.088,3.473,2.3805
4.5815,1.0804,3.4806,2.3881
4.5866,1.0778,3.4679,2.3932
4.5917,1.088,3.4679,2.3805
4.5815,1.0778,3.4806,2.3881
4.5866,1.0778,3.4755,2.3932
4.5943,1.0804,3.4679,2.3907
4.5866,1.0855,3.4755,2.3805
4.5815,1.0727,3.4806,2.3958
4.5892,1.0753,3.4704,2.3856
4.5892,1.0855,3.473,2.3805
4.579,1.0804,3.4806,2.3932
4.5866,1.0753,3.4755,2.3932
4.5968,1.0855,3.4704,2.3805
4.579,1.0778,3.4806,2.3856
4.5866,1.0753,3.473,2.3932
4.5943,1.088,3.4704,2.383
4.5815,1.0804,3.4832,2.3856
4.5943,1.0753,3.4704,2.3932
4.5866,1.088,3.4755,2.3805
4.579,1.0727,3.4832,2.3932
4.5943,1.0727,3.4755,2.3932
4.5943,1.0855,3.4679,2.383
4.579,1.088,3.4806,2.383
4.5815,1.0727,3.4806,2.3932
4.5968,1.0753,3.4704,2.3881
4.5943,1.0855,3.4704,2.383
4.5866,1.0804,3.4806,2.3881
4.5866,1.0727,3.473,2.3932
4.5917,1.0804,3.4704,2.3881
4.5866,1.088,3.473,2.3805
4.5815,1.0804,3.4781,2.383
4.5892,1.0753,3.4755,2.3881
4.5943,1.0778,3.4679,2.3856
4.5866,1.088,3.4755,2.3881
4.5815,1.0804,3.4806,2.3856
4.5866,1.0727,3.4755,2.3932
4.5968,1.0778,3.4704,2.3805
4.5892,1.0855,3.473,2.3805
4.5841,1.0804,3.4806,2.3881
4.5892,1.0727,3.4704,2.3932
4.5943,1.0804,3.4679,2.3881
4.5815,1.0855,3.4832,2.3805
4.5815,1.0753,3.4806,2.3932
4.5943,1.0778,3.4679,2.3881
4.5866,1.088,3.473,2.3881
4.5815,1.0778,3.4755,2.3881
4.5892,1.0804,3.473,2.3856
4.5892,1.0804,3.473,2.3805
4.5841,1.0778,3.4806,2.3932
4.5892,1.0727,3.473,2.3932
4.5917,1.088,3.4704,2.3805
4.579,1.0804,3.4781,2.3881
4.5866,1.0753,3.473,2.3932
4.5943,1.0804,3.4704,2.3856
4.5815,1.0855,3.4806,2.3805
4.5866,1.0727,3.473,2.3881
4.5943,1.0778,3.4679,2.3881
4.5892,1.0804,3.473,2.3881
4.5866,1.0804,3.4832,2.3881
4.5866,1.0727,3.473,2.3856
4.5866,1.0804,3.4679,2.3881
4.5892,1.0804,3.4755,2.3881
4.5892,1.0778,3.4755,2.3958
4.5866,1.0804,3.4755,2.3856
4.5866,1.0855,3.473,2.3805
4.579,1.0804,3.4806,2.3932
4.5841,1.0727,3.473,2.3932
4.5866,1.0804,3.473,2.3856
4.5866,1.0778,3.4755,2.3881
4.5841,1.0727,3.4806,2.3932
4.5841,1.0804,3.4679,2.3881
4.5892,1.0855,3.4755,2.3805
4.5815,1.0753,3.4806,2.3932
4.5943,1.0727,3.4704,2.3856
4.5866,1.0855,3.473,2.3805
4.5866,1.0778,3.4806,2.3881
4.5892,1.0804,3.4755,2.3856
4.5866,1.088,3.473,2.3856
4.5815,1.0804,3.4806,2.3932
4.5917,1.0727,3.4704,2.3932
4.5917,1.0855,3.4679,2.3805
4.579,1.0804,3.4806,2.3856
4.5892,1.0727,3.4755,2.3932
4.5866,1.0804,3.473,2.3907
4.579,1.0829,3.4806,2.3856
4.5892,1.0753,3.4679,2.3932
4.5943,1.088,3.4704,2.3805
4.579,1.088,3.4806,2.3881
4.5866,1.0727,3.473,2.3932
4.5943,1.0804,3.4679,2.3856
4.5866,1.0855,3.4806,2.383
4.579,1.0804,3.4755,2.383
4.5866,1.0804,3.4704,2.3881
4.5866,1.0855,3.473,2.3779
4.5815,1.0804,3.4806,2.3856
4.5866,1.0727,3.4679,2.3932
4.5943,1.088,3.4679,2.3805
4.579,1.0855,3.4832,2.3856
4.5815,1.0753,3.4806,2.3932
4.5943,1.0753,3.4704,2.3881
4.5943,1.088,3.4679,2.3805
4.5815,1.0855,3.4806,2.3805
4.579,1.0727,3.4781,2.3932
4.5968,1.0753,3.4679,2.3932
4.5968,1.0778,3.4704,2.3779
4.5866,1.0855,3.4755,2.3805
4.5815,1.0804,3.4806,2.3856
4.5866,1.0753,3.473,2.3881
4.5943,1.0804,3.4679,2.3856
4.5892,1.0855,3.473,2.3907
4.5866,1.0804,3.473,2.3856
4.5866,1.0727,3.473,2.3856
4.5943,1.0804,3.4679,2.3881
4.5866,1.0804,3.4755,2.3856
4.5815,1.0778,3.4755,2.3856
4.5866,1.0778,3.473,2.3856
4.5943,1.0804,3.4755,2.3881
4.5892,1.0804,3.4755,2.3881
4.5866,1.0804,3.473,2.3932
4.5866,1.0804,3.4755,2.3881
4.5866,1.088,3.473,2.3805
4.5841,1.0804,3.4806,2.3881
4.5866,1.0727,3.473,2.3932
4.5943,1.0804,3.4679,2.3881
4.5866,1.0855,3.473,2.383
4.579,1.0727,3.4806,2.3932
4.5866,1.0804,3.473,2.3856
4.5866,1.0804,3.473,2.3907
4.5866,1.088,3.4806,2.3881
4.5815,1.0727,3.473,2.3932
4.5943,1.0804,3.4653,2.3856
4.5892,1.088,3.473,2.3881
4.5866,1.0727,3.473,2.3932
4.5943,1.0855,3.4679,2.3805
4.5815,1.0778,3.4806,2.3856
4.5866,1.0753,3.473,2.3881
4.5892,1.0804,3.473,2.3881
4.5866,1.0778,3.4755,2.3881
4.579,1.0804,3.473,2.3881
4.5866,1.0727,3.4755,2.3932
4.5943,1.0778,3.4704,2.3805
4.5815,1.088,3.473,2.383
4.5815,1.0804,3.4806,2.3932
4.5943,1.0753,3.4679,2.3932
4.5943,1.0855,3.4679,2.383
4.579,1.088,3.4806,2.3805
4.579,1.0727,3.4806,2.3932
4.5943,1.0727,3.4704,2.3856
4.5943,1.088,3.4679,2.3779
4.5815,1.0855,3.4832,2.3856
4.5815,1.0727,3.4806,2.3932
4.5943,1.0753,3.4704,2.3856
4.5943,1.0855,3.4679,2.3805
4.5815,1.0855,3.4806,2.3856
4.5815,1.0727,3.4806,2.3932
4.5943,1.0753,3.4679,2.3856
4.5943,1.0855,3.4679,2.3805
4.579,1.088,3.4806,2.3856
4.5815,1.0753,3.4806,2.3932
4.5866,1.0804,3.4755,2.3856
4.5866,1.0804,3.473,2.3881
4.5866,1.0804,3.473,2.3881
4.5866,1.0778,3.473,2.3932
4.5866,1.0804,3.473,2.3856
4.5892,1.088,3.473,2.3805
4.5866,1.0804,3.473,2.3881
4.5866,1.0778,3.473,2.3932
4.5892,1.0804,3.473,2.3881
4.5841,1.0804,3.4755,2.3805
4.5892,1.088,3.4806,2.3805
4.5815,1.0753,3.4806,2.3932
4.5943,1.0727,3.4704,2.3932
4.5943,1.088,3.4679,2.3805
4.5892,1.088,3.473,2.3805
4.5815,1.0727,3.4806,2.3958
4.5943,1.0727,3.4679,2.3881
4.5943,1.088,3.473,2.3856
4.5815,1.0778,3.4781,2.3881
4.5892,1.0727,3.473,2.3932
4.5968,1.0804,3.4704,2.3805
4.579,1.0855,3.473,2.3856
4.5892,1.0804,3.4755,2.3932
4.5866,1.0778,3.4755,2.3881
4.5892,1.0829,3.473,2.3805
4.5917,1.0804,3.4806,2.3881
4.5892,1.0727,3.473,2.3932
4.5968,1.0829,3.4679,2.3856
4.5866,1.0855,3.4832,2.3805
4.5815,1.0753,3.4806,2.3932
4.5943,1.0702,3.4679,2.3856
4.5866,1.0855,3.473,2.3805
4.5815,1.0804,3.4806,2.3881
4.5866,1.0804,3.473,2.3856
4.5866,1.0804,3.473,2.3805
4.5892,1.0804,3.4806,2.3856
4.5892,1.0727,3.4755,2.3856
4.5968,1.0804,3.473,2.3881
4.5892,1.0855,3.473,2.3881
4.5815,1.0727,3.4806,2.3932
4.5943,1.0727,3.4679,2.3881
4.5866,1.0855,3.473,2.3805
4.5815,1.0855,3.4806,2.3881
4.5841,1.0753,3.4832,2.3932
4.5968,1.0727,3.4679,2.3881
4.5866,1.0804,3.473,2.3805
4.5892,1.0778,3.473,2.3856
4.5892,1.0804,3.473,2.3932
4.5943,1.0778,3.4704,2.3881
4.5892,1.0855,3.473,2.3805
4.5841,1.0804,3.4806,2.3856
4.5892,1.0702,3.473,2.3932
4.5968,1.0804,3.4679,2.3805
4.5892,1.0855,3.473,2.3805
4.5815,1.0778,3.4806,2.3856
4.5866,1.0753,3.473,2.3932
4.5943,1.0804,3.4679,2.3805
4.5892,1.0855,3.473,2.3805
4.5815,1.0804,3.4781,2.3881
4.5892,1.0829,3.4755,2.3932
4.5892,1.0804,3.473,2.3856
4.5892,1.0804,3.473,2.3805
4.5892,1.0804,3.473,2.3856
4.5866,1.0778,3.473,2.3856
4.5892,1.0727,3.473,2.3881
4.5892,1.0804,3.473,2.3856
4.5866,1.0855,3.473,2.3881
4.5892,1.0804,3.4781,2.3856
4.5892,1.0804,3.473,2.3881
4.5866,1.0804,3.473,2.3805
4.5866,1.0804,3.473,2.3881
4.5815,1.0829,3.4806,2.3856
4.5892,1.0804,3.4755,2.3856
4.5892,1.0804,3.4679,2.3881
4.5866,1.088,3.473,2.3881
4.5892,1.0778,3.4806,2.3856
4.5892,1.0727,3.473,2.3932
4.5968,1.0778,3.4704,2.3856
4.5943,1.0855,3.4679,2.3805
4.5815,1.0855,3.4832,2.3881
4.5866,1.0778,3.473,2.3881
4.5866,1.0804,3.473,2.3856
4.5892,1.0804,3.4679,2.3881
4.5892,1.0804,3.473,2.3856
4.5892,1.0804,3.473,2.3856
4.5892,1.0804,3.473,2.3881
4.5866,1.0804,3.4679,2.3856
4.5866,1.0855,3.4806,2.3805
4.5841,1.0727,3.4806,2.3932
4.5892,1.0753,3.4679,2.3932
4.5943,1.0804,3.4679,2.3805
4.5892,1.088,3.473,2.3805
4.5815,1.0727,3.4806,2.3932
4.5943,1.0753,3.4679,2.3881
4.5917,1.0855,3.473,2.3805
4.5815,1.0778,3.4806,2.3856
4.5866,1.0702,3.4704,2.3932
4.5943,1.088,3.4704,2.3805
4.5815,1.088,3.4806,2.3856
4.5815,1.0702,3.4781,2.3932
4.5968,1.0804,3.4679,2.3856
4.5892,1.0855,3.473,2.3805
4.5815,1.0727,3.4806,2.3932
4.5917,1.0727,3.4679,2.3907
4.5892,1.0855,3.473,2.3805
4.5841,1.0778,3.473,2.3881
4.5892,1.0727,3.4755,2.3856
4.5866,1.0804,3.473,2.383
4.5866,1.0804,3.4755,2.3881
4.5866,1.0753,3.473,2.3932
4.5943,1.0778,3.4679,2.3805
4.5866,1.0855,3.4781,2.3805
4.5815,1.0753,3.4781,2.3932
4.5943,1.0804,3.4679,2.3856
4.5866,1.0855,3.473,2.3805
4.5815,1.0753,3.4781,2.3932
4.5943,1.0804,3.4679,2.3856
4.5866,1.0855,3.4704,2.3881
4.5866,1.0804,3.473,2.3881
4.5943,1.0804,3.4653,2.3856
4.5815,1.0855,3.473,2.3805
4.5815,1.0753,3.4806,2.3932
4.5943,1.0804,3.4679,2.3856
4.5892,1.0855,3.473,2.3881
4.5866,1.0804,3.473,2.3932
4.5943,1.0804,3.4679,2.3856
4.5892,1.088,3.473,2.3881
4.5866,1.0804,3.473,2.3907
4.5943,1.0804,3.4679,2.3856
4.5892,1.0829,3.473,2.3856
4.5815,1.0804,3.473,2.3856
4.5892,1.0804,3.473,2.3881
4.5866,1.0804,3.473,2.3856
4.5892,1.0804,3.473,2.3881
4.5866,1.0804,3.473,2.3856
4.5892,1.0829,3.473,2.3881
4.5892,1.0804,3.473,2.3856
4.5892,1.0804,3.473,2.3881
4.5815,1.0727,3.4806,2.3907
4.5943,1.0727,3.4679,2.3856
4.5943,1.0855,3.4679,2.3805
4.5815,1.088,3.473,2.3856
4.5892,1.0804,3.4755,2.3881
4.5943,1.0727,3.473,2.3856
4.5892,1.0855,3.473,2.3779
4.5841,1.0804,3.4806,2.3881
4.5943,1.0753,3.4679,2.3932
4.5943,1.0855,3.4679,2.3805
4.5815,1.0804,3.4806,2.3856
4.5892,1.0753,3.473,2.3856
4.5892,1.0804,3.4679,2.3805
4.579,1.0855,3.4806,2.383
4.5866,1.0753,3.473,2.3932
4.5943,1.0804,3.473,2.3856
4.5866,1.0804,3.473,2.3856
4.5866,1.0753,3.473,2.3932
4.5968,1.0804,3.4679,2.3779
4.5815,1.088,3.4806,2.3856
4.5866,1.0753,3.473,2.3932
4.5943,1.0804,3.4679,2.3856
4.5866,1.0804,3.473,2.3856
4.5892,1.0829,3.473,2.3932
4.5917,1.0778,3.4679,2.3856
4.5866,1.0855,3.473,2.3856
4.5866,1.0804,3.473,2.3932
4.5866,1.0829,3.473,2.3881
4.5866,1.0804,3.4679,2.3779
4.5815,1.0804,3.4832,2.3881
4.5892,1.0753,3.473,2.3856
4.5943,1.0829,3.473,2.3856
4.579,1.0804,3.4806,2.3856
4.5866,1.0727,3.473,2.3907
4.5917,1.0804,3.4679,2.3805
4.579,1.088,3.4806,2.3805
4.579,1.0753,3.4806,2.3932
4.5943,1.0778,3.4679,2.3881
4.5841,1.088,3.4755,2.3805
4.579,1.0804,3.4806,2.3881
4.5841,1.0778,3.473,2.3856
4.5917,1.0804,3.4679,2.3856
4.5892,1.088,3.473,2.3856
4.5815,1.0804,3.4781,2.3881
4.5866,1.0753,3.473,2.3907
4.5943,1.0855,3.4679,2.3856
4.5866,1.0804,3.4755,2.3856
4.579,1.0804,3.473,2.383
4.5866,1.0778,3.4704,2.3932
4.5917,1.0804,3.4679,2.3805
4.579,1.088,3.4806,2.3805
4.5815,1.0753,3.4806,2.3932
4.5917,1.0753,3.4679,2.3932
4.5943,1.088,3.4679,2.3805
4.5815,1.088,3.4806,2.3856
4.5866,1.0753,3.473,2.3932
4.5943,1.0778,3.4704,2.3856
4.5892,1.0855,3.473,2.3805
4.579,1.0804,3.4806,2.3881
4.5866,1.0753,3.473,2.3932
4.5943,1.0804,3.4679,2.3805
4.5866,1.088,3.4755,2.3779
4.579,1.0804,3.4806,2.3932
