4.4056,0.73623,2.9887,2.1026
4.4056,0.73623,2.9887,2.1128
4.4133,0.73623,2.9836,2.1051
4.4056,0.74388,2.9887,2.1
4.398,0.73113,2.9963,2.1102
4.4107,0.73623,2.9861,2.1077
4.4056,0.74388,2.9938,2.1026
4.4005,0.72858,2.9938,2.1128
4.4133,0.73623,2.9887,2.1077
4.4082,0.74133,2.9912,2.0975
4.4056,0.73623,2.9912,2.1077
4.4107,0.73878,2.9836,2.1077
4.4005,0.74388,2.9938,2.0975
4.4005,0.73113,2.9938,2.1102
4.4107,0.73878,2.9836,2.1077
4.4005,0.74388,2.9938,2.1026
4.4005,0.73113,2.9963,2.1128
4.4133,0.72858,2.9912,2.1026
4.4056,0.73623,2.9887,2.1
4.4005,0.73623,2.9963,2.1051
4.4056,0.72858,2.9912,2.1128
4.4107,0.73878,2.9836,2.0975
4.398,0.74388,2.9963,2.1051
4.4056,0.73113,2.9887,2.1128
4.4133,0.73878,2.9836,2.1077
4.4056,0.73623,2.9912,2.1128
4.4056,0.73113,2.9912,2.1077
4.4107,0.73623,2.9861,2.1
4.398,0.73878,2.9938,2.1026
4.4031,0.73113,2.9912,2.1051
4.4031,0.73878,2.9912,2.1
4.398,0.73878,2.9989,2.1026
4.4056,0.73113,2.9836,2.1102
4.4107,0.74388,2.9861,2.1
4.398,0.73623,2.9912,2.1051
4.4056,0.73878,2.9912,2.1077
4.4107,0.73878,2.9912,2.0975
4.398,0.74133,2.9989,2.1026
4.4056,0.73878,2.9912,2.1051
4.4056,0.74388,2.9938,2.0975
4.4005,0.73878,2.9963,2.1051
4.4056,0.73368,2.9912,2.1102
4.4107,0.73878,2.9836,2.1026
4.4056,0.74388,2.9938,2.0975
4.398,0.73368,2.9989,2.1102
4.4107,0.72858,2.9836,2.1102
4.4056,0.74133,2.9887,2.1051
4.4056,0.73878,2.9912,2.1051
4.4056,0.73878,2.9912,2.1102
4.4107,0.73623,2.9861,2.1051
4.4056,0.74388,2.9887,2.1
4.3954,0.73878,2.9963,2.1026
4.4056,0.73368,2.9912,2.1102
4.4133,0.74388,2.9836,2.1
4.4056,0.74133,2.9938,2.1077
4.4056,0.73623,2.9912,2.1051
4.4056,0.73878,2.9912,2.1051
4.4056,0.74643,2.9912,2.0975
4.4005,0.73623,2.9989,2.1102
4.4056,0.73113,2.9912,2.1128
4.4107,0.73878,2.9836,2.1051
4.4056,0.74388,2.9887,2.1051
4.4056,0.73878,2.9912,2.1051
4.4056,0.73623,2.9938,2.1026
4.4056,0.73623,2.9912,2.1
4.4056,0.73878,2.9887,2.1051
4.4056,0.73878,2.9938,2.1102
4.4107,0.73623,2.9836,2.1051
4.4031,0.73878,2.9912,2.0975
4.4056,0.73878,2.9989,2.1051
4.4107,0.73878,2.9912,2.1102
4.4133,0.73623,2.9836,2.1051
4.4056,0.73878,2.9912,2.1077
4.4056,0.73878,2.9912,2.1102
4.4133,0.73878,2.9861,2.1051
4.4056,0.74388,2.9912,2.1
4.4005,0.73368,2.9963,2.1102
4.4133,0.73113,2.9836,2.1026
4.4133,0.74388,2.9836,2.0975
4.4005,0.74388,2.9963,2.1051
4.4005,0.73113,2.9963,2.1077
4.4133,0.73878,2.9861,2.1051
4.4082,0.74388,2.9938,2.0949
4.4005,0.73623,2.9963,2.1051
4.4056,0.73113,2.9912,2.1077
4.4133,0.73878,2.9836,2.1026
4.4056,0.74643,2.9912,2.0975
4.398,0.73878,2.9963,2.1102
4.4056,0.73113,2.9912,2.1128
4.4133,0.73623,2.9861,2.1051
4.4082,0.74643,2.9887,2.0975
4.4005,0.73878,2.9963,2.1051
4.4133,0.73368,2.9836,2.1102
4.4158,0.74388,2.9861,2.0949
4.4005,0.73878,2.9989,2.1026
4.4056,0.73368,2.9836,2.1077
4.4133,0.74643,2.9836,2.1
4.398,0.74643,2.9989,2.1051
4.4082,0.73368,2.9912,2.1051
4.4082,0.73623,2.9912,2.0975
4.398,0.73878,2.9963,2.1077
4.4056,0.73368,2.9912,2.1102
4.4133,0.73878,2.9912,2.1051
4.4056,0.73878,2.9912,2.1026
4.4082,0.74133,2.9912,2.1077
4.4133,0.73623,2.9861,2.0975
4.4056,0.74388,2.9912,2.0949
4.3954,0.73878,2.9989,2.1102
4.4056,0.73368,2.9836,2.1102
4.4133,0.74388,2.9861,2.0975
4.4031,0.73878,2.9989,2.1026
4.4056,0.73113,2.9912,2.1102
4.4158,0.73878,2.9861,2.1026
4.4056,0.74388,2.9912,2.1026
4.4056,0.73878,2.9912,2.1102
4.4107,0.73878,2.9836,2.1051
4.4056,0.74643,2.9912,2.0975
4.4082,0.73878,2.9912,2.1051
4.4056,0.73878,2.9912,2.1026
4.4056,0.73878,2.9912,2.0975
4.398,0.73878,2.9989,2.1102
4.4158,0.73368,2.9912,2.1077
4.4133,0.74643,2.9861,2.0975
4.398,0.74388,2.9912,2.1051
4.4056,0.73368,2.9912,2.1077
4.4133,0.73878,2.9836,2.0975
4.4005,0.74643,2.9989,2.1026
4.4005,0.73368,2.9963,2.1102
4.4133,0.73368,2.9861,2.1
4.4133,0.74388,2.9836,2.0975
4.4056,0.73878,2.9912,2.1026
4.4056,0.74133,2.9887,2.1102
4.4107,0.73878,2.9938,2.1026
4.4056,0.73878,2.9912,2.0975
4.4056,0.74133,2.9938,2.1051
4.4056,0.73878,2.9912,2.1077
4.4107,0.73878,2.9912,2.1051
4.4056,0.73878,2.9938,2.0975
4.4005,0.73878,2.9989,2.1026
4.4056,0.73368,2.9912,2.1102
4.4133,0.74133,2.9861,2.1077
4.4056,0.74388,2.9912,2.0949
4.4031,0.73878,2.9989,2.1026
4.4056,0.73368,2.9912,2.1077
4.4133,0.74133,2.9836,2.1051
4.4031,0.73878,2.9912,2.1026
4.4056,0.73878,2.9989,2.1051
4.4056,0.73368,2.9938,2.1077
4.4056,0.73878,2.9938,2.0949
4.4005,0.73878,2.9989,2.1026
4.4056,0.73368,2.9912,2.1102
4.4133,0.74133,2.9836,2.1026
4.4056,0.74643,2.9912,2.1026
4.4056,0.74133,2.9912,2.1102
4.4107,0.73368,2.9861,2.1051
4.4056,0.74388,2.9912,2.0975
4.4005,0.73623,2.9963,2.1051
4.4056,0.72858,2.9912,2.1077
4.4133,0.73878,2.9836,2.1026
4.4056,0.74643,2.9912,2.0975
4.4056,0.74388,2.9963,2.1026
4.4005,0.73368,2.9989,2.1102
4.4133,0.73113,2.9836,2.1102
4.4133,0.74388,2.9836,2.0975
4.398,0.74388,2.9989,2.1026
4.4056,0.73368,2.9912,2.1102
4.4133,0.73878,2.9836,2.1026
4.4082,0.74133,2.9887,2.1051
4.4056,0.73878,2.9912,2.1102
4.4107,0.73878,2.9861,2.0949
4.4031,0.74388,2.9912,2.0975
4.3954,0.73368,2.9963,2.1077
4.4158,0.73878,2.9836,2.1051
4.4056,0.74388,2.9938,2.0975
4.4005,0.73878,2.9989,2.1026
4.4056,0.73113,2.9938,2.1102
4.4082,0.73878,2.9887,2.1051
4.4056,0.73878,2.9912,2.1026
4.4056,0.73368,2.9912,2.1102
4.4133,0.73623,2.9836,2.1051
4.4056,0.74388,2.9887,2.1051
4.4005,0.74133,2.9989,2.1026
4.4056,0.73113,2.9836,2.1102
4.4107,0.74388,2.9861,2.1
4.398,0.73878,2.9963,2.1051
4.4056,0.73368,2.9912,2.1026
4.4056,0.73623,2.9912,2.1026
4.4056,0.73878,2.9912,2.1026
4.4056,0.73878,2.9887,2.1102
4.4107,0.73878,2.9836,2.1051
4.4056,0.74388,2.9938,2.0975
4.4005,0.73368,2.9963,2.1102
4.4107,0.73113,2.9861,2.1051
4.4133,0.74388,2.9836,2.0975
4.4005,0.74643,2.9989,2.1026
4.4005,0.73113,2.9912,2.1102
4.4107,0.73623,2.9836,2.1026
4.4082,0.74388,2.9912,2.0975
4.4005,0.73878,2.9938,2.1026
4.4031,0.73878,2.9912,2.1051
4.4082,0.73878,2.9887,2.1051
4.4056,0.73878,2.9887,2.1051
4.4056,0.73368,2.9938,2.1102
4.4133,0.74388,2.9861,2.1
4.4005,0.74388,2.9989,2.1026
4.4056,0.73113,2.9912,2.1102
4.4107,0.73623,2.9836,2.1026
4.4056,0.73878,2.9887,2.1051
4.4056,0.73623,2.9912,2.1102
4.4133,0.73878,2.9861,2.0975
4.398,0.74388,2.9963,2.0975
4.398,0.73113,2.9989,2.1077
4.4133,0.73623,2.9836,2.1026
4.4056,0.74388,2.9989,2.0975
4.398,0.73368,2.9989,2.1102
4.4107,0.73878,2.9836,2.1051
4.4056,0.74133,2.9887,2.1026
4.4056,0.73368,2.9912,2.1077
4.4107,0.73878,2.9861,2.1026
4.398,0.74388,2.9912,2.0975
4.398,0.72858,2.9938,2.1077
4.4158,0.73623,2.9887,2.1051
4.4056,0.74388,2.9912,2.1051
4.4056,0.73878,2.9912,2.1051
4.4133,0.73878,2.9836,2.1051
4.4056,0.74388,2.9912,2.1051
4.4031,0.73623,2.9912,2.1026
4.4056,0.73878,2.9887,2.1051
4.4082,0.74388,2.9887,2.0975
4.4005,0.73623,2.9963,2.1102
4.4056,0.73113,2.9836,2.1102
4.4133,0.74388,2.9836,2.0975
4.398,0.73623,2.9989,2.1026
4.4056,0.73368,2.9912,2.1102
4.4056,0.73878,2.9912,2.1051
4.4056,0.74643,2.9989,2.0975
4.4005,0.73368,2.9989,2.1077
4.4107,0.74133,2.981,2.1051
4.4056,0.74643,2.9912,2.1051
4.4056,0.74133,2.9912,2.1102
4.4133,0.73878,2.9861,2.1051
4.4005,0.74388,2.9989,2.0949
4.398,0.73368,2.9989,2.1102
4.4107,0.73368,2.9861,2.1026
4.4056,0.74388,2.9912,2.0949
4.4005,0.73878,2.9989,2.1051
4.4056,0.73623,2.9912,2.1026
4.4056,0.73878,2.9887,2.0975
4.398,0.74388,2.9989,2.1102
4.4056,0.73368,2.9912,2.1077
4.4107,0.74388,2.9836,2.0975
4.398,0.74643,2.9963,2.1026
4.398,0.73113,2.9912,2.1102
4.4082,0.74133,2.9861,2.1026
4.4056,0.74388,2.9912,2.1026
4.4056,0.74133,2.9912,2.1051
4.4031,0.73878,2.9861,2.1051
4.4056,0.74388,2.9912,2.0975
4.398,0.73878,2.9963,2.1051
4.4056,0.73113,2.9912,2.1077
4.4133,0.73878,2.9836,2.1051
4.4005,0.74388,2.9963,2.1051
4.4056,0.73368,2.9912,2.1102
4.4107,0.73878,2.9836,2.1026
4.4056,0.74388,2.9938,2.1026
4.398,0.73878,2.9989,2.1051
4.4056,0.72858,2.9912,2.1102
4.4107,0.74388,2.9836,2.0975
4.398,0.74388,2.9989,2.1026
4.398,0.73368,2.9963,2.1077
4.4107,0.73623,2.9861,2.1051
4.4056,0.74388,2.9938,2.1
4.398,0.73113,2.9963,2.1128
4.4133,0.73113,2.9861,2.1051
4.4056,0.74388,2.9887,2.1026
4.398,0.73878,2.9912,2.1026
4.4133,0.73878,2.9836,2.1051
4.4056,0.74133,2.9887,2.0975
4.4005,0.73878,2.9963,2.1026
4.4056,0.73113,2.9861,2.1102
4.4107,0.74388,2.9836,2.0975
4.398,0.74388,2.9963,2.0975
4.398,0.73113,2.9963,2.1077
4.4056,0.73878,2.9912,2.1051
4.4056,0.74643,2.9887,2.0975
4.398,0.74133,2.9989,2.1026
4.4056,0.73368,2.9912,2.1102
4.4133,0.74388,2.9836,2.0975
4.4056,0.74388,2.9989,2.1
4.398,0.74133,2.9989,2.1077
4.4133,0.73113,2.9836,2.1102
4.4107,0.74388,2.9836,2.0975
4.4005,0.74133,2.9963,2.1051
4.4031,0.73368,2.9887,2.1051
4.4056,0.73878,2.9836,2.1051
4.4056,0.73878,2.9912,2.1026
4.4031,0.73368,2.9912,2.1102
4.4107,0.73878,2.9861,2.0975
4.4056,0.74898,2.9938,2.1
4.4005,0.73368,2.9963,2.1128
4.4133,0.73878,2.9836,2.1051
4.4056,0.74388,2.9912,2.1051
4.398,0.73113,2.9989,2.1102
4.4133,0.73878,2.9836,2.1077
4.4031,0.74388,2.9861,2.0975
4.398,0.73368,2.9989,2.1102
4.4107,0.73878,2.9836,2.1051
4.4056,0.73623,2.9887,2.1026
4.4031,0.73878,2.9887,2.1102
4.4133,0.73878,2.9836,2.1
4.4056,0.74388,2.9912,2.1
4.398,0.73113,2.9938,2.1102
4.4133,0.73878,2.9836,2.1051
4.4056,0.74388,2.9887,2.1051
4.4031,0.73878,2.9912,2.1026
4.4031,0.73623,2.9912,2.1051
4.4056,0.74388,2.9887,2.0975
4.398,0.73878,2.9963,2.1102
4.4056,0.73113,2.9836,2.1102
4.4133,0.74643,2.9836,2.0949
4.3954,0.73878,2.9963,2.1051
4.4056,0.73113,2.9887,2.1051
4.4107,0.73878,2.9887,2.1026
4.4056,0.73878,2.9912,2.1051
4.4031,0.73623,2.9963,2.1102
4.4056,0.73113,2.9836,2.1102
4.4107,0.73878,2.9836,2.1077
4.4031,0.74388,2.9912,2.1051
4.4031,0.74133,2.9912,2.1051
4.4031,0.73878,2.9938,2.1051
4.4082,0.73878,2.9887,2.1051
4.4005,0.74388,2.9887,2.1051
4.3954,0.73623,2.9963,2.1051
4.4056,0.73878,2.9887,2.1051
4.4056,0.73878,2.9887,2.1
4.4056,0.73878,2.9912,2.1051
4.4031,0.73878,2.9912,2.1051
4.4031,0.73878,2.9887,2.1026
4.4056,0.74388,2.9912,2.0975
4.398,0.73878,3.0014,2.1051
4.4031,0.73113,2.9912,2.1077
4.4107,0.73878,2.9836,2.1051
4.4031,0.74643,2.9887,2.0975
4.398,0.73113,2.9989,2.1102
4.4107,0.73368,2.9912,2.1026
4.4031,0.73623,2.9836,2.1051
4.4031,0.73878,2.9912,2.1051
4.398,0.73113,2.9989,2.1102
4.4107,0.73878,2.9836,2.1051
4.4031,0.74388,2.9887,2.0975
4.3954,0.73878,2.9989,2.1026
4.398,0.73878,2.9912,2.1128
4.4031,0.73368,2.9861,2.1102
4.4107,0.74388,2.9861,2.0975
4.4031,0.74388,2.9989,2.0975
4.398,0.73113,2.9963,2.1128
4.4056,0.73113,2.9836,2.1102
4.4107,0.73878,2.9861,2.0949
4.3954,0.74643,2.9938,2.1
4.398,0.73368,2.9963,2.1102
4.4107,0.73113,2.9938,2.1102
4.4082,0.74388,2.9836,2.0975
4.3954,0.74388,3.0014,2.0975
4.398,0.73878,2.9989,2.1102
4.4107,0.73368,2.9861,2.1077
4.4107,0.74388,2.9861,2.0975
4.4031,0.73623,2.9912,2.1026
4.4031,0.73368,2.9912,2.1102
4.4107,0.73878,2.9861,2.1026
4.4005,0.74388,2.9912,2.1026
4.4056,0.73878,2.9912,2.1051
4.4031,0.73878,2.9912,2.1051
4.4031,0.74388,2.9887,2.0975
4.3954,0.73878,2.9989,2.1026
4.4107,0.73113,2.9836,2.1128
4.4031,0.73878,2.9912,2.0949
4.3954,0.73878,2.9989,2.1051
4.4031,0.73113,2.9861,2.1102
4.4005,0.73878,2.9887,2.1077
4.4056,0.73878,2.9912,2.1051
4.4031,0.73878,2.9912,2.1102
4.4005,0.73878,2.9912,2.1077
4.4005,0.73878,2.9912,2.0975
4.4031,0.73878,2.9912,2.1051
4.4005,0.73623,2.9989,2.1026
4.398,0.73368,2.9912,2.1051
4.4031,0.73878,2.9836,2.1051
4.4031,0.74388,2.9912,2.1026
4.4005,0.73623,2.9989,2.1026
4.4031,0.73368,2.9938,2.1026
4.4056,0.73878,2.9836,2.1051
4.4031,0.73878,2.9912,2.1077
4.398,0.73878,2.9989,2.1051
4.4005,0.73113,2.9912,2.1102
4.4082,0.73878,2.9912,2.1051
4.4005,0.74643,2.9912,2.1051
4.3954,0.74133,2.9963,2.1026
4.4031,0.73113,2.9912,2.1102
4.4082,0.73878,2.9861,2.1077
4.4005,0.74388,2.9912,2.1051
4.3954,0.73878,2.9989,2.1026
4.4031,0.73368,2.9912,2.1128
4.4107,0.73878,2.9836,2.1077
4.4031,0.74388,2.9938,2.0975
4.398,0.73878,2.9989,2.1051
4.4031,0.73368,2.9912,2.1102
4.4005,0.73878,2.9912,2.1051
4.4005,0.73623,2.9912,2.1
4.4005,0.73623,2.9912,2.1051
4.4005,0.73878,2.9912,2.1102
4.4005,0.73878,2.9912,2.1051
4.4031,0.73878,2.9938,2.1051
4.398,0.74133,2.9938,2.1
4.3954,0.73113,2.9989,2.1102
4.4082,0.73878,2.9861,2.1051
4.4031,0.74388,2.9912,2.0949
4.398,0.73623,2.9963,2.1077
4.4082,0.73368,2.9861,2.1102
4.4107,0.74388,2.9861,2.0975
4.3954,0.73878,2.9989,2.1026
4.4056,0.73368,2.9912,2.1026
4.4082,0.73878,2.9861,2.1051
4.4031,0.74133,2.9938,2.1051
4.4031,0.73878,2.9912,2.1102
4.4005,0.73878,2.9912,2.1026
4.4031,0.74388,2.9912,2.0975
4.3954,0.73878,2.9963,2.1051
4.4107,0.73113,2.9912,2.1102
4.4107,0.73878,2.9861,2.0975
4.4031,0.74388,2.9989,2.0949
4.3954,0.74133,2.9912,2.1026
4.4107,0.73878,2.9861,2.1051
4.4031,0.74388,2.9989,2.0949
4.4056,0.73113,2.9887,2.1102
4.4082,0.74133,2.9912,2.1051
4.4031,0.73878,2.9938,2.1051
4.4031,0.73113,2.9912,2.1102
4.4031,0.73878,2.9887,2.0975
4.3954,0.73623,2.9989,2.1077
4.4082,0.73368,2.9836,2.1051
4.4031,0.74643,2.9912,2.0975
4.398,0.73368,2.9989,2.1102
4.4082,0.73878,2.9861,2.1051
4.4031,0.74388,2.9912,2.1051
4.4005,0.73368,2.9912,2.1077
4.4107,0.74388,2.9887,2.0975
4.3954,0.74388,2.9912,2.1051
4.4031,0.73113,2.9912,2.1102
4.4107,0.74388,2.9861,2.0975
4.398,0.74388,2.9989,2.1026
4.398,0.73368,2.9989,2.1102
4.4082,0.73878,2.9861,2.1026
4.4031,0.74388,2.9912,2.0975
4.4005,0.73878,2.9989,2.1026
4.4056,0.73878,2.9938,2.1051
4.4107,0.74133,2.9861,2.0949
4.3954,0.74388,2.9963,2.1026
4.3954,0.73113,2.9989,2.1102
4.4107,0.73368,2.9861,2.1102
4.4031,0.73878,2.9938,2.1051
4.4031,0.74388,2.9912,2.1051
4.4031,0.73878,2.9938,2.1051
4.4005,0.73113,2.9912,2.1026
4.4107,0.73878,2.9836,2.1026
4.4031,0.74388,2.9912,2.0949
4.398,0.73878,2.9989,2.1051
4.4031,0.73113,2.9912,2.1051
4.4056,0.73878,2.9861,2.1026
4.4031,0.74643,2.9938,2.0975
4.3954,0.74643,2.9963,2.1
4.3954,0.72858,2.9989,2.1102
4.4082,0.73113,2.9836,2.1051
4.4107,0.74388,2.9861,2.0975
4.398,0.73878,3.0014,2.1026
4.4031,0.73368,2.9938,2.1102
4.4107,0.74133,2.9861,2.1026
4.4031,0.74388,2.9912,2.0975
4.3954,0.73368,3.0014,2.1102
4.4056,0.73113,2.9938,2.1128
4.4107,0.73878,2.9861,2.1026
4.4031,0.74388,2.9912,2.1026
4.3954,0.74388,2.9989,2.1026
4.398,0.73113,2.9938,2.1102
4.4082,0.73623,2.9861,2.1026
4.4005,0.74388,2.9938,2.0949
4.3954,0.74388,2.9989,2.1026
4.3954,0.73113,2.9989,2.1102
4.4082,0.73368,2.9861,2.1051
4.4056,0.74388,2.9887,2.0975
4.4005,0.73878,2.9938,2.1026
4.4056,0.73878,2.9938,2.1026
4.4031,0.73113,2.9912,2.1026
4.4082,0.73878,2.9861,2.1026
4.4031,0.74388,2.9912,2.0975
4.3954,0.73878,2.9963,2.1026
4.4031,0.73878,2.9912,2.1026
4.4031,0.73878,2.9938,2.0975
4.3954,0.74133,2.9989,2.1102
4.4031,0.73113,2.9887,2.1102
4.4107,0.73878,2.9861,2.1051
