0.40607,2.0644,2.8587,1.46
0.39333,2.0695,2.8663,1.4702
0.39842,2.0567,2.8612,1.4727
0.40352,2.0644,2.8561,1.4702
0.39842,2.0695,2.8612,1.46
0.39333,2.0644,2.8663,1.4676
0.39842,2.0567,2.8587,1.4702
0.39842,2.0618,2.8612,1.4676
0.39842,2.0618,2.8612,1.4676
0.39842,2.0618,2.8612,1.4753
0.40607,2.0618,2.8561,1.4676
0.40097,2.0695,2.8612,1.46
0.39333,2.0618,2.8663,1.4676
0.39842,2.0542,2.8612,1.4727
0.40607,2.0644,2.8561,1.4676
0.39842,2.0695,2.8587,1.4625
0.39842,2.0618,2.8612,1.4676
0.39842,2.0593,2.8612,1.4727
0.39842,2.0618,2.8587,1.4676
0.39842,2.0593,2.8587,1.4625
0.39842,2.0669,2.8587,1.4676
0.39333,2.0618,2.8663,1.4676
0.39842,2.0542,2.8587,1.4727
0.40352,2.0593,2.8536,1.4651
0.39842,2.0669,2.8587,1.46
0.39333,2.0669,2.8663,1.4676
0.39333,2.0542,2.8663,1.4727
0.40352,2.0593,2.8536,1.4676
0.40352,2.0644,2.8536,1.4625
0.39333,2.0669,2.8638,1.4651
0.39842,2.0618,2.8587,1.4651
0.39842,2.0593,2.8612,1.4676
0.40607,2.0618,2.8536,1.4651
0.39842,2.0593,2.8587,1.4676
0.39333,2.0618,2.8587,1.4702
0.39842,2.0567,2.8612,1.4676
0.40352,2.0618,2.8561,1.4676
0.40607,2.0669,2.8536,1.4625
0.39333,2.0669,2.8663,1.4651
0.39333,2.0542,2.8663,1.4727
0.40352,2.0567,2.8536,1.4651
0.40607,2.0695,2.851,1.4625
0.39333,2.0669,2.8663,1.4651
0.39333,2.0567,2.8663,1.4727
0.40097,2.0567,2.8612,1.4727
0.40607,2.0593,2.8536,1.4625
0.39333,2.0669,2.8638,1.4625
0.39333,2.0567,2.8663,1.4753
0.40352,2.0567,2.8561,1.4676
0.40607,2.0669,2.8561,1.46
0.39587,2.0593,2.8689,1.4676
0.39842,2.0567,2.8587,1.4753
0.40862,2.0618,2.8561,1.4676
0.39842,2.0669,2.8612,1.4702
0.39333,2.0618,2.8638,1.4676
0.39842,2.0593,2.8612,1.4676
0.39842,2.0618,2.8587,1.4676
0.40097,2.0618,2.8587,1.4676
0.39842,2.0618,2.8587,1.4727
0.40352,2.0618,2.8587,1.4676
0.39842,2.0695,2.8612,1.46
0.39078,2.0567,2.8663,1.4651
0.40862,2.0567,2.8561,1.4753
0.40352,2.0669,2.8536,1.46
0.39333,2.0695,2.8689,1.4676
0.39842,2.0567,2.8587,1.4727
0.40607,2.0695,2.8561,1.4625
0.39842,2.0669,2.8714,1.4625
0.39333,2.0644,2.8663,1.4651
0.40097,2.0593,2.8612,1.4727
0.40607,2.0644,2.8561,1.4676
0.39842,2.0669,2.8612,1.4625
0.39842,2.0618,2.8663,1.4676
0.39842,2.0644,2.8612,1.4753
0.40352,2.0618,2.8561,1.4676
0.40097,2.0669,2.8612,1.4625
0.39333,2.0618,2.8663,1.4753
0.39842,2.0618,2.8612,1.4727
0.39842,2.0618,2.8612,1.4676
0.39842,2.0618,2.8561,1.4651
0.40097,2.0644,2.8612,1.4651
0.39842,2.0618,2.8638,1.4676
0.39842,2.0618,2.8612,1.4676
0.40097,2.0593,2.8587,1.4625
0.39333,2.0644,2.8663,1.4676
0.40097,2.0567,2.8587,1.4753
0.40607,2.0644,2.8561,1.4651
0.39842,2.0695,2.8612,1.4625
0.39587,2.0593,2.8612,1.4676
0.39842,2.0644,2.8612,1.4676
0.39842,2.0618,2.8536,1.46
0.39333,2.0695,2.8689,1.4702
0.39333,2.0567,2.8689,1.4778
0.40862,2.0644,2.8587,1.4676
0.40097,2.0618,2.8612,1.4676
0.39842,2.0618,2.8612,1.4676
0.39842,2.0618,2.8561,1.4702
0.39333,2.0695,2.8612,1.4625
0.39842,2.0567,2.8612,1.4727
0.40607,2.0618,2.8561,1.4676
0.40097,2.0618,2.8612,1.4651
0.39842,2.0618,2.8612,1.4727
0.40607,2.0618,2.8561,1.4676
0.39842,2.0695,2.8612,1.46
0.39333,2.0618,2.8689,1.4651
0.39842,2.0567,2.8612,1.4727
0.40607,2.0618,2.8536,1.4702
0.39842,2.0618,2.8612,1.4625
0.39842,2.0618,2.8689,1.4676
0.40097,2.0618,2.8612,1.4727
0.39842,2.0644,2.8561,1.4676
0.39842,2.0695,2.8612,1.46
0.39587,2.0618,2.8663,1.4651
0.39842,2.0567,2.8612,1.4753
0.40607,2.0644,2.8561,1.4676
0.39842,2.0695,2.8612,1.4625
0.39333,2.0618,2.8689,1.4651
0.39842,2.0542,2.8612,1.4727
0.39842,2.0618,2.8612,1.4702
0.39842,2.0644,2.8612,1.46
0.39842,2.0644,2.8612,1.4676
0.40097,2.0567,2.8587,1.4753
0.40607,2.0618,2.8561,1.4676
0.39333,2.0695,2.8587,1.4625
0.39333,2.0567,2.8689,1.4727
0.40607,2.0567,2.8536,1.4753
0.40607,2.0695,2.8561,1.4702
0.40097,2.0644,2.8587,1.4651
0.39842,2.0567,2.8612,1.4727
0.40352,2.0618,2.8536,1.4625
0.39333,2.0695,2.8612,1.4625
0.39333,2.0644,2.8663,1.4676
0.40097,2.0567,2.8612,1.4753
0.40097,2.0618,2.8561,1.4702
0.40097,2.0695,2.8612,1.46
0.39333,2.0669,2.8663,1.4702
0.39842,2.0618,2.8587,1.4727
0.39842,2.0618,2.8561,1.4676
0.39842,2.0618,2.8612,1.4651
0.39842,2.0618,2.8612,1.4727
0.40607,2.0567,2.8536,1.4676
0.39842,2.0669,2.8587,1.46
0.39333,2.0644,2.8587,1.4651
0.39842,2.0567,2.8612,1.4676
0.40607,2.0644,2.8561,1.4676
0.39842,2.0695,2.8587,1.4651
0.39587,2.0618,2.8612,1.4651
0.39842,2.0618,2.8612,1.4676
0.39842,2.0695,2.8587,1.4625
0.39333,2.0618,2.8663,1.4676
0.40097,2.0567,2.8587,1.4727
0.40097,2.0644,2.8587,1.4676
0.40097,2.0618,2.8587,1.4676
0.39842,2.0593,2.8612,1.4727
0.40607,2.0644,2.8536,1.4625
0.39842,2.0695,2.8587,1.46
0.39333,2.0618,2.8663,1.4651
0.39842,2.0567,2.8587,1.4727
0.40097,2.0618,2.8536,1.4702
0.39842,2.0669,2.8612,1.4625
0.39333,2.0618,2.8663,1.4727
0.39842,2.0542,2.851,1.4727
0.40352,2.0618,2.8561,1.4625
0.39333,2.0695,2.8638,1.4676
0.40097,2.0567,2.8587,1.4727
0.40352,2.0593,2.8536,1.4676
0.39333,2.0669,2.8587,1.4625
0.39333,2.0567,2.8638,1.4727
0.39842,2.0567,2.851,1.4727
0.40862,2.0618,2.8561,1.4625
0.39842,2.0695,2.8587,1.4625
0.39333,2.0618,2.8638,1.4727
0.40607,2.0567,2.8561,1.4676
0.40607,2.0669,2.8612,1.4625
0.39587,2.0618,2.8612,1.4676
0.39842,2.0618,2.8612,1.4651
0.40607,2.0695,2.8561,1.4574
0.39078,2.0695,2.8663,1.4702
0.39842,2.0567,2.8587,1.4702
0.40862,2.0618,2.851,1.4651
0.39842,2.0669,2.8587,1.4676
0.39842,2.0593,2.8587,1.4753
0.40607,2.0618,2.8561,1.4676
0.39842,2.0695,2.8612,1.4651
0.39842,2.0618,2.8663,1.4676
0.39842,2.0542,2.8587,1.4753
0.40862,2.0618,2.8587,1.4676
0.39842,2.0669,2.8587,1.4651
0.39078,2.0618,2.8663,1.4676
0.39842,2.0567,2.8612,1.4676
0.40862,2.0618,2.8612,1.4676
0.39842,2.0669,2.8612,1.4651
0.40097,2.0618,2.8689,1.4753
0.40352,2.0542,2.8612,1.4727
0.40607,2.0695,2.851,1.46
0.39333,2.0695,2.8663,1.4625
0.39333,2.0542,2.8663,1.4727
0.40352,2.0567,2.8561,1.4651
0.40607,2.0593,2.8612,1.4625
0.39333,2.0618,2.8663,1.4676
0.39842,2.0567,2.8587,1.4727
0.40352,2.0644,2.8536,1.46
0.39842,2.0695,2.8638,1.46
0.39587,2.0567,2.8663,1.4727
0.40862,2.0567,2.8561,1.4676
0.39842,2.0669,2.8587,1.4625
0.39333,2.0618,2.8689,1.4651
0.40097,2.0567,2.8536,1.4753
0.40352,2.0695,2.8536,1.46
0.39333,2.0618,2.8663,1.4676
0.39842,2.0567,2.8587,1.4727
0.39842,2.0644,2.8587,1.4676
0.39842,2.0644,2.8663,1.4651
0.39842,2.0567,2.8587,1.4727
0.40607,2.0618,2.8536,1.4676
0.39842,2.0695,2.8612,1.4651
0.39333,2.0618,2.8638,1.4651
0.40097,2.0618,2.8612,1.4676
0.39842,2.0644,2.8587,1.4625
0.39333,2.0618,2.8689,1.4651
0.39842,2.0567,2.8612,1.4727
0.40352,2.0618,2.8536,1.4676
0.39842,2.0669,2.8612,1.4676
0.39333,2.0618,2.8663,1.4702
0.39842,2.0567,2.8587,1.4753
0.40607,2.0644,2.8561,1.4651
0.39842,2.0695,2.8612,1.4676
0.39842,2.0644,2.8612,1.4676
0.39842,2.0618,2.8612,1.4651
0.39842,2.0618,2.8612,1.4702
0.39842,2.0618,2.8612,1.4676
0.39842,2.0618,2.8612,1.4676
0.39842,2.0644,2.8587,1.4651
0.39842,2.0644,2.8587,1.46
0.39842,2.0644,2.8587,1.4651
0.39842,2.0644,2.8612,1.4676
0.39842,2.0618,2.8587,1.4676
0.40352,2.0593,2.8561,1.4676
0.39842,2.0593,2.8587,1.4651
0.39842,2.0542,2.8587,1.4727
0.40607,2.0644,2.8561,1.4625
0.40097,2.0618,2.8587,1.4625
0.39842,2.0618,2.8587,1.4676
0.39333,2.0567,2.8663,1.4727
0.40607,2.0644,2.8561,1.4651
0.40097,2.0695,2.8612,1.4625
0.39333,2.0644,2.8689,1.4727
0.39842,2.0567,2.8612,1.4727
0.40862,2.0644,2.8561,1.4676
0.39842,2.0695,2.8612,1.4625
0.39842,2.0593,2.8612,1.4651
0.40097,2.0618,2.8612,1.4676
0.40097,2.0644,2.8587,1.4625
0.39842,2.0695,2.8663,1.4676
0.39333,2.0644,2.8612,1.4727
0.40607,2.0593,2.8561,1.4651
0.39842,2.0695,2.8612,1.4625
0.39333,2.0618,2.8689,1.4676
0.39842,2.0567,2.8612,1.4727
0.40607,2.0618,2.8561,1.4702
0.40097,2.0618,2.8612,1.4651
0.39842,2.0644,2.8638,1.4727
0.40607,2.0644,2.8561,1.4676
0.39842,2.0695,2.8612,1.4651
0.40097,2.0644,2.8612,1.4702
0.39842,2.0618,2.8612,1.4676
0.40097,2.0695,2.8612,1.46
0.39333,2.0644,2.8689,1.4676
0.40862,2.0567,2.8612,1.4753
0.40607,2.072,2.8561,1.46
0.39333,2.0618,2.8714,1.4676
0.39842,2.0567,2.8612,1.4727
0.40862,2.0618,2.8561,1.4676
0.40097,2.0695,2.8612,1.4676
0.39842,2.0618,2.8689,1.4727
0.40352,2.0567,2.8561,1.4651
0.40607,2.0669,2.8561,1.4625
0.39587,2.0695,2.8612,1.4676
0.39842,2.0567,2.8638,1.4727
0.40862,2.0695,2.8561,1.4625
0.39333,2.0695,2.8612,1.46
0.39842,2.0644,2.8587,1.4753
0.40097,2.0644,2.8612,1.4651
0.39842,2.0695,2.8587,1.4625
0.39333,2.0618,2.8689,1.4651
0.39842,2.0567,2.8561,1.4753
0.40352,2.0669,2.8536,1.46
0.39333,2.0695,2.8587,1.4676
0.39842,2.0567,2.8587,1.4727
0.40352,2.0695,2.8561,1.4651
0.39842,2.072,2.8689,1.46
0.39333,2.0567,2.8663,1.4727
0.40607,2.0542,2.8612,1.4753
0.40607,2.0695,2.8561,1.4625
0.39333,2.0695,2.8689,1.46
0.39333,2.0644,2.8663,1.4753
0.40097,2.0567,2.8638,1.4727
0.40607,2.0644,2.8561,1.4625
0.40097,2.0695,2.8638,1.4625
0.39333,2.0567,2.8689,1.4727
0.40352,2.0644,2.8561,1.4676
0.39842,2.0695,2.8612,1.4625
0.39078,2.0618,2.8689,1.4702
0.40097,2.0593,2.8612,1.4651
0.40607,2.0618,2.8561,1.4702
0.39842,2.0695,2.8612,1.4625
0.39333,2.0644,2.8689,1.4676
0.39842,2.0567,2.8612,1.4676
0.40607,2.0567,2.8561,1.4676
0.40607,2.0695,2.8612,1.46
0.39333,2.0644,2.8714,1.4676
0.39842,2.0567,2.8638,1.4727
0.39842,2.0644,2.8612,1.4676
0.40097,2.0644,2.8612,1.4676
0.40097,2.0644,2.8612,1.4676
0.39842,2.0567,2.8612,1.4753
0.40607,2.0695,2.8536,1.4625
0.39842,2.0695,2.8689,1.4625
0.39333,2.0644,2.8689,1.4753
0.40352,2.0567,2.8561,1.4727
0.40607,2.0695,2.8587,1.46
0.39333,2.0644,2.8689,1.4651
0.39842,2.0567,2.8612,1.4727
0.40862,2.0618,2.8561,1.4676
0.40097,2.0695,2.8612,1.46
0.39333,2.0644,2.8689,1.4676
0.39842,2.0567,2.8612,1.4753
0.40607,2.0618,2.8587,1.4676
0.39842,2.0695,2.8612,1.4625
0.39587,2.0593,2.8663,1.4727
0.40097,2.0567,2.8612,1.4727
0.40607,2.0644,2.8612,1.4702
0.39842,2.0618,2.8612,1.4651
0.39842,2.0644,2.8689,1.4727
0.39842,2.0644,2.8561,1.4676
0.40097,2.0695,2.8612,1.46
0.39333,2.0644,2.8689,1.4676
0.40097,2.0542,2.8612,1.4727
0.40607,2.0644,2.8561,1.4702
0.39842,2.072,2.8638,1.4625
0.39333,2.0644,2.8689,1.4676
0.39333,2.0567,2.8612,1.4753
0.40097,2.0567,2.8561,1.4676
0.40097,2.0695,2.8587,1.4625
0.39842,2.0695,2.8714,1.4651
0.39078,2.0644,2.8638,1.4753
0.40607,2.0644,2.8561,1.4676
0.39842,2.0695,2.8612,1.4625
0.39333,2.0669,2.8689,1.4676
0.39842,2.0567,2.8561,1.4753
0.40607,2.0695,2.8561,1.4625
0.39587,2.0695,2.8689,1.4676
0.39333,2.0593,2.8714,1.4727
0.40607,2.0567,2.8587,1.4676
0.40607,2.0695,2.8587,1.4625
0.39078,2.0695,2.8689,1.4676
0.39333,2.0567,2.8663,1.4753
0.40607,2.0644,2.8561,1.4702
0.40352,2.0695,2.8561,1.46
0.39333,2.0695,2.8689,1.4676
0.39333,2.0567,2.8689,1.4727
0.40862,2.0567,2.8561,1.4676
0.40607,2.0618,2.8612,1.4625
0.39842,2.0644,2.8638,1.4676
0.39842,2.0644,2.8612,1.4753
0.39842,2.0593,2.8638,1.4676
0.40607,2.0644,2.8561,1.4676
0.39842,2.0695,2.8612,1.46
0.39587,2.0644,2.8663,1.4727
0.39842,2.0567,2.8561,1.4753
0.40352,2.0669,2.8587,1.46
0.39333,2.0695,2.8714,1.4625
0.39333,2.0567,2.8689,1.4753
0.39842,2.0593,2.8587,1.4753
0.40607,2.0669,2.8561,1.4651
0.40097,2.072,2.8638,1.46
0.39587,2.0644,2.8714,1.4702
0.39842,2.0567,2.8663,1.4753
0.40862,2.0644,2.8587,1.4676
0.40097,2.0695,2.8612,1.4625
0.39333,2.0695,2.8689,1.4676
0.39333,2.0567,2.8689,1.4753
0.40607,2.0567,2.8612,1.4702
0.39842,2.0644,2.8612,1.4676
0.39842,2.0644,2.8638,1.4651
0.39842,2.0644,2.8638,1.4753
0.39842,2.0644,2.8638,1.4676
0.40607,2.0644,2.8612,1.4676
0.39842,2.0695,2.8612,1.4676
0.39587,2.0618,2.8714,1.4676
0.40097,2.0644,2.8612,1.4753
0.40862,2.0669,2.8561,1.4676
0.39842,2.0695,2.8638,1.4651
0.39333,2.0593,2.8714,1.4753
0.39842,2.0593,2.8612,1.4753
0.40352,2.072,2.8561,1.4625
0.39333,2.072,2.8638,1.4625
0.39333,2.0567,2.8689,1.4753
0.40352,2.0567,2.8561,1.4702
0.40097,2.0695,2.8612,1.4676
0.39333,2.0593,2.8714,1.4753
0.39842,2.0567,2.8638,1.4727
0.40607,2.0695,2.8587,1.4625
0.39842,2.0695,2.8689,1.4625
0.39078,2.0567,2.8714,1.4727
0.40607,2.0567,2.8561,1.4778
0.40862,2.0695,2.8587,1.4625
0.39333,2.0695,2.8714,1.4702
0.39842,2.0593,2.8638,1.4753
0.40607,2.0644,2.8587,1.4702
0.40352,2.0695,2.8612,1.4625
0.39333,2.0644,2.8714,1.4651
0.39842,2.0618,2.8612,1.4676
0.40097,2.0644,2.8612,1.4625
0.39333,2.0644,2.8689,1.4676
0.39842,2.0593,2.8612,1.4727
0.40607,2.0644,2.8587,1.4702
0.39842,2.0695,2.8638,1.4625
0.39078,2.0644,2.8689,1.4753
0.40607,2.0567,2.8561,1.4778
0.40607,2.072,2.8587,1.4625
0.39587,2.0695,2.8612,1.4651
0.40097,2.0644,2.8638,1.4753
0.39842,2.0618,2.8638,1.4702
0.40097,2.0618,2.8638,1.46
0.39587,2.0618,2.8689,1.4676
0.39842,2.0567,2.8612,1.4727
0.40607,2.0644,2.8561,1.4702
0.39842,2.0695,2.8689,1.4625
0.39333,2.0644,2.8638,1.4676
0.39842,2.0567,2.8561,1.4676
0.40607,2.0695,2.8612,1.4625
0.39333,2.0644,2.8689,1.4676
0.39842,2.0567,2.8638,1.4676
0.40862,2.0644,2.8638,1.4676
0.40097,2.0644,2.8612,1.4651
0.40097,2.0644,2.8663,1.4753
0.40607,2.0644,2.8587,1.4676
0.40097,2.072,2.8612,1.4625
0.39587,2.0644,2.8689,1.4676
0.39842,2.0567,2.8612,1.4727
0.40607,2.0644,2.8561,1.4702
0.39333,2.0695,2.8612,1.4625
0.39587,2.0669,2.8714,1.4753
0.40862,2.0567,2.8638,1.4753
0.40862,2.0618,2.8587,1.4625
0.39333,2.072,2.8663,1.4651
0.39842,2.0567,2.8638,1.4727
0.40862,2.0644,2.8561,1.4676
0.40097,2.0695,2.8638,1.4651
0.39842,2.0644,2.8612,1.4676
0.40097,2.0618,2.8638,1.4676
0.40097,2.0695,2.8612,1.4625
0.39333,2.0644,2.8663,1.4753
0.39842,2.0567,2.8638,1.4727
0.40862,2.0695,2.8587,1.4625
0.39333,2.0644,2.8689,1.4676
0.40097,2.0567,2.8612,1.4727
0.40862,2.0695,2.8536,1.4625
0.39333,2.0695,2.8689,1.4702
0.39333,2.0567,2.8612,1.4727
0.40607,2.0644,2.8561,1.4676
0.39842,2.0618,2.8612,1.4676
0.40097,2.0644,2.8638,1.4727
0.40607,2.0644,2.8561,1.4676
0.40097,2.0695,2.8689,1.4625
0.39587,2.0567,2.8689,1.4676
0.39842,2.0644,2.8638,1.4676
0.40097,2.0644,2.8612,1.4625
0.39842,2.0669,2.8612,1.4702
0.39842,2.0567,2.8612,1.4727
0.40607,2.0695,2.8561,1.4676
0.39333,2.0695,2.8612,1.4651
0.39842,2.0644,2.8612,1.4676
0.40097,2.0567,2.8561,1.4676
0.40607,2.0695,2.8561,1.46
0.39333,2.0644,2.8689,1.4651
0.39842,2.0567,2.8638,1.4702
0.40607,2.0669,2.8561,1.4625
0.39333,2.0618,2.8689,1.4676
0.39842,2.0593,2.8638,1.4753
0.40862,2.0695,2.8561,1.4625
0.39587,2.0695,2.8689,1.4625
0.39842,2.0567,2.8638,1.4727
0.40862,2.0644,2.8561,1.4651
0.40097,2.0644,2.8612,1.4625
0.40097,2.0618,2.8638,1.4676
0.40097,2.0618,2.8638,1.4651
0.39842,2.0618,2.8612,1.4625
0.40097,2.0644,2.8612,1.4702
0.39842,2.0567,2.8638,1.4753
0.40862,2.0618,2.8561,1.4676
0.40097,2.0644,2.8612,1.4676
0.39842,2.0644,2.8663,1.4676
0.39842,2.0567,2.8638,1.4727
0.40352,2.0669,2.8561,1.4625
0.39333,2.0695,2.8612,1.46
0.39587,2.0567,2.8714,1.4727
0.40862,2.0567,2.8561,1.4676
0.40352,2.0695,2.8612,1.46
