0.50294,1.9038,2.716,1.4166
0.51823,1.9063,2.7032,1.4166
0.51823,1.9165,2.7032,1.4064
0.50549,1.9165,2.716,1.4115
0.50549,1.9012,2.716,1.4192
0.51313,1.9038,2.7032,1.409
0.51058,1.914,2.7083,1.4064
0.50294,1.9089,2.7109,1.4115
0.51058,1.9038,2.7134,1.4192
0.51823,1.9089,2.7032,1.4115
0.51058,1.9165,2.7109,1.4115
0.50549,1.9089,2.716,1.4115
0.50804,1.9038,2.7083,1.4115
0.51568,1.9114,2.7032,1.4115
0.51313,1.9165,2.7083,1.4115
0.51313,1.9089,2.716,1.409
0.51058,1.9038,2.7109,1.4141
0.51568,1.9089,2.7032,1.4115
0.51058,1.9114,2.7083,1.4115
0.50804,1.9038,2.7134,1.4166
0.51823,1.9089,2.7032,1.4039
0.50549,1.9165,2.716,1.4064
0.51058,1.9038,2.7083,1.4192
0.51823,1.9114,2.7007,1.4115
0.50549,1.9165,2.7109,1.4064
0.50549,1.9038,2.7185,1.4166
0.51823,1.9038,2.7032,1.4141
0.51058,1.9165,2.7083,1.4039
0.50549,1.9089,2.7109,1.4115
0.51058,1.9089,2.7109,1.4115
0.51058,1.9114,2.7058,1.4064
0.50294,1.9114,2.716,1.4115
0.51568,1.9012,2.7109,1.4115
0.51058,1.9089,2.7083,1.4115
0.50294,1.9114,2.716,1.4115
0.51058,1.9038,2.7109,1.4166
0.51823,1.9165,2.7032,1.4039
0.50294,1.9165,2.716,1.4064
0.50549,1.9038,2.716,1.4192
0.51823,1.9089,2.7032,1.4115
0.51313,1.9165,2.7083,1.4064
0.50804,1.9089,2.716,1.4141
0.51058,1.9063,2.7083,1.4115
0.51058,1.9089,2.7083,1.4115
0.50549,1.9114,2.7185,1.4115
0.51058,1.9038,2.7109,1.4166
0.51568,1.9165,2.7032,1.4039
0.50549,1.9114,2.716,1.4141
0.51058,1.9038,2.7083,1.4115
0.51568,1.9089,2.7032,1.4115
0.50804,1.9114,2.7109,1.4115
0.50804,1.9038,2.7109,1.4192
0.51823,1.9165,2.7032,1.4039
0.50294,1.9165,2.716,1.4039
0.50294,1.9012,2.7185,1.4166
0.51823,1.9089,2.7032,1.4141
0.51058,1.9165,2.7109,1.4039
0.50294,1.9038,2.7185,1.4141
0.51823,1.9038,2.7032,1.4115
0.51058,1.9114,2.7083,1.4064
0.51058,1.9114,2.7109,1.4141
0.51058,1.9038,2.7109,1.4192
0.51823,1.9089,2.7058,1.4115
0.51058,1.9165,2.7083,1.4039
0.50804,1.9063,2.7185,1.4166
0.51823,1.9038,2.7058,1.4115
0.51313,1.9165,2.7083,1.4064
0.50549,1.9114,2.716,1.4115
0.51058,1.9038,2.7083,1.4115
0.51058,1.9089,2.7083,1.4039
0.50549,1.9114,2.716,1.4115
0.51058,1.9038,2.7109,1.4192
0.51823,1.9089,2.7032,1.4064
0.51313,1.9165,2.7083,1.4064
0.50549,1.9114,2.716,1.4166
0.51058,1.9038,2.7109,1.4166
0.51823,1.9114,2.7058,1.4141
0.51058,1.9089,2.7083,1.4115
0.51058,1.9063,2.7109,1.4115
0.51313,1.9089,2.7083,1.4166
0.51313,1.9165,2.7109,1.4064
0.50804,1.9089,2.716,1.4115
0.51823,1.9012,2.7109,1.4166
0.51568,1.9165,2.7032,1.4064
0.50549,1.9191,2.716,1.4141
0.51313,1.9038,2.7083,1.4141
0.51823,1.9114,2.7058,1.4115
0.50294,1.9165,2.7134,1.4064
0.50549,1.9038,2.716,1.4166
0.51568,1.9038,2.7058,1.4115
0.51568,1.9165,2.7032,1.4039
0.51313,1.9089,2.7083,1.409
0.51058,1.9038,2.7109,1.4166
0.51823,1.9165,2.7058,1.4115
0.51058,1.9089,2.7083,1.4141
0.51058,1.9089,2.7083,1.4166
0.51823,1.9114,2.7058,1.4115
0.50804,1.9165,2.7083,1.4064
0.50294,1.9063,2.7185,1.4192
0.51823,1.9038,2.7058,1.4115
0.51058,1.9165,2.7109,1.4039
0.50294,1.9089,2.716,1.4115
0.51313,1.9038,2.7083,1.409
0.51058,1.9089,2.7109,1.409
0.50804,1.9089,2.7109,1.4141
0.51058,1.9038,2.7134,1.4192
0.52078,1.9089,2.7058,1.409
0.51568,1.9165,2.7083,1.4064
0.50549,1.9089,2.716,1.4115
0.51058,1.9038,2.7109,1.4166
0.51823,1.9165,2.7032,1.4039
0.50549,1.9114,2.716,1.4115
0.51058,1.9038,2.7109,1.4166
0.51823,1.9165,2.7058,1.4064
0.50549,1.9089,2.7185,1.4192
0.51823,1.9038,2.7058,1.4192
0.51058,1.9114,2.7109,1.4039
0.50294,1.9089,2.7185,1.4115
0.51823,1.9038,2.7058,1.4192
0.51058,1.9165,2.7083,1.4039
0.51058,1.9089,2.7109,1.4115
0.51823,1.9089,2.7032,1.4115
0.51058,1.9165,2.7083,1.4039
0.50549,1.9038,2.716,1.4166
0.52078,1.9038,2.7032,1.4141
0.50804,1.9165,2.7083,1.4115
0.50294,1.9089,2.7185,1.4115
0.51568,1.9114,2.7083,1.4115
0.51058,1.9165,2.7083,1.4039
0.50549,1.9089,2.7185,1.4192
0.51568,1.9038,2.7058,1.4166
0.51823,1.9114,2.7032,1.409
0.50549,1.9114,2.716,1.4141
0.51058,1.9089,2.7109,1.4115
0.51313,1.9089,2.7109,1.4064
0.50549,1.9089,2.7134,1.4115
0.51058,1.9063,2.7083,1.4166
0.51823,1.9089,2.7032,1.4115
0.51058,1.9165,2.7109,1.4039
0.50549,1.9089,2.7109,1.4115
0.51058,1.9038,2.7109,1.4166
0.51823,1.9114,2.7058,1.409
0.51058,1.9165,2.7109,1.4039
0.50804,1.9114,2.716,1.4115
0.51058,1.9114,2.7109,1.4141
0.51058,1.9089,2.7109,1.4039
0.51058,1.9089,2.7185,1.4115
0.51058,1.9038,2.7109,1.4192
0.51823,1.9114,2.7032,1.4115
0.50549,1.9165,2.716,1.4115
0.51058,1.9038,2.7134,1.4115
0.51058,1.9089,2.7083,1.4115
0.50294,1.9089,2.716,1.4115
0.51058,1.9063,2.7083,1.4166
0.51823,1.9089,2.7032,1.4064
0.51313,1.9191,2.7109,1.4039
0.50294,1.9089,2.7185,1.4166
0.51823,1.9038,2.7058,1.4166
0.51823,1.9165,2.7032,1.4039
0.50549,1.914,2.716,1.4115
0.51058,1.9063,2.7109,1.4192
0.51823,1.9114,2.7032,1.4115
0.51058,1.9191,2.7109,1.4064
0.50294,1.9089,2.7185,1.4166
0.51313,1.9038,2.7032,1.4192
0.51823,1.9165,2.7032,1.4039
0.50804,1.9063,2.716,1.4115
0.51313,1.9012,2.7109,1.4115
0.51058,1.9089,2.7083,1.4064
0.50549,1.9063,2.7185,1.4166
0.51823,1.9063,2.7032,1.4115
0.51313,1.9165,2.7083,1.4064
0.51058,1.914,2.7109,1.4115
0.51823,1.9114,2.7058,1.4064
0.51058,1.9191,2.7109,1.409
0.50549,1.9038,2.7185,1.4192
0.51313,1.9114,2.7109,1.4115
0.51058,1.9165,2.7109,1.4064
0.50549,1.9089,2.7185,1.409
0.51058,1.9063,2.7109,1.4166
0.51823,1.9165,2.7058,1.4064
0.50549,1.9114,2.7211,1.4115
0.51058,1.9114,2.7109,1.4166
0.51823,1.9165,2.7032,1.4039
0.50294,1.9191,2.7185,1.4115
0.50549,1.9089,2.7109,1.4192
0.51823,1.9089,2.7058,1.4141
0.51313,1.9165,2.7083,1.409
0.50549,1.9114,2.7185,1.4166
0.51058,1.9038,2.7058,1.4166
0.51568,1.9089,2.7032,1.4064
0.50294,1.9165,2.7083,1.4141
0.50804,1.9038,2.716,1.4166
0.51823,1.9063,2.7058,1.4115
0.51823,1.9165,2.7109,1.4064
0.50294,1.9114,2.716,1.4115
0.50294,1.9038,2.7109,1.4192
0.51823,1.9089,2.7032,1.4115
0.51058,1.9165,2.7083,1.4115
0.51058,1.9114,2.7109,1.4141
0.50804,1.9063,2.7109,1.4141
0.51058,1.9165,2.7109,1.4064
0.50549,1.9114,2.7185,1.4192
0.51823,1.9012,2.7058,1.4115
0.51823,1.914,2.7058,1.4039
0.50549,1.9089,2.7185,1.4141
0.51058,1.9038,2.7083,1.4166
0.51568,1.9165,2.7032,1.4064
0.51058,1.9089,2.716,1.4115
0.51058,1.9089,2.7134,1.4115
0.51313,1.9114,2.7109,1.409
0.50549,1.9114,2.7185,1.4192
0.51823,1.9038,2.7058,1.4141
0.51058,1.9165,2.7109,1.4039
0.51058,1.9089,2.7185,1.4141
0.51313,1.9089,2.7109,1.4141
0.51058,1.9191,2.7109,1.4064
0.50294,1.9038,2.716,1.4192
0.51823,1.9114,2.7058,1.4115
0.50804,1.9165,2.7185,1.4064
0.50549,1.9063,2.716,1.4166
0.51823,1.9114,2.7032,1.4141
0.51313,1.9165,2.7134,1.4115
0.50804,1.9089,2.7109,1.4115
0.51568,1.9038,2.7058,1.4141
0.51058,1.9165,2.7083,1.4039
0.50549,1.9089,2.7109,1.4115
0.51058,1.9038,2.7032,1.4192
0.51823,1.9165,2.7058,1.4064
0.50549,1.9165,2.716,1.4141
0.51058,1.9063,2.7109,1.4166
0.51823,1.914,2.7083,1.4115
0.51058,1.9165,2.7109,1.4115
0.50549,1.9089,2.7185,1.4141
0.51058,1.9114,2.7109,1.4115
0.51058,1.9165,2.716,1.409
0.50804,1.9038,2.7185,1.4192
0.51568,1.9038,2.7058,1.4166
0.51823,1.9114,2.7134,1.409
0.51058,1.9165,2.7185,1.4115
0.51058,1.9038,2.7109,1.4192
0.51823,1.9089,2.7058,1.4115
0.51058,1.9165,2.7109,1.4115
0.50294,1.9038,2.716,1.4217
0.51568,1.9114,2.7058,1.4141
0.51058,1.9191,2.7109,1.4064
0.50549,1.9089,2.7185,1.4115
0.51058,1.9063,2.7109,1.4192
0.51823,1.9165,2.7058,1.409
0.50549,1.9114,2.7185,1.4141
0.51058,1.9114,2.7109,1.4192
0.51823,1.9114,2.7134,1.4064
0.51058,1.9114,2.7109,1.4115
0.51058,1.9038,2.7134,1.4192
0.51823,1.9038,2.7058,1.4141
0.51058,1.9165,2.7134,1.4064
0.50294,1.914,2.7185,1.4192
0.51823,1.9038,2.7058,1.4192
0.51568,1.9165,2.7058,1.4039
0.50549,1.9165,2.716,1.4115
0.50549,1.9038,2.716,1.4166
0.51823,1.9038,2.7032,1.4115
0.51568,1.9165,2.7058,1.4064
0.50549,1.9165,2.7185,1.4115
0.51058,1.9038,2.716,1.4166
0.51568,1.9063,2.7058,1.4115
0.51823,1.9165,2.7032,1.4039
0.50294,1.9114,2.716,1.4115
0.51058,1.9038,2.7083,1.4166
0.51823,1.9165,2.7058,1.4039
0.50804,1.9165,2.7185,1.4064
0.50804,1.9038,2.7185,1.4192
0.51568,1.9038,2.7058,1.4115
0.51313,1.9165,2.7134,1.4039
0.50549,1.9114,2.7109,1.4115
0.51313,1.9089,2.7109,1.4141
0.51058,1.9165,2.7109,1.409
0.50549,1.9089,2.7185,1.409
0.51823,1.9038,2.7058,1.4166
0.51058,1.9165,2.7083,1.4064
0.50549,1.9114,2.7185,1.4115
0.51058,1.9089,2.7109,1.4115
0.51313,1.9165,2.7109,1.4039
0.50549,1.9089,2.716,1.4166
0.51823,1.9038,2.7032,1.4115
0.51058,1.9165,2.7109,1.4064
0.50549,1.9089,2.716,1.4166
0.51823,1.9038,2.7058,1.4115
0.51058,1.9165,2.7134,1.4064
0.50549,1.9089,2.7185,1.4192
0.51823,1.9038,2.7058,1.4115
0.51313,1.9165,2.7109,1.4115
0.51058,1.9114,2.7109,1.4115
0.51823,1.9089,2.7058,1.4141
0.51058,1.9165,2.7109,1.4064
0.50549,1.9038,2.7185,1.4192
0.51823,1.9089,2.7032,1.4115
0.51058,1.9165,2.7109,1.4115
0.51058,1.9114,2.7109,1.4115
0.51058,1.9089,2.7083,1.4115
0.51058,1.914,2.7109,1.4064
0.50549,1.9114,2.7185,1.4166
0.51058,1.9038,2.7109,1.4115
0.51313,1.9089,2.7134,1.4115
0.51058,1.9089,2.7109,1.4115
0.51313,1.9114,2.7134,1.4141
0.51058,1.9089,2.7134,1.4141
0.51058,1.9191,2.716,1.4064
0.50294,1.9114,2.7185,1.4192
0.50804,1.9063,2.7134,1.4192
0.51568,1.9165,2.7058,1.409
0.50549,1.9114,2.716,1.4115
0.51313,1.9038,2.7109,1.4192
0.51823,1.9165,2.7058,1.4115
0.50294,1.9165,2.7185,1.4064
0.51313,1.9089,2.7109,1.4166
0.51568,1.9114,2.7058,1.4141
0.51058,1.9165,2.7109,1.4039
0.50804,1.914,2.7185,1.4166
0.51823,1.9038,2.7058,1.4141
0.51058,1.9165,2.7109,1.4064
0.50804,1.9114,2.7185,1.4115
0.51058,1.9063,2.7109,1.4166
0.51823,1.9165,2.7032,1.4039
0.51058,1.9114,2.7109,1.4115
0.51058,1.9038,2.7109,1.4166
0.51823,1.9165,2.7058,1.4064
0.50549,1.9089,2.7185,1.4115
0.51058,1.9038,2.7134,1.4115
0.51313,1.9114,2.7134,1.4115
0.51313,1.9089,2.7109,1.4115
0.51058,1.9063,2.7109,1.4192
0.51823,1.9089,2.7032,1.4115
0.51058,1.9089,2.7109,1.4115
0.51568,1.9063,2.7083,1.4166
0.51823,1.9165,2.7032,1.4039
0.50549,1.9089,2.7185,1.4115
0.51058,1.9089,2.7109,1.4115
0.51058,1.9165,2.7134,1.4064
0.50294,1.9114,2.7109,1.4166
0.51568,1.9114,2.7083,1.4115
0.50294,1.9165,2.716,1.4064
0.51058,1.9038,2.7083,1.4166
0.52078,1.9114,2.7109,1.4115
0.51313,1.9089,2.7109,1.4115
0.51058,1.9038,2.7083,1.4166
0.51823,1.9165,2.7032,1.4064
0.50804,1.9089,2.716,1.4115
0.51058,1.9089,2.7109,1.4141
0.51313,1.9063,2.7109,1.4039
0.50294,1.9114,2.7185,1.4115
0.51823,1.9038,2.7032,1.4192
0.51058,1.9089,2.7109,1.4039
0.51058,1.9089,2.716,1.4166
0.51823,1.9089,2.7058,1.4115
0.51058,1.9114,2.7083,1.4115
0.51313,1.9038,2.7058,1.4166
0.51823,1.9165,2.7032,1.4064
0.50804,1.9038,2.7185,1.4115
0.51568,1.9089,2.7032,1.4064
0.51058,1.9114,2.7083,1.4115
0.51058,1.9038,2.7083,1.4166
0.52078,1.9114,2.7058,1.4115
0.51058,1.914,2.716,1.4064
0.51058,1.9038,2.7134,1.4166
0.51313,1.9114,2.7058,1.4141
0.51058,1.9089,2.7109,1.4115
0.50549,1.9114,2.7083,1.4115
0.51568,1.9089,2.7058,1.4064
0.51313,1.9165,2.7185,1.4039
0.51058,1.9038,2.7109,1.4192
0.52078,1.914,2.7058,1.4115
0.50549,1.9165,2.7109,1.4039
0.51313,1.9038,2.7083,1.4166
0.51823,1.9089,2.7032,1.4115
0.51058,1.9089,2.7083,1.409
0.51313,1.9038,2.7109,1.4166
0.51823,1.9063,2.7058,1.4115
0.51058,1.9165,2.7109,1.4115
0.51058,1.9089,2.7109,1.4141
0.51058,1.9089,2.7109,1.4115
0.51058,1.9114,2.7083,1.4039
0.50549,1.9089,2.7185,1.4141
0.51058,1.9038,2.7109,1.4166
0.51823,1.9114,2.7058,1.4115
0.51313,1.9165,2.716,1.4064
0.50804,1.9038,2.716,1.4192
0.52078,1.9038,2.7032,1.409
0.51313,1.9165,2.7109,1.4115
0.50549,1.9114,2.7109,1.4115
0.51313,1.9089,2.7058,1.4115
0.51313,1.9165,2.7134,1.4039
0.50549,1.9114,2.716,1.4166
0.51823,1.9038,2.7032,1.4141
0.51313,1.9165,2.7083,1.4064
0.50549,1.9038,2.716,1.4166
0.51823,1.9089,2.7032,1.4115
0.51313,1.9089,2.7083,1.4115
0.50549,1.9038,2.716,1.4166
0.52078,1.9089,2.7032,1.4115
0.51058,1.9165,2.7083,1.4115
0.50549,1.9114,2.7083,1.4115
0.51058,1.9089,2.7032,1.4141
0.51058,1.9165,2.7109,1.4039
0.50549,1.9038,2.716,1.4166
0.51823,1.9114,2.7058,1.4141
0.51058,1.9165,2.7109,1.4141
0.51058,1.9114,2.7083,1.4166
0.51823,1.9089,2.7032,1.4064
0.51313,1.9165,2.7134,1.4039
0.50294,1.9038,2.716,1.4166
0.51823,1.9089,2.7032,1.4115
0.51313,1.9165,2.7109,1.4115
0.51058,1.9089,2.7109,1.4115
0.51058,1.9089,2.7109,1.4115
0.51058,1.9063,2.7083,1.4039
0.50549,1.9114,2.7185,1.4115
0.51823,1.9038,2.7032,1.4192
0.51823,1.9165,2.7032,1.4039
0.50549,1.9165,2.7185,1.4115
0.51058,1.9038,2.7083,1.4192
0.51058,1.9114,2.7083,1.4039
0.51058,1.9114,2.7083,1.4115
0.51313,1.9038,2.7109,1.4166
0.51823,1.9063,2.7032,1.4115
0.51313,1.9165,2.7083,1.4064
0.50549,1.9038,2.716,1.4192
0.51823,1.9038,2.7032,1.4166
0.51823,1.9165,2.7058,1.4039
0.50549,1.9165,2.716,1.409
0.50549,1.9038,2.716,1.4166
0.51823,1.9089,2.7109,1.4115
0.51058,1.9165,2.7083,1.4039
0.50549,1.9089,2.716,1.4141
0.51058,1.9089,2.7109,1.4166
0.51823,1.9114,2.7032,1.4115
0.51313,1.9165,2.7109,1.4039
0.50549,1.9038,2.7185,1.4166
0.51823,1.9114,2.7032,1.4115
0.51313,1.9089,2.7109,1.409
0.51313,1.9012,2.7083,1.4166
0.51313,1.9089,2.7032,1.4115
0.51313,1.9165,2.7109,1.4115
0.51058,1.9114,2.7083,1.4115
0.51058,1.9089,2.7083,1.4115
0.51313,1.9114,2.7083,1.4039
0.50549,1.9089,2.7185,1.4115
0.51313,1.9089,2.7109,1.409
0.51058,1.9063,2.7083,1.4064
0.50294,1.9089,2.716,1.4115
0.51058,1.9089,2.7109,1.409
0.51058,1.9114,2.7083,1.4039
0.50804,1.9089,2.7109,1.4115
0.51058,1.9038,2.7109,1.4115
0.51313,1.9114,2.7083,1.4039
0.50549,1.9089,2.716,1.409
0.51313,1.9038,2.7007,1.4166
0.51823,1.9165,2.7032,1.4039
0.50549,1.9089,2.7185,1.409
0.51313,1.9012,2.7109,1.4115
0.51058,1.9114,2.7083,1.4039
0.50549,1.9089,2.716,1.4166
0.51823,1.9038,2.7058,1.4115
0.51313,1.914,2.7109,1.4064
0.50549,1.9038,2.7185,1.4115
0.51823,1.9089,2.7032,1.4141
0.51058,1.9165,2.7109,1.4039
0.50549,1.9089,2.7083,1.409
0.51058,1.9089,2.7109,1.409
0.51058,1.9089,2.7083,1.4064
0.50549,1.9114,2.7185,1.409
0.51058,1.9038,2.7083,1.4192
0.51568,1.9089,2.7058,1.4115
0.51058,1.9165,2.716,1.4039
0.50549,1.9063,2.7185,1.4166
0.51823,1.9038,2.7032,1.4115
0.51058,1.9165,2.7083,1.4039
0.50549,1.9089,2.7185,1.4166
0.51823,1.9038,2.7058,1.4115
0.51823,1.9165,2.7032,1.4039
0.50549,1.9089,2.716,1.4141
0.51058,1.9038,2.7083,1.4166
0.51058,1.9114,2.7032,1.4115
0.51313,1.914,2.7109,1.4115
0.51058,1.9012,2.7109,1.4166
0.51823,1.9089,2.7058,1.4039
0.50294,1.9165,2.716,1.4115
0.50549,1.9038,2.716,1.4115
0.51058,1.9114,2.7032,1.4115
0.51313,1.9191,2.7083,1.4115
0.51313,1.9089,2.7109,1.4141
0.51823,1.9089,2.7058,1.4115
0.51058,1.9165,2.7109,1.4064
0.50804,1.9038,2.7185,1.4166
0.51823,1.9114,2.7007,1.4115
0.51313,1.9165,2.7083,1.4039
0.50549,1.9089,2.716,1.409
0.51058,1.9038,2.7083,1.4115
0.51313,1.9089,2.7109,1.4039
0.50804,1.9063,2.7185,1.409
