1.4257,1.1033,2.0685,1.2381
1.4257,1.1008,2.0634,1.2432
1.4334,1.1033,2.0583,1.2305
1.4257,1.1084,2.0609,1.2305
1.4181,1.1059,2.0711,1.2407
1.4257,1.0982,2.0583,1.2432
1.4334,1.111,2.0583,1.2305
1.4283,1.111,2.0634,1.2305
1.4181,1.0982,2.0685,1.2458
1.4257,1.0982,2.0583,1.2458
1.4334,1.111,2.0583,1.233
1.4181,1.111,2.0685,1.2381
1.4283,1.1008,2.0634,1.2432
1.4359,1.1033,2.0558,1.2381
1.4283,1.111,2.0634,1.2381
1.4206,1.1033,2.0685,1.2381
1.4283,1.1008,2.0634,1.2381
1.4283,1.1059,2.0558,1.2381
1.4283,1.111,2.0634,1.2356
1.4206,1.1033,2.0685,1.2381
1.4283,1.1033,2.0634,1.2432
1.4283,1.1084,2.0583,1.2381
1.4283,1.1084,2.0634,1.2407
1.4257,1.1033,2.0634,1.2381
1.4257,1.1059,2.0634,1.2381
1.4283,1.111,2.0634,1.2305
1.4232,1.0906,2.0711,1.2432
1.4334,1.1033,2.0558,1.2356
1.4206,1.111,2.0685,1.2305
1.4283,1.0982,2.0634,1.2432
1.4308,1.1059,2.0558,1.2305
1.4181,1.111,2.0685,1.2381
1.4283,1.0982,2.0609,1.2432
1.4359,1.111,2.0583,1.2305
1.4206,1.111,2.066,1.2381
1.4283,1.1008,2.0634,1.2432
1.4283,1.1059,2.0634,1.2356
1.4206,1.1033,2.0685,1.2381
1.4283,1.1008,2.0634,1.2432
1.4334,1.111,2.0558,1.2305
1.4206,1.1033,2.0711,1.2356
1.4283,1.0982,2.0558,1.2432
1.4359,1.111,2.0558,1.2305
1.4206,1.111,2.0634,1.2356
1.4283,1.0982,2.0609,1.2458
1.4359,1.111,2.0558,1.2305
1.4206,1.111,2.0711,1.2305
1.4232,1.0982,2.0711,1.2432
1.4334,1.1008,2.0634,1.2356
1.4283,1.1135,2.0634,1.2305
1.4181,1.1059,2.0634,1.2381
1.4283,1.1033,2.0609,1.2432
1.4283,1.1059,2.0634,1.2356
1.4283,1.1059,2.066,1.2356
1.4283,1.0982,2.0634,1.2407
1.4334,1.111,2.0583,1.2305
1.4206,1.111,2.0685,1.2381
1.4283,1.0957,2.0634,1.2432
1.4334,1.1008,2.0558,1.2356
1.4283,1.111,2.0634,1.2356
1.4206,1.1033,2.0685,1.2381
1.4283,1.1033,2.0634,1.233
1.4283,1.1084,2.0634,1.2305
1.4283,1.1059,2.0634,1.2356
1.4283,1.0982,2.066,1.2432
1.4359,1.1033,2.0583,1.233
1.4283,1.111,2.0634,1.2305
1.4257,1.0982,2.0685,1.2432
1.4334,1.1033,2.0609,1.2356
1.4308,1.1033,2.0634,1.2356
1.4283,1.0982,2.066,1.2407
1.4359,1.1033,2.0583,1.2305
1.4206,1.111,2.0711,1.2356
1.4283,1.0957,2.066,1.2432
1.4359,1.111,2.0583,1.2305
1.4232,1.111,2.066,1.2305
1.4206,1.0982,2.0736,1.2381
1.4334,1.1033,2.0609,1.2356
1.4283,1.111,2.0634,1.233
1.4283,1.1033,2.066,1.2407
1.4359,1.1033,2.0609,1.2356
1.4283,1.1059,2.0634,1.233
1.4283,1.1059,2.066,1.2407
1.4359,1.1033,2.0609,1.2305
1.4308,1.111,2.066,1.2305
1.4283,1.1059,2.066,1.233
1.4257,1.1033,2.0711,1.233
1.4308,1.111,2.066,1.2279
1.4232,1.1059,2.0634,1.233
1.4283,1.1059,2.0583,1.233
1.4283,1.111,2.066,1.2279
1.4232,1.0982,2.0736,1.2407
1.4359,1.0982,2.0609,1.233
1.4283,1.111,2.066,1.2356
1.4232,1.1059,2.0736,1.2356
1.4283,1.1033,2.0634,1.2356
1.4283,1.1033,2.0634,1.2305
1.4232,1.1033,2.0736,1.2407
1.4283,1.0982,2.066,1.2407
1.4359,1.111,2.0583,1.2279
1.4232,1.111,2.0711,1.2356
1.4283,1.0957,2.066,1.2407
1.4359,1.1008,2.0609,1.2356
1.4232,1.111,2.0634,1.2356
1.4206,1.1033,2.0736,1.2356
1.4283,1.1033,2.066,1.2356
1.4283,1.1059,2.0583,1.2356
1.4308,1.1059,2.066,1.233
1.4283,1.0957,2.066,1.2407
1.4334,1.1033,2.0609,1.2356
1.4257,1.111,2.066,1.2305
1.4232,1.1033,2.0736,1.2356
1.4283,1.0982,2.0609,1.2407
1.4359,1.1059,2.0609,1.2305
1.4206,1.111,2.0711,1.2305
1.4232,1.0982,2.0736,1.2407
1.4359,1.0982,2.0609,1.2356
1.4334,1.111,2.0583,1.2279
1.4232,1.111,2.0711,1.233
1.4257,1.1008,2.0762,1.2407
1.4359,1.0982,2.0609,1.233
1.4359,1.111,2.0583,1.2305
1.4206,1.1033,2.0711,1.2356
1.4283,1.0957,2.066,1.2407
1.4334,1.1059,2.0609,1.2381
1.4283,1.111,2.066,1.2305
1.4232,1.1059,2.0711,1.2356
1.4283,1.0982,2.066,1.2407
1.4359,1.1008,2.0609,1.233
1.4283,1.111,2.0634,1.233
1.4232,1.1059,2.0736,1.2356
1.4283,1.0982,2.066,1.2407
1.4359,1.1084,2.0609,1.2305
1.4283,1.111,2.0711,1.2305
1.4232,1.1059,2.0711,1.2432
1.4359,1.1008,2.0609,1.2356
1.4359,1.111,2.066,1.2305
1.4232,1.1059,2.0711,1.233
1.4308,1.0982,2.066,1.2356
1.4359,1.1059,2.066,1.233
1.4283,1.111,2.066,1.233
1.4257,1.1059,2.066,1.2407
1.4359,1.1008,2.0583,1.2381
1.4308,1.111,2.0634,1.2305
1.4206,1.1033,2.0736,1.233
1.4283,1.0982,2.066,1.2407
1.4359,1.1059,2.0609,1.2279
1.4308,1.1008,2.066,1.2356
1.4283,1.0982,2.066,1.2407
1.4359,1.1033,2.0609,1.2305
1.4232,1.111,2.0711,1.2381
1.4283,1.0982,2.066,1.2432
1.4359,1.1059,2.0609,1.2356
1.4283,1.1059,2.066,1.233
1.4308,1.1033,2.0634,1.2407
1.4359,1.1059,2.0583,1.233
1.4257,1.111,2.066,1.2305
1.4206,1.0982,2.0762,1.2407
1.4359,1.0982,2.0609,1.2356
1.4283,1.111,2.066,1.2305
1.4283,1.1033,2.0736,1.2381
1.4283,1.1033,2.0634,1.233
1.4283,1.111,2.066,1.2279
1.4206,1.1033,2.0736,1.2356
1.4283,1.0982,2.066,1.2432
1.4334,1.1059,2.0558,1.2356
1.4283,1.111,2.0634,1.2356
1.4283,1.1059,2.066,1.2356
1.4283,1.1059,2.066,1.233
1.4283,1.1008,2.0634,1.2305
1.4308,1.1059,2.0711,1.2356
1.4283,1.0982,2.0634,1.2407
1.4334,1.1033,2.0583,1.2356
1.4308,1.1084,2.066,1.2305
1.4232,1.1033,2.0711,1.2407
1.4359,1.0957,2.0634,1.2407
1.4359,1.111,2.0609,1.2305
1.4206,1.111,2.0711,1.2381
1.4308,1.1008,2.066,1.2407
1.4359,1.1059,2.0558,1.2381
1.4283,1.111,2.0711,1.2305
1.4283,1.0982,2.0634,1.2407
1.4334,1.1059,2.0609,1.2381
1.4206,1.111,2.0711,1.2305
1.4232,1.0982,2.0711,1.2407
1.4334,1.0982,2.0558,1.233
1.4308,1.111,2.0634,1.2305
1.4232,1.1033,2.0685,1.2356
1.4283,1.0982,2.066,1.2381
1.4359,1.1059,2.0583,1.2356
1.4283,1.111,2.0609,1.2356
1.4206,1.1033,2.0634,1.2381
1.4283,1.1033,2.066,1.2356
1.4283,1.1059,2.0634,1.2305
1.4308,1.1033,2.066,1.2356
1.4232,1.0982,2.0711,1.2407
1.4385,1.1008,2.0583,1.2356
1.4283,1.111,2.0634,1.2356
1.4206,1.1033,2.0634,1.2356
1.4283,1.0982,2.066,1.2381
1.4308,1.1033,2.0634,1.2356
1.4283,1.1033,2.0634,1.2356
1.4283,1.1059,2.0634,1.2432
1.4359,1.1033,2.0583,1.2305
1.4308,1.111,2.0634,1.2305
1.4206,1.1033,2.0685,1.2381
1.4334,1.0982,2.0609,1.2432
1.4334,1.1059,2.0558,1.233
1.4206,1.111,2.0711,1.233
1.4232,1.0957,2.0736,1.2407
1.4308,1.1059,2.0634,1.2356
1.4283,1.111,2.0634,1.2381
1.4206,1.1033,2.0685,1.2381
1.4283,1.1059,2.0634,1.2356
1.4359,1.111,2.0558,1.2305
1.4206,1.1059,2.0685,1.2356
1.4283,1.0982,2.0634,1.2381
1.4359,1.1008,2.0558,1.2381
1.4283,1.1084,2.0634,1.233
1.4232,1.1008,2.0685,1.2381
1.4283,1.0982,2.0634,1.2381
1.4359,1.1059,2.0558,1.2381
1.4232,1.111,2.0685,1.2305
1.4206,1.1033,2.0685,1.2458
1.4334,1.0982,2.0634,1.2381
1.4283,1.111,2.0634,1.2305
1.4206,1.1033,2.0711,1.2381
1.4257,1.0982,2.0634,1.2458
1.4359,1.1033,2.0634,1.2305
1.4232,1.1033,2.0685,1.2381
1.4232,1.1008,2.0634,1.2356
1.4283,1.1059,2.0634,1.2381
1.4257,1.1033,2.0634,1.2381
1.4283,1.1033,2.0711,1.2458
1.4334,1.1059,2.0583,1.2381
1.4283,1.1033,2.0634,1.2407
1.4181,1.0982,2.0685,1.2458
1.4334,1.1008,2.0583,1.2381
1.4283,1.1084,2.0634,1.2305
1.4206,1.1033,2.0634,1.2381
1.4283,1.1059,2.0634,1.2381
1.4257,1.111,2.0634,1.233
1.4206,1.1033,2.0634,1.2407
1.4283,1.1033,2.0634,1.2432
1.4257,1.1084,2.0634,1.2305
1.4206,1.1033,2.0685,1.2407
1.4308,1.0957,2.0558,1.2432
1.4308,1.1084,2.0558,1.233
1.4206,1.1033,2.0711,1.2381
1.4283,1.1033,2.066,1.2432
1.4283,1.1059,2.0558,1.2407
1.4257,1.1033,2.0634,1.2381
1.4283,1.1033,2.0609,1.2483
1.4359,1.1033,2.0609,1.2381
1.4257,1.1084,2.0634,1.233
1.4181,1.0982,2.0711,1.2432
1.4334,1.1059,2.0558,1.2381
1.4283,1.111,2.0609,1.233
1.4206,1.0982,2.0685,1.2458
1.4334,1.1033,2.0583,1.2356
1.4283,1.1008,2.0634,1.2407
1.4257,1.1008,2.0634,1.2458
1.4308,1.1059,2.0583,1.233
1.4206,1.1084,2.0685,1.2305
1.4206,1.0982,2.0685,1.2458
1.4308,1.1033,2.0583,1.2381
1.4283,1.111,2.066,1.233
1.4232,1.1033,2.0685,1.2381
1.4283,1.0957,2.0609,1.2458
1.4283,1.1008,2.0558,1.2381
1.4257,1.1033,2.0634,1.2407
1.4283,1.1033,2.0634,1.2458
1.4283,1.1008,2.0634,1.2381
1.4257,1.1033,2.0634,1.233
1.4206,1.1059,2.0685,1.2381
1.4257,1.0982,2.0634,1.2432
1.4308,1.1033,2.0558,1.2305
1.4206,1.1084,2.0685,1.2356
1.4206,1.1008,2.0711,1.2432
1.4283,1.1059,2.0634,1.2381
1.4283,1.1033,2.0634,1.2305
1.4206,1.1033,2.0685,1.2381
1.4257,1.0982,2.0634,1.2432
1.4334,1.1008,2.0558,1.2407
1.4283,1.111,2.0609,1.2381
1.4206,1.1033,2.0685,1.2432
1.4308,1.0982,2.0558,1.2432
1.4334,1.111,2.0532,1.233
1.4206,1.111,2.066,1.2381
1.4181,1.0957,2.066,1.2458
1.4334,1.1033,2.0558,1.2381
1.4257,1.111,2.0634,1.2381
1.4206,1.1059,2.0685,1.2381
1.4283,1.0957,2.0634,1.2381
1.4257,1.1033,2.0609,1.2407
1.4257,1.1033,2.0609,1.2381
1.4206,1.0982,2.0685,1.2432
1.4308,1.1033,2.0532,1.2381
1.4257,1.111,2.0634,1.2305
1.4181,1.1033,2.066,1.2356
1.4283,1.1059,2.0634,1.2432
1.4334,1.111,2.0558,1.2305
1.4206,1.111,2.0685,1.2356
1.4283,1.0982,2.0634,1.2458
1.4334,1.1033,2.0583,1.2381
1.4257,1.1033,2.0634,1.2381
1.4283,1.1008,2.0634,1.2458
1.4283,1.1033,2.0634,1.2381
1.4257,1.1033,2.0609,1.2305
1.4206,1.1033,2.0685,1.2381
1.4257,1.0982,2.0634,1.2458
1.4334,1.111,2.0583,1.2305
1.4206,1.1033,2.0685,1.2381
1.4257,1.1008,2.066,1.2381
1.4359,1.1008,2.0634,1.2356
1.4283,1.1059,2.0634,1.2356
1.4283,1.0982,2.0634,1.2432
1.4334,1.1033,2.0583,1.233
1.4283,1.1033,2.0634,1.2305
1.4232,1.1033,2.0711,1.2356
1.4283,1.0982,2.066,1.2458
1.4334,1.1033,2.0583,1.2305
1.4232,1.1084,2.0711,1.2356
1.4232,1.0982,2.0711,1.2458
1.4283,1.0982,2.0583,1.2381
1.4283,1.111,2.0634,1.233
1.4232,1.1033,2.0711,1.2381
1.4283,1.0982,2.0634,1.2381
1.4334,1.1008,2.066,1.2381
1.4283,1.1084,2.066,1.2305
1.4232,1.0982,2.0711,1.2407
1.4359,1.0957,2.0558,1.2356
1.4257,1.111,2.0634,1.2305
1.4232,1.1033,2.0711,1.2356
1.4283,1.0982,2.066,1.2432
1.4359,1.111,2.0583,1.2305
1.4232,1.1084,2.0685,1.2381
1.4283,1.0957,2.0634,1.2432
1.4283,1.1008,2.0583,1.2356
1.4283,1.1084,2.0609,1.2381
1.4283,1.1008,2.0634,1.2458
1.4334,1.1059,2.0558,1.2381
1.4283,1.111,2.0634,1.2305
1.4232,1.1033,2.0685,1.2432
1.4359,1.0931,2.0558,1.233
1.4257,1.111,2.066,1.2305
1.4206,1.1059,2.0711,1.2356
1.4257,1.1008,2.0634,1.2381
1.4283,1.1033,2.0634,1.2381
1.4283,1.1033,2.0634,1.2381
1.4283,1.0982,2.0634,1.2407
1.4359,1.1033,2.0558,1.2381
1.4206,1.111,2.0711,1.2381
1.4283,1.0982,2.0634,1.2356
1.4308,1.1008,2.0583,1.2381
1.4283,1.1084,2.0634,1.2356
1.4283,1.1008,2.0634,1.2407
1.4334,1.1033,2.0583,1.2356
1.4283,1.1084,2.0634,1.2305
1.4283,1.1033,2.0634,1.2356
1.4308,1.1033,2.0609,1.2356
1.4283,1.1033,2.0634,1.2305
1.4206,1.1033,2.0685,1.2356
1.4257,1.0982,2.0634,1.2356
1.4359,1.1033,2.0583,1.2356
1.4232,1.111,2.0685,1.2305
1.4232,1.0982,2.0685,1.2432
1.4359,1.1033,2.0583,1.2356
1.4283,1.111,2.0685,1.2305
1.4206,1.0982,2.0685,1.2432
1.4359,1.0957,2.0583,1.2381
1.4334,1.1084,2.0634,1.2305
1.4206,1.1033,2.0711,1.2381
1.4283,1.1033,2.066,1.2356
1.4283,1.1033,2.0634,1.2381
1.4283,1.1033,2.0634,1.2356
1.4283,1.1033,2.066,1.2432
1.4359,1.1008,2.0583,1.2356
1.4283,1.111,2.0634,1.2305
1.4232,1.0982,2.0685,1.2407
1.4359,1.0982,2.0583,1.2432
1.4283,1.1033,2.0634,1.2305
1.4283,1.1033,2.0685,1.2356
1.4334,1.0957,2.0583,1.2356
1.4283,1.111,2.0634,1.2356
1.4283,1.1008,2.0685,1.2432
1.4359,1.1033,2.0583,1.2279
1.4283,1.1084,2.0634,1.2305
1.4206,1.0982,2.0685,1.2407
1.4334,1.1008,2.0558,1.2381
1.4257,1.1008,2.0634,1.2381
1.4283,1.0982,2.0634,1.2432
1.4359,1.1084,2.0558,1.2305
1.4206,1.111,2.0711,1.2305
1.4283,1.0982,2.0609,1.2458
1.4334,1.1033,2.0558,1.2381
1.4283,1.1033,2.0634,1.2381
1.4283,1.1033,2.0609,1.2432
1.4334,1.1059,2.0558,1.2381
1.4283,1.111,2.0634,1.233
1.4206,1.1033,2.0685,1.2381
1.4334,1.0982,2.0583,1.2458
1.4359,1.1033,2.0558,1.233
1.4206,1.111,2.0711,1.2381
1.4206,1.0957,2.0685,1.2458
1.4334,1.1033,2.0558,1.2356
1.4283,1.1008,2.0634,1.2356
1.4283,1.0982,2.0609,1.2458
1.4334,1.111,2.0583,1.2305
1.4206,1.1084,2.0685,1.2381
1.4257,1.0982,2.0634,1.2458
1.4334,1.1059,2.0583,1.2381
1.4283,1.111,2.0634,1.2305
1.4181,1.1033,2.0711,1.2356
1.4283,1.1059,2.0634,1.2381
1.4257,1.1033,2.0558,1.2381
1.4283,1.1008,2.0634,1.2381
1.4283,1.0982,2.0634,1.2432
1.4334,1.1033,2.0583,1.2381
1.4283,1.111,2.0609,1.2356
1.4257,1.1059,2.0634,1.2356
1.4283,1.1059,2.0634,1.2356
1.4283,1.1033,2.0609,1.2305
1.4232,1.1033,2.0685,1.2381
1.4283,1.0982,2.0634,1.2407
1.4334,1.1033,2.0583,1.2381
1.4283,1.1033,2.0634,1.2356
1.4257,1.0957,2.0634,1.2458
1.4283,1.1059,2.0634,1.2305
1.4206,1.1059,2.0711,1.2381
1.4283,1.0982,2.0634,1.2458
1.4308,1.1059,2.0558,1.2381
1.4283,1.111,2.0634,1.233
1.4206,1.0957,2.0685,1.2458
1.4334,1.1033,2.0558,1.2381
1.4257,1.111,2.0634,1.2305
1.4206,1.1033,2.0634,1.2356
1.4257,1.1033,2.0634,1.2381
1.4283,1.1084,2.0558,1.233
1.4181,1.1033,2.0685,1.2381
1.4283,1.0982,2.0634,1.2356
1.4334,1.1008,2.0558,1.2356
1.4283,1.1059,2.0634,1.2305
1.4206,1.1033,2.0685,1.2432
1.4257,1.0982,2.066,1.2432
1.4334,1.1084,2.0558,1.233
1.4232,1.111,2.0711,1.2305
1.4206,1.0982,2.0711,1.2458
1.4359,1.0982,2.0558,1.2432
1.4334,1.111,2.0583,1.2305
1.4206,1.111,2.0634,1.2356
1.4283,1.0982,2.0634,1.2432
1.4359,1.111,2.0583,1.2279
1.4206,1.1084,2.0736,1.2279
1.4206,1.0982,2.0685,1.2407
1.4334,1.1033,2.0558,1.2381
1.4283,1.111,2.0634,1.2356
1.4257,1.1059,2.0685,1.2356
1.4283,1.1033,2.0634,1.2432
1.4334,1.111,2.0583,1.233
1.4232,1.1033,2.0685,1.2356
1.4283,1.1033,2.066,1.2356
1.4257,1.1059,2.0634,1.2305
1.4181,1.1059,2.0711,1.2407
1.4283,1.0982,2.0583,1.2407
1.4334,1.111,2.0558,1.2305
1.4206,1.1033,2.0711,1.2356
1.4257,1.0982,2.0634,1.2356
1.4283,1.1008,2.0634,1.2305
1.4232,1.1033,2.0685,1.2432
1.4334,1.0957,2.0558,1.2381
1.4283,1.111,2.0634,1.2356
1.4206,1.1033,2.0634,1.2356
1.4283,1.0957,2.0558,1.2356
1.4283,1.111,2.0634,1.2305
1.4206,1.1033,2.0685,1.2356
1.4283,1.1008,2.0583,1.2407
1.4359,1.1059,2.0558,1.2356
1.4206,1.1059,2.0736,1.2356
1.4283,1.0982,2.066,1.2432
1.4359,1.1059,2.0634,1.2381
1.4283,1.1033,2.0634,1.2381
1.4283,1.0982,2.0634,1.2407
1.4334,1.111,2.0558,1.2305
1.4206,1.111,2.0711,1.2356
1.4206,1.0957,2.0711,1.2432
1.4334,1.0982,2.0558,1.2356
1.4359,1.111,2.0558,1.2305
1.4206,1.1033,2.0711,1.2356
1.4283,1.0982,2.0634,1.2432
1.4334,1.1033,2.0583,1.2305
1.4283,1.1084,2.066,1.2305
1.4232,1.1033,2.0711,1.2407
1.4334,1.1008,2.0583,1.2381
1.4334,1.111,2.0558,1.2305
1.4232,1.1033,2.0685,1.2356
1.4283,1.0982,2.0609,1.2356
1.4359,1.1059,2.0634,1.2356
1.4283,1.1033,2.0634,1.2356
1.4257,1.1059,2.0634,1.2356
