4.8415,1.6744,4.2479,2.304
4.839,1.6616,4.2453,2.3117
4.8466,1.6744,4.2428,2.2989
4.8339,1.6693,4.2479,2.3066
4.8415,1.6667,4.2479,2.3066
4.8441,1.6718,4.2504,2.3015
4.8339,1.6616,4.2555,2.3117
4.8492,1.6718,4.2428,2.2989
4.8364,1.6667,4.2555,2.3066
4.8441,1.6667,4.2479,2.304
4.8415,1.6744,4.2479,2.2989
4.8364,1.6616,4.2555,2.3117
4.8466,1.6667,4.2428,2.3066
4.8339,1.6718,4.2555,2.2989
4.8415,1.6616,4.2479,2.3117
4.8492,1.6667,4.2479,2.304
4.8415,1.6744,4.253,2.304
4.8415,1.6616,4.2479,2.3091
4.8466,1.6667,4.2479,2.3066
4.8415,1.6667,4.2479,2.3066
4.8492,1.6616,4.2504,2.3117
4.8492,1.6718,4.2479,2.2989
4.8364,1.6667,4.2555,2.3066
4.8466,1.6616,4.2428,2.304
4.8415,1.6718,4.2504,2.2989
4.839,1.6667,4.2581,2.3066
4.8492,1.6667,4.2453,2.3066
4.8415,1.6718,4.253,2.3066
4.8441,1.6642,4.253,2.3142
4.8492,1.6642,4.2504,2.2989
4.8415,1.6616,4.2555,2.3091
4.8441,1.6565,4.2555,2.3117
4.8492,1.6616,4.253,2.2989
4.8364,1.6667,4.2581,2.3091
4.8415,1.654,4.2606,2.3117
4.8492,1.6591,4.2606,2.3066
4.8364,1.6591,4.2683,2.3066
4.8441,1.654,4.2606,2.3117
4.8492,1.6667,4.2555,2.3015
4.839,1.6591,4.2708,2.3066
4.8415,1.654,4.2555,2.3117
4.8415,1.6642,4.2657,2.2989
4.8415,1.6591,4.2632,2.3117
4.8492,1.6591,4.2581,2.3066
4.8441,1.6591,4.2632,2.3066
4.8517,1.654,4.2581,2.3117
4.8441,1.6591,4.2657,2.3066
4.8441,1.654,4.2632,2.3117
4.8517,1.6667,4.2606,2.2989
4.8441,1.6616,4.2657,2.3066
4.8492,1.6591,4.2581,2.3066
4.8441,1.6616,4.2657,2.304
4.8441,1.6514,4.2683,2.3117
4.8492,1.6642,4.2606,2.2989
4.839,1.6565,4.2734,2.3066
4.8441,1.6514,4.2683,2.3117
4.8492,1.6565,4.2632,2.3066
4.839,1.6642,4.2759,2.3066
4.8441,1.6514,4.2683,2.3066
4.8492,1.6591,4.2657,2.3066
4.8441,1.6591,4.2683,2.3066
4.8415,1.6514,4.2683,2.3117
4.8492,1.6642,4.2632,2.2989
4.8364,1.6565,4.2759,2.3066
4.8441,1.6514,4.2683,2.3066
4.8517,1.6642,4.2632,2.2989
4.839,1.6565,4.2759,2.3117
4.8492,1.6514,4.2657,2.3117
4.8517,1.6642,4.2606,2.3015
4.8364,1.6642,4.2734,2.3066
4.8441,1.6514,4.2683,2.3117
4.8441,1.6565,4.2606,2.2989
4.8364,1.6591,4.2734,2.3066
4.8441,1.6591,4.2657,2.3066
4.8441,1.6642,4.2657,2.2989
4.8441,1.6514,4.2683,2.3117
4.8441,1.6591,4.2657,2.3066
4.8364,1.6591,4.2734,2.304
4.8441,1.654,4.2606,2.3142
4.8441,1.6642,4.2657,2.3015
4.8441,1.6591,4.2683,2.3066
4.8492,1.6565,4.2606,2.3066
4.8441,1.6591,4.2683,2.3066
4.8441,1.654,4.2683,2.3142
4.8517,1.6591,4.2632,2.3015
4.839,1.6642,4.2734,2.304
4.8441,1.6514,4.2683,2.304
4.8441,1.6591,4.2657,2.2989
4.839,1.6591,4.2734,2.304
4.8492,1.6514,4.2632,2.304
4.8441,1.6642,4.2657,2.2989
4.8441,1.6591,4.2657,2.3117
4.8492,1.6642,4.2606,2.2989
4.839,1.6667,4.2759,2.3066
4.8441,1.6565,4.2657,2.3066
4.8441,1.6667,4.2632,2.3066
4.8441,1.654,4.2632,2.3117
4.8492,1.6642,4.2581,2.2989
4.839,1.6591,4.2683,2.3066
4.8415,1.654,4.2606,2.304
4.8415,1.6667,4.2606,2.2989
4.8364,1.6616,4.2683,2.3117
4.8415,1.6616,4.2555,2.3066
4.8441,1.6693,4.2606,2.2989
4.8364,1.6565,4.2632,2.304
4.8415,1.6616,4.2581,2.3066
4.8415,1.6693,4.2581,2.3015
4.8339,1.6642,4.2632,2.3117
4.8415,1.6591,4.2555,2.3066
4.8441,1.6642,4.2555,2.3015
4.8364,1.6642,4.2606,2.3091
4.8415,1.6591,4.2479,2.3142
4.8492,1.6667,4.2504,2.3091
4.8415,1.6667,4.2479,2.3066
4.839,1.6642,4.2479,2.3142
4.8466,1.6667,4.2479,2.3066
4.839,1.6744,4.2479,2.3066
4.8415,1.6667,4.2479,2.3142
4.8492,1.6642,4.2428,2.3066
4.8441,1.6718,4.2504,2.304
4.8339,1.6591,4.2555,2.3142
4.8466,1.6591,4.2428,2.3066
4.8415,1.6693,4.2504,2.3015
4.8364,1.6616,4.253,2.3142
4.8466,1.6693,4.2479,2.3015
4.8364,1.6693,4.2632,2.3091
4.8415,1.654,4.2555,2.3091
4.8415,1.6591,4.2606,2.3015
4.8339,1.6616,4.2683,2.3091
4.8415,1.6565,4.2632,2.3091
4.8364,1.6616,4.2708,2.3117
4.8415,1.654,4.2657,2.3091
4.8415,1.6565,4.2657,2.3015
4.8339,1.654,4.2759,2.3091
4.8415,1.6489,4.2683,2.3193
4.8492,1.6616,4.2657,2.304
4.8364,1.654,4.2785,2.3142
4.8492,1.6463,4.2683,2.3117
4.8415,1.6591,4.2759,2.304
4.8364,1.6514,4.281,2.3142
4.8492,1.6463,4.2708,2.3066
4.8441,1.6616,4.2759,2.304
4.8364,1.6514,4.2861,2.3117
4.8441,1.6438,4.2708,2.3091
4.8441,1.6591,4.2759,2.3091
4.8441,1.6514,4.2785,2.3091
4.8492,1.6514,4.2734,2.3117
4.8441,1.6591,4.2785,2.3091
4.8441,1.654,4.2785,2.3091
4.8492,1.6514,4.2734,2.3091
4.8441,1.6591,4.2785,2.3015
4.8364,1.6514,4.2836,2.3142
4.8466,1.6463,4.2734,2.3142
4.8441,1.6591,4.2785,2.3015
4.8415,1.654,4.2785,2.3142
4.8492,1.6514,4.2708,2.3015
4.8364,1.6591,4.2836,2.3091
4.8441,1.6514,4.2785,2.3091
4.8441,1.6591,4.2836,2.3015
4.8364,1.6463,4.2861,2.3142
4.8492,1.6514,4.2708,2.3091
4.8441,1.6514,4.2836,2.3066
4.8517,1.6489,4.2759,2.3117
4.8441,1.6565,4.2785,2.3015
4.839,1.6463,4.2836,2.3142
4.8441,1.6514,4.2708,2.3091
4.8339,1.6514,4.2836,2.3091
4.8517,1.6463,4.2708,2.3117
4.8441,1.6591,4.2785,2.3066
4.8441,1.6514,4.2785,2.3142
4.8492,1.6591,4.2759,2.3015
4.8415,1.6514,4.2861,2.3091
4.8441,1.6514,4.2836,2.3066
4.8441,1.6591,4.281,2.3015
4.8364,1.6438,4.2861,2.3117
4.8441,1.6514,4.2785,2.3066
4.8364,1.6514,4.2861,2.3117
4.8492,1.6438,4.2734,2.3066
4.8441,1.6514,4.2785,2.3066
4.8441,1.6489,4.2785,2.3066
4.8492,1.654,4.2759,2.3066
4.8441,1.654,4.2785,2.3066
4.8441,1.6489,4.2785,2.3117
4.8492,1.6616,4.2683,2.2989
4.839,1.654,4.281,2.304
4.8441,1.6489,4.2759,2.3066
4.8415,1.6565,4.2734,2.2989
4.839,1.6565,4.2785,2.3117
4.8415,1.6489,4.2657,2.3117
4.8441,1.6616,4.2708,2.3066
4.8441,1.6591,4.2708,2.3117
4.8517,1.6591,4.2632,2.2989
4.8364,1.6616,4.2683,2.3066
4.8415,1.654,4.2683,2.3117
4.8492,1.6591,4.2632,2.2989
4.8364,1.6667,4.2657,2.3066
4.8441,1.6565,4.2683,2.3117
4.8466,1.6667,4.2606,2.2989
4.8364,1.6642,4.2708,2.3066
4.8441,1.6514,4.2657,2.3117
4.8492,1.6591,4.2657,2.3066
4.8441,1.6616,4.2657,2.304
4.8415,1.6591,4.2657,2.3117
4.8492,1.6591,4.2555,2.304
4.8441,1.6693,4.2683,2.2989
4.8364,1.6565,4.2683,2.3091
4.8492,1.6565,4.2555,2.304
4.8441,1.6693,4.2632,2.3015
4.839,1.6616,4.2606,2.3091
4.8492,1.6616,4.2555,2.304
4.8415,1.6693,4.2632,2.3015
4.8441,1.6642,4.2581,2.3091
4.8492,1.6693,4.253,2.2989
4.839,1.6693,4.2683,2.3015
4.8441,1.6565,4.2606,2.3015
4.8415,1.6642,4.2581,2.2964
4.8364,1.6642,4.2683,2.3015
4.8415,1.6591,4.2581,2.3091
4.8492,1.6693,4.253,2.2964
4.8364,1.6642,4.2657,2.3015
4.8441,1.6616,4.2606,2.3015
4.8364,1.6693,4.2657,2.2964
4.8441,1.6591,4.2581,2.3015
4.8492,1.6642,4.2581,2.304
4.8364,1.6642,4.2632,2.3091
4.8415,1.6642,4.2555,2.3015
4.8364,1.6718,4.2632,2.2964
4.839,1.6591,4.2555,2.3091
4.8466,1.6667,4.2555,2.3015
4.8441,1.6667,4.2555,2.3015
4.8415,1.6667,4.2581,2.3117
4.8517,1.6718,4.2504,2.2938
4.8415,1.6642,4.253,2.3015
4.8441,1.6667,4.253,2.304
4.8441,1.6718,4.2555,2.2964
4.839,1.6667,4.2606,2.3015
4.8415,1.6667,4.2555,2.304
4.8415,1.6744,4.253,2.2938
4.8364,1.6616,4.2581,2.3091
4.8492,1.6642,4.2479,2.304
4.8441,1.6744,4.253,2.304
4.8441,1.6667,4.253,2.3091
4.8492,1.6693,4.2453,2.3015
4.8364,1.6718,4.2581,2.2964
4.8415,1.6591,4.2504,2.3091
4.8441,1.6667,4.253,2.3015
4.8415,1.6642,4.253,2.3015
4.8415,1.6616,4.2555,2.3091
4.8415,1.6642,4.2479,2.3015
4.8415,1.6667,4.2555,2.2989
4.8415,1.6591,4.2555,2.3091
4.8492,1.6667,4.2453,2.3015
4.8415,1.6718,4.2555,2.2964
4.8364,1.6591,4.2632,2.3091
4.8492,1.6591,4.2504,2.3015
4.8492,1.6718,4.2479,2.2964
4.8364,1.6642,4.2606,2.304
4.8415,1.6616,4.2555,2.3091
4.8492,1.6642,4.2453,2.3015
4.8441,1.6718,4.253,2.2938
4.8364,1.6667,4.2606,2.3015
4.8415,1.6591,4.2453,2.3091
4.8492,1.6667,4.253,2.3015
4.8415,1.6667,4.253,2.3015
4.8415,1.6591,4.253,2.3091
4.8492,1.6667,4.2479,2.2964
4.8364,1.6718,4.2581,2.2964
4.8415,1.6693,4.253,2.3015
4.8492,1.6616,4.2453,2.3015
4.8441,1.6744,4.2504,2.2964
4.839,1.6667,4.2581,2.3066
4.8415,1.6616,4.2504,2.3066
4.8466,1.6693,4.2453,2.2964
4.8339,1.6744,4.2555,2.3015
4.8415,1.6616,4.2479,2.2989
4.8415,1.6693,4.2479,2.304
4.8339,1.6667,4.2555,2.3015
4.8415,1.6642,4.2453,2.3015
4.8415,1.6693,4.2453,2.2964
4.8339,1.6718,4.2479,2.3015
4.839,1.6718,4.2428,2.3015
4.839,1.6769,4.2428,2.2964
4.8313,1.6642,4.2479,2.3117
4.8441,1.6718,4.2326,2.3015
4.8415,1.6718,4.2402,2.3015
4.839,1.6667,4.2377,2.3091
4.8466,1.6795,4.23,2.2964
4.8339,1.682,4.2377,2.304
4.839,1.6693,4.2351,2.3117
4.8441,1.682,4.2275,2.2989
4.8339,1.6744,4.2428,2.3015
4.839,1.6769,4.2326,2.304
4.839,1.6769,4.2326,2.2964
4.839,1.6744,4.2326,2.3015
4.8415,1.6693,4.2326,2.3091
4.8466,1.6795,4.2249,2.2989
4.839,1.682,4.2377,2.2964
4.8313,1.6667,4.2377,2.3066
4.8441,1.6769,4.2249,2.304
4.839,1.682,4.23,2.304
4.8339,1.6744,4.2377,2.304
4.839,1.6744,4.23,2.3091
4.8441,1.682,4.2249,2.2989
4.8313,1.6769,4.2377,2.3015
4.839,1.6744,4.2326,2.304
4.839,1.6769,4.2326,2.304
4.839,1.6744,4.2326,2.304
4.839,1.6667,4.2326,2.3117
4.8441,1.6744,4.2326,2.304
4.839,1.6744,4.2351,2.3066
4.8415,1.6693,4.2351,2.3117
4.8466,1.6769,4.2326,2.2989
4.8313,1.6769,4.2377,2.304
4.8415,1.6642,4.2377,2.3142
4.8466,1.6769,4.2326,2.2989
4.8339,1.6718,4.2479,2.304
4.8415,1.6642,4.2377,2.304
4.839,1.6693,4.2428,2.2989
4.8339,1.6693,4.2479,2.3066
4.8441,1.6642,4.2351,2.3117
4.8441,1.6769,4.2377,2.2989
4.8339,1.6693,4.2479,2.3066
4.839,1.6591,4.2453,2.3066
4.839,1.6667,4.2453,2.3066
4.839,1.6667,4.2453,2.3066
4.839,1.6591,4.2504,2.3117
4.8466,1.6642,4.2428,2.3066
4.8415,1.6718,4.253,2.3066
4.8415,1.6642,4.2504,2.3091
4.8415,1.6616,4.253,2.3066
4.8415,1.6667,4.253,2.3015
4.8339,1.6616,4.2555,2.3091
4.839,1.6591,4.2555,2.3066
4.8415,1.6667,4.2581,2.3015
4.8415,1.6616,4.2632,2.3066
4.8492,1.6616,4.2479,2.3091
4.8339,1.6693,4.2632,2.3066
4.839,1.6565,4.2555,2.3117
4.8466,1.6693,4.2479,2.2989
4.8415,1.6642,4.2632,2.3066
4.8492,1.6642,4.2479,2.3066
4.8415,1.6693,4.2632,2.3015
4.8339,1.6591,4.2555,2.3142
4.8466,1.6616,4.2479,2.2989
4.8339,1.6718,4.2606,2.3066
4.8339,1.6591,4.2555,2.3117
4.8466,1.6616,4.2479,2.3066
4.8339,1.6718,4.253,2.3015
4.8364,1.6565,4.2581,2.3091
4.8492,1.6616,4.2504,2.3091
4.839,1.6642,4.2555,2.3066
4.8415,1.6565,4.2555,2.3117
4.8466,1.6718,4.2479,2.2989
4.8339,1.6642,4.2632,2.3066
4.8415,1.6616,4.2555,2.3117
4.8415,1.6718,4.2555,2.3015
4.839,1.6642,4.2581,2.3066
4.8415,1.6642,4.253,2.3066
4.8415,1.6718,4.253,2.2989
4.8339,1.6642,4.253,2.3117
4.8466,1.6642,4.2453,2.2989
4.8364,1.6718,4.2581,2.3066
4.8441,1.6591,4.2479,2.3066
4.8415,1.6667,4.2479,2.3015
4.8339,1.6667,4.2581,2.3117
4.8492,1.6616,4.2428,2.3066
4.8415,1.6718,4.2479,2.3066
4.8415,1.6667,4.2479,2.3091
4.8492,1.6667,4.2453,2.3066
4.8339,1.6693,4.253,2.3117
4.8415,1.6616,4.2402,2.3117
4.8415,1.6718,4.2479,2.3066
4.839,1.6591,4.2453,2.3117
4.8466,1.6718,4.2428,2.2989
4.8339,1.6693,4.253,2.304
4.8466,1.6667,4.2402,2.2964
4.8339,1.6744,4.2555,2.2989
4.839,1.6616,4.2479,2.304
4.839,1.6667,4.2479,2.3066
4.8339,1.6693,4.253,2.3066
4.8415,1.6616,4.2402,2.3117
4.8492,1.6769,4.2402,2.2989
4.8339,1.6693,4.253,2.304
4.839,1.6616,4.2479,2.304
4.8415,1.6693,4.2479,2.2989
4.8339,1.6693,4.2504,2.304
4.8415,1.6616,4.2453,2.304
4.8415,1.6693,4.2453,2.2989
4.8339,1.6642,4.2504,2.3117
4.8466,1.6642,4.2377,2.304
4.8415,1.6744,4.2453,2.2989
4.8339,1.6693,4.2504,2.304
4.8415,1.6693,4.2453,2.3066
4.8415,1.6718,4.2453,2.2989
4.8339,1.6667,4.2504,2.3142
4.8466,1.6591,4.2402,2.3117
4.8466,1.6718,4.2402,2.2989
4.8364,1.6693,4.253,2.304
4.8492,1.6591,4.2453,2.3117
4.8466,1.6718,4.2428,2.2989
4.8339,1.6667,4.253,2.3117
4.839,1.6616,4.2479,2.3117
4.8466,1.6718,4.2428,2.2989
4.8339,1.6667,4.253,2.3066
4.8441,1.6616,4.2479,2.3117
4.8466,1.6744,4.2428,2.2964
4.8339,1.6667,4.2555,2.304
4.8492,1.6591,4.2428,2.3117
4.8415,1.6718,4.2479,2.2989
4.8415,1.6667,4.2504,2.3066
4.8466,1.6642,4.2453,2.304
4.8441,1.6718,4.2581,2.2964
4.8441,1.6616,4.2504,2.3117
4.8441,1.6667,4.2479,2.304
4.8339,1.6693,4.2555,2.304
4.8415,1.6591,4.2504,2.3066
4.8415,1.6744,4.2479,2.2989
4.8364,1.6616,4.2581,2.3117
4.8466,1.6591,4.2453,2.3091
4.8466,1.6718,4.2453,2.2989
4.8364,1.6667,4.2581,2.304
4.8415,1.6667,4.253,2.3066
4.8415,1.6667,4.253,2.304
4.8441,1.6642,4.253,2.304
4.8415,1.6642,4.253,2.3091
4.8492,1.6667,4.2453,2.3091
4.8441,1.6718,4.253,2.2989
4.8339,1.6642,4.2555,2.3066
4.8441,1.6642,4.2504,2.304
4.8441,1.6718,4.2555,2.2989
4.8441,1.6565,4.2555,2.3117
4.8415,1.6616,4.2504,2.2989
4.8339,1.6642,4.2606,2.3066
4.8441,1.6591,4.2555,2.3117
4.8441,1.6642,4.2479,2.3066
4.8415,1.6616,4.2555,2.3066
4.8492,1.6591,4.2581,2.3117
4.8517,1.6693,4.253,2.2989
4.8364,1.6693,4.2657,2.3066
4.8415,1.6591,4.2581,2.3117
4.8441,1.6616,4.2581,2.2989
4.839,1.6642,4.2632,2.3066
4.8415,1.6565,4.2581,2.3117
4.8517,1.6693,4.253,2.2989
4.839,1.6718,4.2632,2.304
4.8415,1.6591,4.2555,2.3117
4.8492,1.6642,4.2504,2.304
4.8415,1.6642,4.2581,2.3066
4.839,1.6565,4.2632,2.304
4.8441,1.6642,4.2555,2.3066
4.8441,1.6718,4.2581,2.2989
4.839,1.6642,4.2581,2.3066
4.8492,1.6642,4.2504,2.2989
4.8364,1.6693,4.2606,2.2989
4.8441,1.6565,4.2632,2.3142
4.8492,1.6616,4.2632,2.3066
4.8364,1.6591,4.2734,2.3066
4.8517,1.654,4.2606,2.3142
4.8441,1.6642,4.2683,2.2989
4.839,1.6489,4.2759,2.3117
4.8517,1.6565,4.2657,2.3066
4.8441,1.6565,4.2708,2.3066
4.8441,1.6489,4.2734,2.3091
4.8517,1.6565,4.2683,2.2989
4.839,1.6616,4.2836,2.3066
4.8441,1.6463,4.2708,2.3117
4.8517,1.6616,4.2683,2.2989
4.839,1.6565,4.2836,2.3066
4.8441,1.6489,4.2708,2.3117
4.8517,1.6616,4.2785,2.3015
4.839,1.6565,4.2836,2.3066
4.8543,1.6489,4.2708,2.304
4.8441,1.6616,4.2785,2.304
4.839,1.654,4.2785,2.304
4.8441,1.6565,4.2785,2.3117
4.8517,1.6616,4.2734,2.2989
4.839,1.6616,4.2861,2.3066
4.8415,1.6489,4.281,2.3117
4.8517,1.6565,4.2734,2.304
4.8441,1.6565,4.2785,2.3066
4.8466,1.654,4.2785,2.3142
4.8517,1.6616,4.2708,2.3066
4.839,1.6616,4.2836,2.3066
4.8441,1.6489,4.2759,2.3117
4.8441,1.6565,4.2708,2.304
4.839,1.6565,4.2836,2.304
4.8441,1.6591,4.2683,2.304
4.839,1.6667,4.2785,2.304
4.8441,1.6514,4.2708,2.304
4.8466,1.6667,4.2708,2.2989
4.839,1.6514,4.2759,2.3117
4.8517,1.654,4.2632,2.3066
4.8441,1.6667,4.2683,2.3066
4.8364,1.6616,4.2759,2.3117
4.8492,1.654,4.2632,2.3066
4.8441,1.6667,4.2683,2.3015
4.839,1.6514,4.2734,2.3117
4.8441,1.6591,4.2632,2.3066
4.8441,1.6616,4.2657,2.3066
4.8415,1.654,4.2657,2.3117
