1.9942,1.2027,1.6658,1.3452
1.9942,1.19,1.6658,1.3503
2.0018,1.2027,1.6607,1.3376
1.9891,1.1951,1.6683,1.3452
1.9993,1.1951,1.6607,1.3427
1.9891,1.2027,1.6734,1.3401
1.9942,1.1951,1.6683,1.3478
1.9942,1.2027,1.6683,1.3401
1.9891,1.19,1.676,1.3503
2.0018,1.1976,1.6607,1.3427
1.9942,1.1951,1.6683,1.3427
1.9993,1.19,1.6607,1.3503
1.9967,1.2027,1.6683,1.3376
1.9942,1.1951,1.6683,1.3503
1.9993,1.2027,1.6632,1.335
1.9942,1.1951,1.6734,1.3452
2.0018,1.1951,1.6658,1.3452
1.9865,1.19,1.676,1.3503
2.0018,1.1951,1.6632,1.3427
1.9967,1.1951,1.6683,1.3427
1.9993,1.19,1.6683,1.3478
1.9942,1.2027,1.6683,1.3427
1.9942,1.19,1.6683,1.3478
2.0018,1.2027,1.6632,1.3401
1.9891,1.19,1.676,1.3503
2.0018,1.1951,1.6632,1.3427
1.9865,1.1976,1.676,1.3452
1.9993,1.1925,1.6607,1.3452
1.9942,1.1976,1.6683,1.3427
2.0018,1.19,1.6683,1.3503
1.9942,1.2027,1.6683,1.3427
1.9942,1.1925,1.6683,1.3478
1.9942,1.2027,1.6709,1.335
1.9942,1.1925,1.6683,1.3478
1.9942,1.2027,1.6709,1.335
1.9993,1.1925,1.6709,1.3478
1.9967,1.2027,1.6709,1.335
1.9942,1.1925,1.6658,1.3478
1.9942,1.2027,1.6709,1.3427
1.9942,1.19,1.6709,1.3478
1.9967,1.1976,1.6709,1.3325
1.9891,1.19,1.676,1.3478
1.9967,1.2002,1.6709,1.3325
1.9891,1.1925,1.676,1.3478
1.9967,1.1976,1.6683,1.3427
1.9891,1.1976,1.676,1.3478
2.0018,1.1951,1.6632,1.3401
1.9967,1.1976,1.6683,1.3427
1.9942,1.19,1.6709,1.3478
2.0018,1.2027,1.6683,1.3427
1.9967,1.1976,1.6683,1.3478
2.0018,1.1976,1.6632,1.335
1.9891,1.1976,1.676,1.3427
1.9942,1.1976,1.6709,1.3427
1.9967,1.2027,1.6683,1.335
1.9942,1.1925,1.6683,1.3503
1.9942,1.1976,1.6683,1.335
1.9865,1.1976,1.676,1.3427
1.9967,1.1976,1.6632,1.3427
1.9891,1.2053,1.676,1.3376
1.9942,1.1925,1.6683,1.3503
1.9993,1.2027,1.6658,1.3376
1.9891,1.1976,1.676,1.3427
1.9916,1.1976,1.6709,1.3427
1.9942,1.2027,1.6683,1.3376
1.9891,1.1925,1.676,1.3478
1.9993,1.1976,1.6632,1.3452
1.9865,1.2002,1.676,1.3503
2.0018,1.2002,1.6632,1.3452
1.9916,1.1976,1.6683,1.3427
1.9942,1.1925,1.6658,1.3503
1.9967,1.1976,1.6683,1.3427
1.9942,1.1925,1.6683,1.3529
2.0018,1.2053,1.6683,1.3401
1.9942,1.2002,1.6683,1.3503
2.0018,1.1976,1.6632,1.3376
1.9891,1.2002,1.6734,1.3427
1.9993,1.1976,1.6607,1.3427
1.9865,1.2053,1.6734,1.3376
1.9916,1.1925,1.6683,1.3503
1.9942,1.2078,1.6683,1.3452
1.9916,1.1976,1.6658,1.3529
1.9993,1.1976,1.6607,1.3376
1.9865,1.1951,1.6734,1.3427
1.9942,1.1976,1.6607,1.3452
1.9865,1.2027,1.6734,1.3452
1.9916,1.1925,1.6683,1.3452
1.9942,1.2027,1.6658,1.3401
1.9891,1.19,1.676,1.3529
1.9993,1.1976,1.6632,1.3478
1.9916,1.2002,1.6683,1.3478
1.9916,1.1925,1.6683,1.3529
1.9942,1.2027,1.6658,1.3401
1.9942,1.2002,1.6683,1.3478
1.9993,1.1976,1.6607,1.3452
1.9916,1.2002,1.6658,1.3452
1.9967,1.1925,1.6581,1.3529
1.9916,1.2027,1.6658,1.3478
1.9916,1.1976,1.6658,1.3529
1.9993,1.2027,1.6607,1.3401
1.984,1.1951,1.6734,1.3478
1.9891,1.1925,1.6658,1.3478
1.9916,1.2053,1.6658,1.3427
1.9865,1.19,1.6734,1.3529
1.9967,1.1976,1.6581,1.3503
1.9916,1.1976,1.6709,1.3503
1.9916,1.1976,1.6658,1.3503
1.9916,1.2053,1.6658,1.3427
1.9891,1.1925,1.6658,1.3554
1.9891,1.1976,1.6632,1.3452
1.9865,1.1976,1.6734,1.3554
1.9993,1.1925,1.6581,1.3529
1.9916,1.2027,1.6632,1.3529
1.9891,1.1951,1.6632,1.358
1.9993,1.2027,1.6556,1.3452
1.984,1.2027,1.6683,1.3529
1.9916,1.1976,1.6632,1.3529
1.9916,1.2053,1.6632,1.3452
1.984,1.19,1.6709,1.3554
1.9891,1.1976,1.6607,1.3529
1.984,1.1976,1.6683,1.3605
1.9967,1.1925,1.6556,1.3503
1.9916,1.1976,1.6632,1.3529
1.9891,1.19,1.6632,1.358
1.9891,1.2027,1.6632,1.3452
1.9865,1.1951,1.6632,1.3554
1.9891,1.1976,1.6658,1.3529
1.9814,1.1951,1.6683,1.3529
1.9942,1.1951,1.6581,1.3529
1.984,1.1951,1.6683,1.3529
1.9967,1.1951,1.6581,1.3529
1.984,1.2027,1.6709,1.3529
1.9891,1.1976,1.6632,1.3529
1.9891,1.2027,1.6632,1.3478
1.9814,1.1925,1.6683,1.358
1.9942,1.1976,1.6581,1.3529
1.984,1.2002,1.6683,1.3529
1.9891,1.1925,1.6632,1.3529
1.9865,1.2027,1.6632,1.3478
1.9891,1.1925,1.6607,1.3605
1.9916,1.2027,1.6607,1.3503
1.9865,1.1951,1.6607,1.358
1.9942,1.1951,1.6556,1.3478
1.9814,1.1976,1.6607,1.3529
1.9891,1.1951,1.6607,1.3529
1.9891,1.2053,1.6607,1.3478
1.9865,1.19,1.6632,1.3631
1.9942,1.2027,1.6556,1.3503
1.9814,1.2002,1.6683,1.358
1.9916,1.1976,1.6556,1.3554
1.9789,1.1976,1.6683,1.3554
1.9916,1.1976,1.6556,1.3605
1.9814,1.1951,1.6683,1.3554
1.9865,1.1951,1.6607,1.358
1.9789,1.2027,1.6658,1.358
1.9865,1.1951,1.6632,1.358
1.9891,1.2027,1.6607,1.3503
1.9865,1.1976,1.6607,1.3631
1.9865,1.2027,1.6607,1.3503
1.9865,1.1925,1.6607,1.3631
1.9942,1.2027,1.6607,1.3529
1.9814,1.19,1.6683,1.3631
1.9865,1.1976,1.6658,1.3503
1.9814,1.1976,1.6607,1.3631
1.9942,1.1976,1.6556,1.3529
1.9865,1.1951,1.6683,1.358
1.9916,1.1976,1.6556,1.3529
1.9814,1.1951,1.6683,1.358
1.9916,1.1951,1.653,1.3529
1.9789,1.2027,1.6683,1.3605
1.984,1.19,1.6607,1.3656
1.9865,1.2027,1.6607,1.3529
1.9789,1.19,1.6683,1.3656
1.9865,1.1976,1.6581,1.358
1.9814,1.1951,1.6683,1.3656
1.9942,1.1951,1.653,1.3605
1.9865,1.1951,1.6683,1.3605
1.9916,1.1874,1.653,1.3605
1.984,1.1951,1.6581,1.3631
1.9865,1.1874,1.653,1.3656
1.984,1.2002,1.6581,1.3605
1.9865,1.1874,1.6581,1.3656
1.984,1.2027,1.6581,1.3529
1.9865,1.19,1.6581,1.3605
1.9865,1.2027,1.6581,1.3529
1.984,1.19,1.6581,1.3605
1.9865,1.2027,1.6607,1.3554
1.9865,1.1951,1.6683,1.3656
1.9916,1.1951,1.6556,1.358
1.9865,1.1951,1.6607,1.358
1.9942,1.19,1.6556,1.358
1.9865,1.2027,1.6581,1.358
1.9865,1.19,1.6607,1.3656
1.9916,1.2002,1.6556,1.3529
1.9865,1.1976,1.6683,1.358
1.9916,1.1925,1.6556,1.3554
1.9789,1.1951,1.6683,1.358
1.9865,1.1951,1.6607,1.358
1.9865,1.2027,1.6607,1.3529
1.9814,1.19,1.6683,1.3631
1.9891,1.1951,1.6607,1.358
1.9814,1.1925,1.6683,1.3631
1.9942,1.19,1.6556,1.3554
1.9865,1.2002,1.6632,1.3529
1.984,1.1951,1.6607,1.3605
1.9967,1.1951,1.6556,1.3503
1.9814,1.1951,1.6683,1.3554
1.9891,1.1976,1.6632,1.3554
1.984,1.2027,1.6683,1.3503
1.9891,1.19,1.6632,1.3605
1.9865,1.1951,1.6581,1.3503
1.9814,1.1951,1.6709,1.3529
1.9942,1.1951,1.6581,1.3554
1.9814,1.2027,1.6709,1.3478
1.9891,1.19,1.6632,1.3605
1.9891,1.1951,1.6556,1.3503
1.984,1.1925,1.6734,1.3529
1.9942,1.19,1.6581,1.3529
1.9891,1.1976,1.6658,1.3529
1.9942,1.19,1.6658,1.3605
1.9891,1.2027,1.6658,1.3478
1.9891,1.1951,1.6683,1.3554
1.9993,1.1951,1.6581,1.3452
1.984,1.1976,1.6734,1.3529
1.9916,1.1925,1.6683,1.3503
1.9916,1.2027,1.6683,1.3478
1.9891,1.1976,1.6683,1.3554
1.9967,1.1976,1.6632,1.3427
1.9865,1.1951,1.676,1.3478
1.9916,1.1976,1.6683,1.3478
1.984,1.2027,1.676,1.3401
1.9916,1.1925,1.6709,1.3478
1.9916,1.1951,1.6683,1.3401
1.9865,1.1976,1.6785,1.3427
1.9993,1.1976,1.6632,1.3452
1.9916,1.1976,1.6683,1.3427
1.9916,1.1951,1.6709,1.3452
1.9916,1.2027,1.6709,1.3401
1.9865,1.1925,1.6785,1.3503
1.9993,1.2002,1.6658,1.3452
1.9865,1.2002,1.6785,1.3427
1.9942,1.1925,1.6658,1.3478
1.9916,1.2027,1.6734,1.335
1.9916,1.1976,1.6734,1.3478
1.9993,1.2002,1.6658,1.3376
1.9865,1.2053,1.6785,1.3427
1.9916,1.1976,1.6734,1.3427
1.9942,1.2053,1.6734,1.3376
1.9865,1.1925,1.6785,1.3478
1.9916,1.1976,1.6734,1.3427
1.9865,1.1976,1.6785,1.3452
1.9993,1.1976,1.6658,1.3427
1.9865,1.2053,1.6785,1.3427
1.9916,1.1925,1.6734,1.3503
1.9916,1.2002,1.6709,1.3427
1.9891,1.1925,1.6785,1.3503
1.9993,1.1976,1.6658,1.3427
1.9916,1.1951,1.6734,1.3427
1.9993,1.1925,1.6658,1.3503
1.9942,1.1976,1.6734,1.3427
1.9916,1.1951,1.6734,1.3529
1.9942,1.2053,1.6709,1.3376
1.9916,1.1976,1.6709,1.3503
1.9993,1.1976,1.6632,1.3401
1.9865,1.1976,1.676,1.3478
1.9891,1.19,1.6683,1.3452
1.9916,1.2027,1.6683,1.3401
1.9865,1.19,1.676,1.3529
1.9993,1.1976,1.6632,1.3478
1.9891,1.2027,1.6683,1.3478
1.9942,1.19,1.6709,1.3529
1.9993,1.2027,1.6607,1.3427
1.9865,1.1951,1.6734,1.3478
1.9891,1.1951,1.6683,1.3503
1.9916,1.2027,1.6683,1.3427
1.984,1.1976,1.6734,1.3478
1.9916,1.1951,1.6683,1.3503
1.9916,1.2027,1.6683,1.3478
1.9891,1.2002,1.6683,1.3554
1.9993,1.1951,1.6607,1.3427
1.9865,1.2027,1.6734,1.3478
1.9891,1.1925,1.6683,1.3529
1.9916,1.2053,1.6683,1.3427
1.9865,1.1925,1.676,1.3529
1.9993,1.1951,1.6607,1.3452
1.9865,1.1976,1.6734,1.3478
1.9916,1.1976,1.6683,1.3478
1.9916,1.2027,1.6683,1.3427
1.9942,1.1951,1.676,1.3529
1.9916,1.1951,1.6683,1.3478
1.9865,1.1976,1.676,1.3503
1.9891,1.1976,1.6709,1.3478
1.9865,1.2027,1.6734,1.3427
1.9916,1.1976,1.6683,1.3503
1.9942,1.1976,1.6683,1.3401
1.984,1.1976,1.676,1.3503
1.9916,1.19,1.6658,1.3478
1.9993,1.2027,1.6607,1.3427
1.9865,1.1976,1.6734,1.3478
1.9916,1.1951,1.6683,1.3529
1.9916,1.2027,1.6683,1.3427
1.9865,1.1951,1.6683,1.3478
1.9967,1.1976,1.6607,1.3503
1.9916,1.2027,1.6734,1.3427
1.9916,1.19,1.6683,1.3554
1.9993,1.2002,1.6632,1.3427
1.9865,1.1951,1.676,1.3478
1.9993,1.1976,1.6632,1.3478
1.9865,1.2027,1.676,1.3478
1.9916,1.1874,1.6683,1.3478
1.9942,1.2027,1.6709,1.3401
1.9916,1.19,1.6709,1.3529
1.9942,1.1951,1.6709,1.3478
1.9865,1.1976,1.676,1.3452
1.9993,1.19,1.6658,1.3452
1.9942,1.1951,1.6709,1.3427
1.9942,1.19,1.6709,1.3503
1.9993,1.2027,1.6658,1.3376
1.9891,1.1976,1.6811,1.3427
1.9967,1.1976,1.6734,1.3401
1.9967,1.2027,1.6785,1.3325
1.9916,1.1925,1.6811,1.3452
1.9967,1.1976,1.6683,1.3376
1.9967,1.1976,1.676,1.3401
1.9967,1.1925,1.676,1.3452
2.0044,1.1976,1.6683,1.3325
1.9891,1.1976,1.6811,1.3401
1.9993,1.1925,1.676,1.3401
1.9967,1.2027,1.676,1.3325
1.9967,1.1976,1.676,1.3452
2.0044,1.1976,1.6683,1.3325
1.9891,1.2027,1.6785,1.3376
1.9942,1.1925,1.6734,1.3401
1.9993,1.1976,1.6683,1.3325
1.9865,1.1976,1.6785,1.3401
1.9993,1.1976,1.6683,1.3401
1.9891,1.2053,1.6785,1.335
1.9967,1.1976,1.6734,1.3427
1.9942,1.2027,1.6734,1.335
1.9891,1.1925,1.6785,1.3503
2.0018,1.1976,1.6683,1.3376
1.9891,1.1976,1.6785,1.3427
1.9942,1.1976,1.6734,1.3427
1.9891,1.2027,1.6709,1.3376
1.9865,1.19,1.6709,1.3503
1.9993,1.1976,1.6709,1.3427
1.9865,1.1951,1.676,1.3452
1.9993,1.19,1.6658,1.3452
1.9865,1.2027,1.676,1.3376
1.9942,1.19,1.6709,1.3529
1.9993,1.2027,1.6632,1.3401
1.9916,1.1951,1.6683,1.3529
1.9993,1.2027,1.6632,1.3427
1.9865,1.1951,1.6734,1.3503
1.9993,1.1951,1.6607,1.3427
1.9916,1.1951,1.6683,1.3503
1.9967,1.19,1.6632,1.358
1.9891,1.2002,1.6658,1.3529
1.9916,1.19,1.6658,1.358
1.9993,1.1976,1.6607,1.3478
1.9865,1.1951,1.6734,1.3529
1.9993,1.1951,1.6581,1.3529
1.9916,1.1976,1.6658,1.3529
1.9891,1.19,1.6581,1.3605
1.9891,1.2027,1.6658,1.3478
1.9865,1.1951,1.6734,1.3605
1.9942,1.1951,1.6607,1.3529
1.9891,1.2027,1.6632,1.3529
1.9891,1.1951,1.6658,1.3605
1.9993,1.1951,1.6581,1.3554
1.984,1.2027,1.6683,1.3554
1.9891,1.19,1.6658,1.3529
1.9916,1.1951,1.6632,1.3478
1.984,1.1951,1.6709,1.3605
1.9967,1.1925,1.6581,1.3554
1.9891,1.2027,1.6658,1.3503
1.9865,1.19,1.6658,1.3554
1.9967,1.2027,1.6581,1.3503
1.9891,1.1951,1.6632,1.3554
1.9967,1.1951,1.6581,1.3478
1.984,1.2027,1.6709,1.358
1.9916,1.19,1.6632,1.3605
1.9891,1.2002,1.6709,1.3503
1.984,1.1874,1.6658,1.3605
1.9891,1.1925,1.6632,1.3503
1.9814,1.1951,1.6683,1.3529
1.9967,1.1951,1.6556,1.3554
1.984,1.2002,1.6734,1.358
1.9891,1.1925,1.6658,1.3554
1.9891,1.2027,1.6632,1.3503
1.984,1.19,1.6709,1.3631
1.9891,1.1951,1.6581,1.3554
1.9891,1.1925,1.6658,1.358
1.9891,1.19,1.6658,1.3554
1.9891,1.2002,1.6632,1.3503
1.9865,1.19,1.6734,1.3605
1.9942,1.1951,1.6581,1.3554
1.984,1.2002,1.6709,1.3529
1.9891,1.19,1.6632,1.3554
1.9891,1.2027,1.6658,1.3503
1.9865,1.19,1.6709,1.3605
1.9967,1.1951,1.6581,1.3554
1.9865,1.1951,1.6658,1.3554
1.9942,1.19,1.6581,1.3631
1.9891,1.2027,1.6658,1.3478
1.9891,1.1925,1.6658,1.3605
1.9967,1.1951,1.6581,1.3554
1.9865,1.1951,1.6683,1.3529
1.9891,1.1951,1.6658,1.3554
1.9891,1.1951,1.6683,1.3478
1.984,1.1951,1.6734,1.3605
1.9993,1.19,1.6607,1.3554
1.9916,1.1951,1.6683,1.3554
1.9891,1.1951,1.6658,1.3605
1.9993,1.1951,1.6607,1.3478
1.984,1.2027,1.6734,1.3529
1.9891,1.19,1.6658,1.358
1.9891,1.1951,1.6658,1.3478
1.984,1.1951,1.6734,1.358
1.9993,1.1976,1.6607,1.3529
1.984,1.1976,1.6734,1.3529
1.9891,1.1874,1.6658,1.3605
1.9891,1.2027,1.6683,1.3478
1.9865,1.19,1.6734,1.358
1.9967,1.1976,1.6683,1.3529
1.9891,1.1951,1.6683,1.3529
1.9967,1.19,1.6607,1.358
1.9993,1.2027,1.6607,1.3452
1.984,1.1976,1.6734,1.3529
1.9891,1.1976,1.6683,1.3529
1.9916,1.2002,1.6683,1.3452
1.9865,1.19,1.676,1.358
1.9967,1.1976,1.6607,1.3529
1.984,1.1976,1.6734,1.358
1.9993,1.1925,1.6683,1.3554
1.9916,1.2027,1.6683,1.3503
1.984,1.1951,1.6683,1.3503
1.9993,1.1951,1.6632,1.3503
1.9916,1.2027,1.676,1.3452
1.9916,1.19,1.6683,1.3503
1.9891,1.1951,1.6683,1.3427
1.984,1.1951,1.676,1.3503
1.9993,1.1925,1.6632,1.3529
1.9891,1.1951,1.6683,1.3529
1.9916,1.1925,1.6683,1.358
1.9993,1.2027,1.6632,1.3427
1.9916,1.1976,1.6709,1.3503
1.9967,1.1951,1.6632,1.3452
1.984,1.1976,1.6734,1.3529
1.9891,1.1951,1.6683,1.3503
1.984,1.2027,1.6734,1.3452
1.9916,1.1976,1.6683,1.3529
1.9891,1.2027,1.6658,1.3478
1.9865,1.19,1.676,1.3605
1.9967,1.1951,1.6607,1.3529
1.9916,1.1976,1.6683,1.3529
1.9891,1.19,1.6581,1.3605
1.9891,1.2027,1.6658,1.3503
1.9891,1.1951,1.6658,1.3605
1.9993,1.1925,1.6607,1.3554
1.984,1.1951,1.6709,1.3529
1.9967,1.1925,1.6607,1.3554
1.9865,1.2027,1.6658,1.3503
1.9814,1.19,1.6709,1.3631
1.9942,1.1951,1.6581,1.3529
1.9891,1.1951,1.6658,1.3529
1.9891,1.1951,1.6683,1.3631
1.9942,1.1976,1.6658,1.3554
1.9891,1.1951,1.6658,1.3554
1.9891,1.19,1.6632,1.3631
1.9942,1.1951,1.6632,1.358
1.9891,1.1951,1.6658,1.3554
1.9891,1.19,1.6658,1.3554
1.9891,1.1951,1.6658,1.3554
1.9891,1.1951,1.6683,1.3554
1.9891,1.19,1.6658,1.3605
1.9942,1.2002,1.6581,1.3503
1.9789,1.1951,1.6709,1.3554
1.9967,1.1951,1.6581,1.3503
1.9814,1.2027,1.6658,1.3503
1.9814,1.19,1.6734,1.3605
1.9942,1.1925,1.6581,1.3554
1.9891,1.2002,1.6734,1.3554
1.9891,1.1951,1.6658,1.3554
1.9891,1.2002,1.6632,1.3478
1.9814,1.19,1.6709,1.3631
1.9967,1.1925,1.6581,1.3529
1.9891,1.1951,1.6658,1.3554
1.9891,1.19,1.6658,1.3605
1.9891,1.2027,1.6658,1.3554
1.9891,1.1951,1.6607,1.3631
1.9942,1.2027,1.6581,1.3478
1.9865,1.1925,1.6709,1.3529
1.9891,1.1951,1.6581,1.3529
1.9891,1.2027,1.6709,1.3503
1.9891,1.19,1.6658,1.3605
1.9891,1.1951,1.6658,1.3478
1.984,1.19,1.6709,1.3605
1.9967,1.1951,1.6556,1.3554
1.9891,1.2027,1.6632,1.3554
