0.63294,2.0007,2.3769,1.4829
0.64569,1.993,2.3642,1.4855
0.64059,2.0058,2.3718,1.4804
0.64059,1.993,2.3718,1.4906
0.64569,2.0032,2.3642,1.4778
0.63294,1.9981,2.3718,1.4855
0.64059,1.9981,2.3667,1.4855
0.64059,1.9981,2.3744,1.4855
0.64059,1.993,2.3718,1.4931
0.64059,1.9981,2.3718,1.4804
0.63549,1.9981,2.3769,1.4855
0.64059,1.9879,2.3744,1.4829
0.64059,1.9956,2.3718,1.4829
0.64314,1.9956,2.3718,1.4855
0.64059,1.9905,2.3744,1.4906
0.64824,1.9981,2.3667,1.4829
0.63294,2.0032,2.3744,1.4778
0.63549,1.9879,2.382,1.4906
0.64824,1.9981,2.3693,1.4829
0.64314,1.9956,2.3744,1.4753
0.64314,1.9956,2.3769,1.4829
0.64059,1.9956,2.3744,1.4829
0.64059,2.0032,2.3744,1.4753
0.63294,1.993,2.3846,1.4855
0.64824,1.9879,2.3795,1.4804
0.64314,2.0007,2.3769,1.4753
0.63549,1.993,2.3846,1.4855
0.64824,1.9905,2.3795,1.4804
0.64314,2.0007,2.3769,1.4727
0.63804,1.9905,2.3846,1.4855
0.64824,1.9905,2.3718,1.4855
0.64059,2.0007,2.3795,1.4753
0.63549,1.9956,2.3846,1.4855
0.65079,1.9905,2.3693,1.4855
0.64314,2.0007,2.3769,1.4753
0.64059,1.9956,2.3846,1.4855
0.65079,1.993,2.3718,1.4804
0.64314,1.9956,2.3795,1.4778
0.64314,1.9879,2.3769,1.4855
0.64824,2.0007,2.3718,1.4753
0.63804,2.0032,2.3846,1.4804
0.64059,1.9879,2.3795,1.488
0.64824,1.993,2.3769,1.4829
0.64314,1.9956,2.3769,1.4804
0.64314,1.9879,2.3769,1.488
0.64824,2.0032,2.3718,1.4753
0.63549,1.9956,2.382,1.4829
0.64059,1.9905,2.3769,1.4829
0.64314,1.9956,2.3769,1.4753
0.63804,1.9956,2.382,1.4855
0.64569,1.9879,2.3769,1.488
0.64059,1.9981,2.3769,1.4753
0.63804,1.9956,2.3846,1.4829
0.64059,1.9956,2.3769,1.4829
0.64059,1.9981,2.3769,1.4753
0.63549,1.9981,2.382,1.488
0.64059,1.9879,2.3718,1.4906
0.64824,2.0032,2.3718,1.4753
0.63804,1.9956,2.3744,1.4829
0.65079,1.993,2.3718,1.4829
0.64314,2.0032,2.382,1.4753
0.64059,1.9879,2.3769,1.488
0.64824,2.0032,2.3718,1.4778
0.63804,2.0032,2.3769,1.4829
0.64059,1.9879,2.3769,1.488
0.64824,2.0032,2.3693,1.4753
0.63804,1.9981,2.382,1.4829
0.64314,1.9879,2.3744,1.4829
0.64824,1.9956,2.3769,1.4829
0.64314,1.9956,2.3769,1.4829
0.64314,1.9905,2.3744,1.488
0.64824,1.9981,2.3693,1.4778
0.63549,2.0032,2.3846,1.4829
0.64314,1.9879,2.3744,1.4906
0.64059,1.9956,2.3744,1.4855
0.64059,1.9956,2.3744,1.4829
0.64059,1.9879,2.3744,1.4906
0.64824,2.0032,2.3693,1.4778
0.63294,2.0032,2.382,1.4855
0.64059,1.9905,2.3769,1.488
0.64569,1.9981,2.3744,1.4855
0.64059,1.9981,2.3769,1.4829
0.64059,1.9905,2.3769,1.4906
0.64314,1.9981,2.3744,1.4829
0.63804,1.9981,2.382,1.4855
0.64824,1.9879,2.3718,1.4931
0.64824,2.0032,2.3693,1.4778
0.63549,1.9981,2.382,1.4855
0.64059,1.9956,2.3718,1.4855
0.64059,1.9981,2.3718,1.4804
0.63294,1.9956,2.3769,1.4855
0.64059,1.9905,2.3718,1.4906
0.64569,2.0058,2.3642,1.4804
0.63294,1.9956,2.3795,1.4931
0.64314,1.9981,2.3718,1.4855
0.64059,1.9956,2.3693,1.4855
0.64569,1.9879,2.3718,1.4957
0.64059,2.0032,2.3718,1.4829
0.63294,1.9981,2.3718,1.4906
0.64824,1.9981,2.3642,1.4829
0.63804,1.9981,2.3718,1.4906
0.64569,1.9981,2.3616,1.488
0.63294,2.0058,2.3744,1.4855
0.64059,1.993,2.3693,1.4906
0.64059,1.9956,2.3693,1.4906
0.64059,1.9956,2.3667,1.4906
0.63804,1.9905,2.3693,1.4957
0.64569,1.9981,2.3616,1.4829
0.63294,2.0007,2.3744,1.4906
0.63039,1.9905,2.3693,1.4982
0.63804,1.9981,2.3693,1.4931
0.63294,2.0032,2.3744,1.488
0.63804,1.9879,2.3667,1.4957
0.64569,2.0032,2.3616,1.4829
0.63294,2.0032,2.3744,1.4906
0.63804,1.9905,2.3693,1.4957
0.64314,1.9956,2.3616,1.4906
0.63294,2.0032,2.3744,1.4906
0.64059,1.9905,2.3667,1.4982
0.64569,1.9956,2.3616,1.4931
0.64059,2.0007,2.3667,1.4931
0.64059,1.9879,2.3667,1.4957
0.64314,1.9981,2.3616,1.4855
0.63039,2.0032,2.3718,1.4855
0.63039,1.9879,2.3667,1.4982
0.63549,1.9981,2.3667,1.4906
0.63294,1.9956,2.3744,1.4906
0.64569,1.9905,2.3693,1.4906
0.63804,2.0007,2.3693,1.4829
0.63549,1.9879,2.3769,1.4957
0.64314,1.9956,2.3693,1.4906
0.64059,1.9956,2.3718,1.4906
0.64314,1.9879,2.3718,1.4931
0.64569,1.9956,2.3642,1.4829
0.63294,1.9981,2.3769,1.488
0.63804,1.9905,2.3718,1.4957
0.64824,1.9956,2.3718,1.488
0.63294,1.9956,2.3769,1.488
0.64059,1.9879,2.3744,1.4931
0.64059,1.9956,2.3718,1.488
0.63294,1.9956,2.3769,1.488
0.64059,1.9905,2.3718,1.4931
0.64569,2.0007,2.3667,1.4804
0.63294,1.993,2.3769,1.4855
0.64059,1.9956,2.3718,1.4855
0.64314,2.0007,2.3718,1.4829
0.63549,1.9956,2.3795,1.4957
0.64569,1.993,2.3693,1.4906
0.64059,2.0032,2.3718,1.488
0.64059,1.9905,2.3718,1.4957
0.64569,2.0032,2.3642,1.4829
0.63294,2.0032,2.3769,1.488
0.63549,1.9879,2.3744,1.4931
0.64314,1.9956,2.3642,1.488
0.63804,2.0007,2.3718,1.4906
0.64059,1.9956,2.3718,1.488
0.64314,1.993,2.3642,1.4906
0.64059,2.0032,2.3718,1.4829
0.63294,1.9905,2.3769,1.4957
0.64569,1.9956,2.3642,1.4906
0.63294,2.0007,2.3744,1.4855
0.63039,1.9905,2.3769,1.4957
0.64824,1.993,2.3642,1.4906
0.64059,2.0032,2.3718,1.4906
0.63804,1.9879,2.3718,1.4906
0.64059,1.9956,2.3667,1.4931
0.63549,1.9956,2.3718,1.4906
0.64314,1.9905,2.3616,1.4906
0.64059,2.0007,2.3667,1.4906
0.64059,1.9879,2.3667,1.4982
0.64569,2.0032,2.3591,1.4855
0.63294,1.9956,2.3718,1.4906
0.64059,1.9956,2.3693,1.4931
0.64059,1.9956,2.3667,1.4855
0.63294,1.9956,2.3718,1.4906
0.64314,1.9905,2.3591,1.4982
0.64314,1.9956,2.3667,1.4855
0.63294,1.9956,2.3744,1.4931
0.63804,1.9879,2.3667,1.4982
0.64314,2.0032,2.3591,1.4855
0.63294,2.0007,2.3744,1.4906
0.63804,1.9879,2.3667,1.4982
0.64314,1.993,2.3616,1.4906
0.63804,1.9956,2.3667,1.4931
0.63804,1.993,2.3667,1.4906
0.64059,1.9956,2.3667,1.4906
0.64059,2.0007,2.3693,1.4829
0.63294,1.993,2.3744,1.488
0.64059,1.9905,2.3693,1.4906
0.64569,1.993,2.3642,1.4829
0.63294,2.0007,2.3769,1.4829
0.63549,1.9879,2.3693,1.4931
0.64569,1.993,2.3642,1.4906
0.64059,2.0007,2.3718,1.4855
0.63804,1.9956,2.3718,1.4931
0.64569,1.9956,2.3642,1.488
0.63549,2.0007,2.3693,1.4804
0.63294,1.9879,2.3769,1.4931
0.64569,1.9956,2.3667,1.4829
0.63294,1.9981,2.3769,1.4804
0.63294,1.9879,2.3795,1.4931
0.64569,1.993,2.3667,1.4906
0.64059,2.0007,2.3718,1.4855
0.64059,1.9956,2.3718,1.4957
0.64824,1.993,2.3642,1.488
0.64059,2.0007,2.3718,1.4829
0.63294,1.9879,2.382,1.4957
0.64059,1.993,2.3667,1.488
0.64059,1.9956,2.3718,1.4855
0.64314,1.9879,2.3718,1.4931
0.64314,1.993,2.3642,1.4829
0.64059,1.9981,2.3718,1.4829
0.63294,1.9854,2.3795,1.4931
0.64569,1.993,2.3667,1.488
0.63294,2.0007,2.3795,1.4829
0.64059,1.993,2.3795,1.4957
0.64569,1.993,2.3667,1.4855
0.63804,1.993,2.3718,1.488
0.63804,1.9956,2.3718,1.4855
0.64314,1.993,2.3718,1.488
0.64059,1.9981,2.3718,1.4804
0.63549,1.9879,2.3795,1.4957
0.64569,1.9854,2.3667,1.488
0.64059,1.9981,2.3718,1.4829
0.63294,1.9956,2.3718,1.488
0.64569,1.9854,2.3642,1.488
0.64059,1.993,2.3718,1.488
0.63294,1.993,2.3744,1.4906
0.64059,1.993,2.3693,1.4906
0.64059,2.0007,2.3718,1.4829
0.63294,1.993,2.3769,1.4957
0.64569,1.9879,2.3616,1.488
0.64059,2.0007,2.3693,1.4829
0.63294,1.9956,2.3718,1.4906
0.63804,1.993,2.3693,1.4906
0.63804,1.9956,2.3693,1.4855
0.63549,1.9956,2.3744,1.4931
0.63804,1.9879,2.3693,1.4906
0.64059,2.0007,2.3667,1.4855
0.64059,1.9956,2.3744,1.4931
0.63804,1.993,2.3667,1.4931
0.63804,1.9981,2.3667,1.488
0.63294,1.9956,2.3718,1.5008
0.64314,1.9879,2.3616,1.4931
0.64059,2.0007,2.3642,1.4906
0.63294,1.993,2.3718,1.4931
0.63804,1.9956,2.3616,1.4931
0.63804,2.0007,2.3718,1.4906
0.63294,1.993,2.3718,1.4982
0.64314,1.993,2.3565,1.4957
0.63804,2.0007,2.3642,1.4906
0.63804,1.9879,2.3642,1.5008
0.63804,1.993,2.3616,1.4906
0.63039,1.9879,2.3718,1.4957
0.64314,1.9879,2.3565,1.4957
0.63804,1.9905,2.3616,1.4957
0.63804,1.9879,2.3642,1.5033
0.64314,1.9981,2.3565,1.488
0.63039,1.993,2.3693,1.4957
0.64314,1.993,2.3565,1.4957
0.63549,2.0007,2.3693,1.4906
0.63549,1.9879,2.3616,1.4982
0.63549,1.993,2.3616,1.4982
0.63039,1.993,2.3693,1.5033
0.64314,1.9879,2.354,1.4957
0.63804,2.0007,2.3616,1.4957
0.63804,1.993,2.3591,1.5059
0.64314,1.9956,2.3515,1.4931
0.62784,1.9956,2.3642,1.5008
0.63804,1.993,2.3591,1.4982
0.63549,1.9981,2.3565,1.4957
0.63039,1.9956,2.3565,1.5084
0.64314,1.993,2.3489,1.5008
0.63549,1.9956,2.3565,1.4982
0.63549,1.9879,2.3489,1.5059
0.64314,2.0007,2.3515,1.4957
0.63039,1.9956,2.3616,1.5033
0.63294,1.993,2.3565,1.5033
0.63549,1.9981,2.3515,1.4957
0.62784,1.993,2.3515,1.5033
0.63549,1.993,2.3515,1.5033
0.63294,2.0007,2.3515,1.4982
0.62529,1.9956,2.3515,1.5059
0.64059,1.9956,2.3489,1.5033
0.63294,2.0032,2.3515,1.5033
0.63294,1.9956,2.3515,1.511
0.64314,1.993,2.3464,1.5059
0.63549,2.0007,2.3515,1.4982
0.62784,1.9956,2.3565,1.511
0.63294,1.9879,2.3489,1.511
0.63549,1.9956,2.3515,1.4982
0.62784,1.9879,2.354,1.511
0.64314,1.9879,2.3438,1.5135
0.63549,2.0007,2.3515,1.5059
0.63549,1.993,2.354,1.511
0.63294,1.9905,2.3515,1.4982
0.62784,1.9956,2.3616,1.5059
0.64059,1.9905,2.3464,1.5033
0.62784,2.0007,2.3591,1.4957
0.63039,1.9854,2.3616,1.5059
0.64314,1.993,2.3489,1.5008
0.63549,1.9981,2.354,1.5008
0.63549,1.9905,2.354,1.5008
0.63549,1.9854,2.3489,1.5008
0.63549,1.9981,2.354,1.4931
0.63549,1.993,2.3515,1.5059
0.64059,1.993,2.3515,1.4982
0.63039,1.993,2.3616,1.5008
0.64314,1.9854,2.3489,1.5059
0.63804,1.9981,2.3515,1.4931
0.63549,1.993,2.3515,1.5084
0.64314,1.993,2.3464,1.5008
0.63549,1.9981,2.354,1.5008
0.63039,1.9905,2.354,1.5008
0.63549,1.9905,2.354,1.4982
0.63549,2.0007,2.354,1.4931
0.63039,1.9905,2.3616,1.4982
0.64314,1.9854,2.3464,1.5059
0.64059,2.0007,2.3489,1.4957
0.62784,1.9905,2.354,1.5008
0.63294,1.993,2.3515,1.5008
0.63549,1.9981,2.3515,1.4957
0.63039,1.9879,2.3616,1.5084
0.64314,1.993,2.3464,1.5008
0.63804,1.9981,2.3616,1.4957
0.62784,1.9879,2.3616,1.5059
0.64314,1.993,2.3489,1.5008
0.63804,2.0007,2.3515,1.4931
0.63039,1.9879,2.3616,1.5059
0.64314,1.9854,2.3489,1.5008
0.63804,1.9981,2.354,1.4957
0.63804,1.993,2.3565,1.4957
0.64314,1.9905,2.3489,1.4982
0.63549,1.9981,2.3616,1.4906
0.63294,1.9854,2.3616,1.5008
0.64314,1.993,2.3515,1.4957
0.63804,1.9905,2.3591,1.4906
0.63039,1.9956,2.3591,1.4957
0.63804,1.993,2.3565,1.4957
0.64059,1.993,2.3565,1.4906
0.63039,1.993,2.3642,1.4957
0.63804,1.9854,2.3591,1.5008
0.64314,1.9981,2.354,1.4906
0.63804,1.993,2.3642,1.4931
0.63804,1.9956,2.3591,1.4957
0.63804,1.9981,2.3565,1.4906
0.63039,1.993,2.3565,1.4957
0.64314,1.993,2.3515,1.4957
0.64059,2.0007,2.3642,1.4906
0.63294,1.9854,2.3642,1.5033
0.64314,1.9905,2.354,1.4957
0.63804,1.993,2.3616,1.4957
0.64059,1.9956,2.3591,1.5033
0.64314,1.9956,2.354,1.4931
0.63804,1.9981,2.3591,1.488
0.63039,1.9854,2.3667,1.4982
0.64314,1.993,2.354,1.4931
0.63294,1.9956,2.3667,1.4931
0.64569,1.9879,2.354,1.4906
0.64059,1.9981,2.3616,1.4931
0.63804,1.993,2.3616,1.4982
0.64569,1.993,2.3565,1.4855
0.64314,1.9981,2.3616,1.4829
0.63294,1.9854,2.3693,1.4957
0.64569,1.993,2.3616,1.488
0.63804,1.9981,2.3642,1.4829
0.63039,1.993,2.3718,1.4906
0.64569,1.9854,2.3642,1.4982
0.64569,1.9981,2.3591,1.4829
0.63549,1.993,2.3718,1.4906
0.63804,1.9854,2.3667,1.4931
0.64059,1.9981,2.3667,1.4829
0.63294,1.993,2.3718,1.4957
0.64569,1.9956,2.3591,1.4906
0.64059,1.9905,2.3642,1.488
0.63804,1.9854,2.3642,1.4957
0.64569,1.9981,2.3616,1.4829
0.63294,1.993,2.3718,1.4957
0.64569,1.9854,2.3591,1.4906
0.64059,1.9981,2.3667,1.4829
0.63804,1.993,2.3642,1.4931
0.63804,1.993,2.3642,1.4931
0.64059,1.9981,2.3642,1.4855
0.63294,1.9905,2.3718,1.4957
0.64314,1.9854,2.3642,1.4931
0.64314,1.993,2.3616,1.4829
0.63294,1.993,2.3693,1.4906
0.63804,1.9854,2.3667,1.4957
0.64059,1.9981,2.3667,1.4829
0.63294,1.9905,2.3616,1.488
0.64059,1.9905,2.3667,1.4931
0.64059,1.9981,2.3616,1.4829
0.63039,1.9879,2.3718,1.4957
0.64314,1.9854,2.3591,1.4906
0.64059,2.0007,2.3667,1.4855
0.63294,1.9905,2.3718,1.4906
0.64569,1.9854,2.3642,1.4906
0.64059,2.0007,2.3642,1.4829
0.63294,1.993,2.3693,1.4906
0.64059,1.993,2.3667,1.4931
0.64059,1.993,2.3642,1.4855
0.63549,1.9956,2.3718,1.4931
0.63804,1.993,2.3642,1.4931
0.64059,1.993,2.3616,1.4855
0.63039,1.9956,2.3693,1.4906
0.63804,1.9879,2.3642,1.4906
0.64569,1.9981,2.3591,1.4855
0.63294,1.993,2.3693,1.4906
0.63804,1.9879,2.3642,1.4982
0.64569,1.9981,2.3591,1.4829
0.63549,1.993,2.3718,1.4906
0.64059,1.9854,2.3616,1.4957
0.64569,1.993,2.3616,1.4931
0.63294,1.993,2.3718,1.4906
0.63804,1.9879,2.3667,1.4957
0.64569,1.9981,2.3591,1.4906
0.63804,1.993,2.3642,1.4906
0.63804,1.9854,2.3667,1.4957
0.64569,1.993,2.3591,1.4906
0.64059,2.0007,2.3667,1.4906
0.63549,1.993,2.3667,1.4957
0.64059,1.9956,2.3616,1.4906
0.63804,2.0007,2.3718,1.4855
0.63294,1.993,2.3718,1.4957
0.64569,1.9879,2.3591,1.4906
0.64059,1.9981,2.3693,1.4829
0.63294,1.9905,2.3744,1.4957
0.64569,1.9854,2.3616,1.488
0.64314,1.9981,2.3693,1.4855
0.64059,1.9905,2.3718,1.4931
0.64824,1.993,2.3667,1.4804
0.63294,1.9981,2.3795,1.4778
0.63294,1.9854,2.3795,1.4931
0.64824,1.9905,2.3667,1.4855
0.64059,1.9905,2.3718,1.4829
0.64059,1.9905,2.3744,1.488
0.64569,1.993,2.3693,1.4778
0.63549,1.9981,2.3795,1.4855
0.64059,1.9854,2.3769,1.4906
0.64059,1.9905,2.3693,1.4829
0.64059,1.9879,2.3744,1.4829
0.64314,1.9854,2.3769,1.488
0.64824,1.9981,2.3693,1.4778
0.63804,1.9905,2.382,1.4855
0.64314,1.9854,2.3744,1.4804
0.64314,1.9905,2.3769,1.4829
0.64314,1.9905,2.3769,1.4829
0.64059,1.9854,2.3769,1.488
0.64824,1.9879,2.3769,1.4829
0.63549,1.9981,2.382,1.4727
0.64059,1.9879,2.3769,1.4829
0.64824,1.9905,2.3693,1.4829
0.64314,1.9905,2.3769,1.4804
0.64314,1.9854,2.3744,1.488
0.64824,1.9981,2.3718,1.4753
0.63804,1.9905,2.382,1.4829
0.64824,1.9854,2.3693,1.488
0.64314,1.9981,2.3769,1.4753
0.64314,1.9905,2.3769,1.4804
0.64824,1.9905,2.3718,1.4829
0.63549,1.9981,2.382,1.4829
0.64059,1.9854,2.3744,1.4804
0.64314,1.9981,2.3744,1.4753
0.63549,1.9854,2.382,1.4906
0.64824,1.9854,2.3693,1.4829
0.64059,1.993,2.3718,1.4829
0.64314,1.9905,2.3744,1.4906
0.64569,1.9905,2.3693,1.4778
0.63804,1.9981,2.3795,1.4855
0.64059,1.9854,2.3744,1.4829
0.64314,1.9905,2.3744,1.4855
0.63549,1.9905,2.3795,1.4855
0.64314,1.9854,2.3667,1.4906
0.64824,1.9981,2.3667,1.4778
0.63549,1.9981,2.3795,1.4855
0.64059,1.9854,2.3744,1.4906
0.64569,1.993,2.3744,1.4829
0.64059,1.993,2.3718,1.4855
0.64314,1.9854,2.3718,1.4906
0.64569,1.9879,2.3642,1.4829
0.63804,1.9981,2.3718,1.4855
0.64059,1.993,2.3718,1.4931
0.64314,1.9905,2.3667,1.4804
0.64059,2.0007,2.3693,1.4804
0.64059,1.9905,2.3718,1.4957
0.64824,1.993,2.3642,1.488
0.64059,1.9981,2.3693,1.4855
0.64059,1.9905,2.3693,1.4906
0.64569,1.9905,2.3616,1.4855
0.63294,1.9981,2.3744,1.4906
0.64059,1.9854,2.3667,1.488
0.64059,1.993,2.3693,1.4804
0.63294,1.9956,2.3744,1.488
0.64059,1.9879,2.3693,1.488
0.64059,1.993,2.3667,1.4829
0.63294,1.993,2.3744,1.4957
0.64059,1.9879,2.3616,1.4957
0.64569,1.993,2.3693,1.488
0.64059,1.993,2.3693,1.488
0.63804,1.9854,2.3693,1.4957
