3.0113,0.87899,2.0226,1.6461
3.0036,0.87389,2.0277,1.6538
3.0113,0.86879,2.0277,1.6512
2.9985,0.87134,2.0354,1.6538
3.0113,0.86624,2.0226,1.6538
3.0062,0.87899,2.0277,1.6538
3.0036,0.86624,2.0277,1.6589
3.0036,0.87899,2.0277,1.6461
3.0062,0.87389,2.0277,1.6614
3.0087,0.87134,2.0226,1.6461
2.996,0.87389,2.0354,1.6538
3.0036,0.87134,2.0303,1.6538
3.0036,0.87899,2.0354,1.6487
3.0036,0.86624,2.0303,1.6538
3.0036,0.87644,2.0277,1.6487
2.9985,0.86624,2.0354,1.6614
3.0036,0.87644,2.0303,1.6487
3.0036,0.86624,2.0303,1.6538
3.0062,0.87899,2.0303,1.6487
3.0036,0.86879,2.0277,1.6589
3.0087,0.87644,2.0226,1.6487
3.0062,0.87134,2.0328,1.6614
3.0087,0.87134,2.0277,1.6563
2.9985,0.86624,2.0379,1.6614
3.0036,0.87134,2.0252,1.6563
2.996,0.86879,2.0354,1.6563
3.0087,0.87134,2.0252,1.6563
2.996,0.87134,2.0379,1.6563
3.0087,0.86624,2.0252,1.6538
3.0036,0.87134,2.0303,1.6563
3.0087,0.86369,2.0328,1.6563
2.996,0.87899,2.0354,1.6563
3.0036,0.87134,2.0303,1.6614
3.0036,0.87134,2.0303,1.6512
3.0036,0.86624,2.0328,1.6614
3.0036,0.87134,2.0303,1.6512
2.9985,0.87134,2.0379,1.6563
3.0036,0.87134,2.0226,1.6563
2.9985,0.87644,2.0354,1.6487
3.0036,0.86624,2.0303,1.6614
3.0036,0.87899,2.0303,1.6487
3.0036,0.86624,2.0303,1.6614
3.0036,0.87899,2.0303,1.6461
3.0062,0.87389,2.0354,1.6589
3.0036,0.87134,2.0277,1.6461
2.9985,0.86624,2.0379,1.6589
3.0036,0.87134,2.0303,1.6461
2.9985,0.86624,2.0354,1.6589
3.0036,0.87389,2.0277,1.6512
2.996,0.86624,2.0354,1.6589
3.0087,0.87134,2.0252,1.6563
2.996,0.87134,2.0379,1.6512
3.0087,0.87389,2.0252,1.6512
2.9985,0.87389,2.0354,1.6538
3.0036,0.87389,2.0303,1.6512
2.996,0.88154,2.0354,1.6538
3.0036,0.87389,2.0303,1.6512
3.0036,0.87389,2.0277,1.6512
3.0138,0.87644,2.0226,1.6512
3.0036,0.87389,2.0354,1.6512
3.0087,0.86879,2.0226,1.6487
3.0062,0.87389,2.0277,1.6512
3.0138,0.87134,2.0226,1.6487
3.0087,0.87389,2.0252,1.6487
3.0087,0.86879,2.0201,1.6487
3.0036,0.87389,2.0303,1.6589
3.0113,0.86879,2.0201,1.6487
3.0087,0.88154,2.0354,1.6487
3.0062,0.87644,2.0277,1.6487
3.0011,0.88154,2.0354,1.6487
3.0062,0.87644,2.0277,1.6461
3.0011,0.88409,2.0354,1.6487
3.0062,0.87134,2.0226,1.6461
3.0087,0.87644,2.0252,1.6461
3.0113,0.87899,2.0201,1.6461
3.0087,0.87644,2.0277,1.6436
3.0138,0.87134,2.0226,1.6436
3.0087,0.87644,2.0277,1.6436
3.0138,0.87134,2.0226,1.6436
3.0087,0.88664,2.0252,1.641
3.0087,0.87389,2.0252,1.6512
3.0164,0.88664,2.0252,1.6385
3.0062,0.87899,2.0252,1.6487
3.0113,0.88664,2.0226,1.6385
3.0036,0.87389,2.0328,1.6512
3.0138,0.87644,2.0201,1.6436
3.0062,0.88154,2.0328,1.6436
3.0113,0.87389,2.0277,1.6487
3.0087,0.88664,2.0252,1.6436
3.0087,0.87389,2.0277,1.6436
3.0011,0.88664,2.0328,1.6385
3.0087,0.87389,2.0277,1.6461
3.0087,0.88409,2.0252,1.6359
3.0087,0.87389,2.0277,1.6538
3.0138,0.88664,2.0252,1.6385
3.0087,0.87389,2.0252,1.6487
3.0138,0.88664,2.0226,1.6385
3.0087,0.87899,2.0277,1.6512
3.0113,0.88664,2.0201,1.6385
3.0011,0.88154,2.0328,1.6436
3.0113,0.88154,2.0201,1.6359
2.9985,0.87644,2.0354,1.6436
3.0087,0.87899,2.0277,1.6461
3.0062,0.87899,2.0277,1.6436
3.0062,0.87389,2.0226,1.6487
3.0087,0.88664,2.0303,1.641
3.0062,0.87899,2.0277,1.6512
3.0087,0.87899,2.0277,1.6385
3.0011,0.88154,2.0354,1.6512
3.0087,0.87644,2.0226,1.6436
3.0011,0.87899,2.0354,1.6436
3.0138,0.87389,2.0252,1.6436
3.0062,0.88154,2.0277,1.6436
3.0113,0.87134,2.0277,1.6538
3.0113,0.87899,2.0303,1.6385
2.9985,0.87134,2.0354,1.6487
3.0113,0.87899,2.0226,1.6461
3.0062,0.88154,2.0277,1.6461
3.0138,0.87389,2.0277,1.6512
3.0062,0.87899,2.0277,1.6461
3.0062,0.87389,2.0303,1.6538
3.0113,0.88664,2.0226,1.6385
2.9985,0.87389,2.0354,1.6512
3.0113,0.87644,2.0226,1.6461
3.0062,0.87644,2.0354,1.6461
3.0113,0.87134,2.0226,1.6512
3.0062,0.88409,2.0277,1.6461
3.0062,0.87134,2.0277,1.6512
3.0113,0.88409,2.0252,1.6385
2.9985,0.87899,2.0354,1.6487
3.0113,0.87644,2.0226,1.6461
2.9985,0.87644,2.0354,1.6461
3.0138,0.86879,2.0226,1.6436
3.0062,0.87644,2.0303,1.6487
3.0062,0.86879,2.0303,1.6538
3.0062,0.88154,2.0303,1.6461
3.0062,0.87134,2.0303,1.6563
3.0062,0.88154,2.0277,1.641
3.0062,0.87644,2.0303,1.6563
3.0113,0.88154,2.0252,1.6436
3.0036,0.87389,2.0328,1.6563
3.0113,0.88154,2.0226,1.6436
2.9985,0.87389,2.0379,1.6512
3.0087,0.87389,2.0226,1.6512
2.996,0.87389,2.0354,1.6512
3.0036,0.87389,2.0328,1.6512
2.996,0.88154,2.0405,1.6512
3.0036,0.87389,2.0328,1.6538
3.0062,0.88154,2.0328,1.6461
3.0036,0.86624,2.0303,1.6589
3.0113,0.88154,2.0252,1.6436
3.0062,0.87134,2.0303,1.6512
3.0087,0.87389,2.0252,1.6487
2.996,0.87389,2.0379,1.6512
3.0087,0.87389,2.0252,1.6512
2.996,0.87899,2.0354,1.6538
3.0036,0.87389,2.0328,1.6512
3.0036,0.88154,2.0303,1.6461
3.0036,0.86624,2.0303,1.6512
3.0036,0.87899,2.0303,1.6512
3.0036,0.86624,2.0328,1.6589
3.0087,0.87899,2.0303,1.6461
3.0036,0.87389,2.0277,1.6614
3.0087,0.87899,2.0252,1.6461
2.996,0.87134,2.0354,1.6538
3.0087,0.87389,2.0252,1.6461
2.996,0.87389,2.0354,1.6538
3.0087,0.87134,2.0252,1.6538
2.996,0.87389,2.0354,1.6538
3.0087,0.87134,2.0252,1.6538
3.0062,0.87134,2.0303,1.6538
3.0087,0.86624,2.0252,1.6512
3.0036,0.88154,2.0303,1.6512
3.0087,0.86624,2.0277,1.6563
3.0011,0.87899,2.0303,1.6461
3.0036,0.87389,2.0328,1.6563
3.0087,0.87899,2.0252,1.6461
2.996,0.87389,2.0328,1.6538
3.0087,0.87389,2.0226,1.6538
2.9985,0.87389,2.0354,1.6512
3.0036,0.87389,2.0226,1.6538
2.996,0.87899,2.0379,1.6487
3.0036,0.87134,2.0277,1.6487
3.0036,0.88154,2.0303,1.641
3.0036,0.86879,2.0303,1.6563
3.0036,0.87644,2.0252,1.6436
2.9985,0.86624,2.0328,1.6563
3.0113,0.87644,2.0226,1.6436
2.9985,0.87389,2.0354,1.6487
3.0036,0.87389,2.0277,1.6487
3.0062,0.88154,2.0303,1.6436
3.0062,0.87134,2.0277,1.6538
3.0062,0.87644,2.0277,1.6436
2.9985,0.87134,2.0354,1.6538
3.0062,0.87644,2.0277,1.641
3.0011,0.87134,2.0354,1.6538
3.0036,0.87644,2.0252,1.641
2.9985,0.87134,2.0328,1.6563
3.0113,0.87644,2.0226,1.6487
2.9985,0.87644,2.0354,1.6538
3.0113,0.87389,2.0226,1.6487
2.9985,0.87644,2.0354,1.6487
3.0113,0.87134,2.0252,1.6487
3.0062,0.87644,2.0303,1.6487
3.0087,0.86879,2.0226,1.6538
2.9985,0.88154,2.0354,1.6436
3.0036,0.86879,2.0252,1.6563
3.0036,0.88154,2.0354,1.6436
3.0036,0.87389,2.0277,1.6512
3.0036,0.87899,2.0277,1.6436
3.0036,0.86879,2.0303,1.6512
3.0036,0.88154,2.0303,1.6461
3.0011,0.86624,2.0303,1.6589
3.0036,0.87389,2.0303,1.6461
2.996,0.86879,2.0354,1.6589
3.0036,0.87389,2.0303,1.6512
2.9985,0.87389,2.0354,1.6512
3.0087,0.87389,2.0226,1.6538
3.0036,0.87389,2.0303,1.6487
3.0036,0.86624,2.0277,1.6589
3.0036,0.88154,2.0303,1.6538
3.0036,0.86624,2.0252,1.6589
3.0036,0.87644,2.0303,1.6538
3.0036,0.86624,2.0277,1.6563
3.0011,0.88154,2.0277,1.6461
3.0036,0.86624,2.0277,1.6563
3.0036,0.88154,2.0303,1.6487
3.0036,0.86624,2.0303,1.6512
3.0036,0.88154,2.0328,1.6436
3.0011,0.86879,2.0303,1.6589
3.0036,0.88154,2.0303,1.6461
3.0036,0.86624,2.0303,1.6512
3.0036,0.87899,2.0303,1.6461
3.0036,0.86879,2.0303,1.6589
3.0036,0.88154,2.0303,1.6461
3.0011,0.86624,2.0303,1.6589
2.996,0.88154,2.0354,1.6461
3.0036,0.87134,2.0303,1.6589
3.0036,0.87389,2.0303,1.6487
3.0011,0.86624,2.0303,1.6589
3.0011,0.88154,2.0303,1.6487
3.0011,0.86879,2.0303,1.6512
3.0036,0.87899,2.0354,1.6436
3.0011,0.86879,2.0303,1.6589
3.0036,0.88154,2.0303,1.6512
3.0011,0.87389,2.0277,1.6589
3.0087,0.87134,2.0303,1.6538
2.996,0.86624,2.0354,1.6589
3.0036,0.87389,2.0252,1.6487
2.996,0.87389,2.0354,1.6538
3.0087,0.87134,2.0226,1.6538
2.996,0.87134,2.0379,1.6538
3.0087,0.87389,2.0252,1.6512
2.996,0.87389,2.0354,1.6589
3.0087,0.87389,2.0252,1.6512
2.996,0.87389,2.0354,1.6512
3.0087,0.87134,2.0226,1.6512
2.9985,0.87389,2.0379,1.6487
3.0087,0.87389,2.0226,1.6487
2.9985,0.87389,2.0379,1.6512
3.0087,0.87389,2.0252,1.6487
2.996,0.87389,2.0354,1.6461
3.0113,0.87644,2.0277,1.6487
2.996,0.87389,2.0277,1.6487
3.0087,0.88154,2.0226,1.641
3.0036,0.87389,2.0277,1.6563
3.0036,0.87389,2.0277,1.6436
2.996,0.87644,2.0277,1.6538
3.0087,0.88154,2.0252,1.641
3.0062,0.87644,2.0303,1.6538
3.0113,0.88154,2.0252,1.641
3.0036,0.87389,2.0277,1.6512
3.0113,0.88409,2.0226,1.641
2.9985,0.87899,2.0277,1.6461
3.0113,0.87644,2.0226,1.6461
2.996,0.87134,2.0354,1.6538
3.0062,0.87644,2.0303,1.6385
2.996,0.87134,2.0354,1.6487
3.0062,0.87644,2.0277,1.6359
2.9985,0.87644,2.0354,1.6487
3.0062,0.87644,2.0277,1.6436
2.9985,0.87899,2.0354,1.6487
3.0113,0.87899,2.0226,1.6436
3.0062,0.87899,2.0277,1.641
3.0087,0.87899,2.0201,1.6359
2.9985,0.87899,2.0354,1.6436
3.0062,0.87644,2.0277,1.6436
2.9985,0.88664,2.0354,1.6436
3.0062,0.87899,2.0277,1.6436
3.0011,0.88664,2.0277,1.6385
3.0036,0.87134,2.0252,1.6487
3.0062,0.88409,2.0277,1.6359
2.9985,0.87899,2.0277,1.6487
3.0113,0.88664,2.0226,1.6359
3.0036,0.87899,2.0277,1.641
3.0113,0.87899,2.0201,1.6359
3.0062,0.87899,2.0277,1.641
3.0113,0.87644,2.0226,1.6359
2.9985,0.88154,2.0354,1.6461
3.0087,0.87899,2.0201,1.6436
2.9985,0.87899,2.0354,1.6436
3.0062,0.87644,2.0277,1.6461
2.9985,0.88409,2.0354,1.6385
3.0062,0.87134,2.0277,1.6461
3.0062,0.88409,2.0277,1.6385
3.0036,0.86879,2.0303,1.6538
3.0062,0.88409,2.0277,1.641
2.9985,0.87134,2.0277,1.6538
3.0036,0.87389,2.0277,1.6385
2.996,0.86879,2.0354,1.6538
3.0087,0.87644,2.0277,1.6461
2.996,0.86879,2.0354,1.6461
3.0087,0.87644,2.0277,1.6487
2.9985,0.87644,2.0354,1.6538
3.0113,0.87644,2.0226,1.6487
3.0036,0.87389,2.0354,1.6461
3.0113,0.86879,2.0226,1.6538
3.0036,0.88154,2.0277,1.6436
3.0036,0.87644,2.0277,1.6563
3.0113,0.87899,2.0226,1.641
2.996,0.87389,2.0277,1.6487
3.0087,0.88154,2.0201,1.6512
2.996,0.87644,2.0354,1.6487
3.0087,0.87134,2.0252,1.6487
3.0036,0.87389,2.0303,1.6487
3.0113,0.86624,2.0252,1.6512
3.0036,0.87389,2.0303,1.6487
3.0036,0.86624,2.0226,1.6512
3.0036,0.87899,2.0303,1.6487
3.0087,0.86624,2.0303,1.6589
3.0036,0.87644,2.0303,1.6487
3.0011,0.86369,2.0277,1.6589
3.0036,0.87644,2.0303,1.6538
3.0011,0.86624,2.0303,1.6589
3.0011,0.87644,2.0303,1.6487
3.0036,0.87134,2.0303,1.6589
3.0087,0.87644,2.0252,1.6461
3.0011,0.87389,2.0379,1.6538
3.0087,0.87644,2.0226,1.6461
2.996,0.87134,2.0354,1.6538
3.0087,0.87134,2.0252,1.6461
2.996,0.87644,2.0328,1.6538
3.0087,0.86369,2.0252,1.6538
3.0011,0.87644,2.0328,1.6563
2.9985,0.86369,2.0303,1.6614
3.0087,0.87644,2.0252,1.6487
2.996,0.86879,2.0379,1.6614
2.9985,0.86879,2.0328,1.6563
2.996,0.86879,2.0405,1.664
3.0011,0.86879,2.0328,1.6563
2.9934,0.86879,2.0379,1.664
2.9985,0.86624,2.0252,1.6563
2.9909,0.86369,2.0379,1.664
2.9985,0.86879,2.0328,1.6589
2.9909,0.86114,2.0379,1.664
2.9985,0.86879,2.0328,1.6538
2.9934,0.86369,2.0379,1.6665
2.9985,0.86879,2.0328,1.6512
2.9909,0.86369,2.0379,1.664
2.9985,0.86624,2.0328,1.6563
2.9909,0.86624,2.0405,1.6589
3.0062,0.86879,2.0252,1.6563
2.9909,0.87389,2.0379,1.6563
2.9985,0.86369,2.0252,1.6589
2.9985,0.86879,2.0328,1.6563
2.9985,0.86369,2.0303,1.6665
2.9985,0.87134,2.0303,1.6589
2.9985,0.86879,2.0303,1.6563
3.0062,0.87644,2.0252,1.6538
2.9909,0.86624,2.0379,1.6563
3.0062,0.86624,2.0226,1.6589
2.9934,0.86879,2.0379,1.6589
3.0087,0.86369,2.0252,1.6589
2.9909,0.86879,2.0379,1.6563
3.0062,0.86624,2.0277,1.6563
2.9909,0.86879,2.0354,1.6665
3.0036,0.86879,2.0252,1.6589
2.9909,0.86879,2.0354,1.6563
2.9985,0.86624,2.0252,1.6589
2.9934,0.86624,2.0354,1.664
2.9985,0.86624,2.0303,1.6589
2.9909,0.86879,2.0379,1.6589
2.9985,0.86624,2.0328,1.6589
2.9934,0.87389,2.0379,1.6589
2.9985,0.86114,2.0303,1.6589
2.9985,0.87644,2.0328,1.6589
3.0011,0.86114,2.0303,1.6665
2.9985,0.87389,2.0328,1.6538
3.0062,0.86114,2.0328,1.6665
2.9985,0.86624,2.0277,1.6589
3.0062,0.86114,2.0252,1.6589
3.0011,0.86624,2.0303,1.6563
3.0011,0.86879,2.0303,1.6614
2.9934,0.87389,2.0354,1.6614
2.9985,0.86624,2.0303,1.6589
2.9934,0.87134,2.0379,1.6614
3.0062,0.86624,2.0252,1.6589
2.9985,0.86624,2.0405,1.6563
3.0036,0.87134,2.0252,1.6512
2.9985,0.86624,2.0379,1.664
2.9985,0.86624,2.0328,1.6589
2.996,0.86114,2.0354,1.6665
3.0036,0.86624,2.0328,1.6589
2.9934,0.86879,2.0354,1.664
3.0036,0.86624,2.0303,1.6589
2.9909,0.86879,2.0328,1.6563
3.0062,0.86879,2.0226,1.6589
2.996,0.86879,2.0379,1.6589
3.0062,0.86879,2.0303,1.6589
2.9934,0.86624,2.0379,1.6665
3.0087,0.86624,2.0252,1.6589
2.9934,0.86624,2.0379,1.6665
2.996,0.86624,2.0328,1.6589
2.9934,0.86624,2.0328,1.6589
3.0062,0.87389,2.0252,1.6538
2.9985,0.86879,2.0303,1.6665
3.0062,0.86879,2.0252,1.6538
2.9985,0.86624,2.0405,1.6665
2.9985,0.87134,2.0303,1.6512
2.9985,0.86114,2.0328,1.6665
2.9985,0.87134,2.0328,1.6538
2.9985,0.86114,2.0328,1.6665
2.996,0.87134,2.0328,1.6538
2.9985,0.86369,2.0303,1.6665
2.9985,0.87134,2.0328,1.6563
2.9985,0.85859,2.0303,1.6665
3.0036,0.87389,2.0303,1.6538
2.9985,0.86624,2.0328,1.6691
3.0036,0.87134,2.0277,1.6563
2.9985,0.86114,2.0303,1.6665
3.0036,0.87389,2.0252,1.6538
2.9985,0.86624,2.0303,1.6665
3.0036,0.87134,2.0252,1.6538
2.9909,0.85859,2.0379,1.6665
3.0036,0.86624,2.0303,1.6589
2.9909,0.86624,2.0379,1.664
3.0036,0.86369,2.0252,1.6589
2.9985,0.86624,2.0303,1.6589
3.0062,0.86114,2.0252,1.6589
2.996,0.86624,2.0303,1.6589
2.996,0.86114,2.0354,1.6691
2.9985,0.87389,2.0379,1.6563
2.9909,0.85859,2.0405,1.664
2.9985,0.86624,2.0277,1.6589
2.9909,0.86114,2.0379,1.664
3.0062,0.86624,2.0277,1.6589
2.9934,0.86879,2.0354,1.6589
3.0036,0.86114,2.0252,1.6589
2.9985,0.87389,2.0303,1.6589
2.9985,0.86114,2.0252,1.6665
2.9985,0.87134,2.0303,1.6538
2.9985,0.86624,2.0328,1.6589
3.0062,0.86624,2.0252,1.6538
2.9934,0.86624,2.0354,1.6589
2.9985,0.86624,2.0303,1.6589
2.9985,0.87389,2.0303,1.6538
2.9985,0.86114,2.0303,1.6665
2.9985,0.86624,2.0252,1.6538
2.9909,0.86624,2.0303,1.6589
3.0062,0.86369,2.0252,1.6538
2.9934,0.86369,2.0354,1.6589
2.9985,0.86624,2.0252,1.6589
2.9909,0.87134,2.0405,1.6538
2.9985,0.86624,2.0303,1.664
2.996,0.86369,2.0328,1.6563
2.9909,0.85859,2.0379,1.664
3.0036,0.86624,2.0303,1.6589
2.9883,0.86624,2.0354,1.6665
3.0062,0.86624,2.0252,1.6614
2.996,0.86624,2.0277,1.6589
3.0036,0.86114,2.0303,1.6665
2.996,0.87134,2.0328,1.6538
2.996,0.86624,2.0328,1.664
3.0036,0.86369,2.0252,1.6538
2.9985,0.86624,2.0354,1.6589
3.0062,0.86624,2.0303,1.6589
2.9909,0.86114,2.0379,1.6665
2.996,0.86369,2.0328,1.6614
2.9909,0.86624,2.0379,1.6665
2.996,0.86369,2.0303,1.6589
2.9883,0.86114,2.0405,1.6691
2.996,0.86369,2.0328,1.6538
2.9909,0.86114,2.0379,1.6665
2.996,0.86624,2.0328,1.6538
2.9909,0.86114,2.0328,1.6665
2.9985,0.87134,2.0303,1.6538
2.9883,0.86114,2.0354,1.6665
3.0036,0.87389,2.0252,1.6538
2.9909,0.86624,2.0328,1.6589
3.0036,0.86624,2.0252,1.6538
2.9909,0.86624,2.0354,1.6589
2.996,0.86624,2.0252,1.6589
2.9883,0.87134,2.0303,1.6614
3.0036,0.86114,2.0328,1.6691
2.996,0.86369,2.0303,1.6614
3.0036,0.86114,2.0328,1.6665
2.996,0.87134,2.0328,1.6614
2.996,0.86114,2.0328,1.6665
3.0036,0.86879,2.0252,1.6563
2.9985,0.86624,2.0303,1.6589
