2.0528,1.5061,4.7755,3.4362
2.0426,1.4985,4.7883,3.4413
2.0502,1.4959,4.7806,3.4464
2.0528,1.4985,4.7755,3.4413
2.0477,1.501,4.7806,3.4438
2.0401,1.501,4.7883,3.4413
2.0477,1.4985,4.7857,3.4438
2.0452,1.4959,4.7832,3.4362
2.0477,1.4985,4.7832,3.4438
2.0477,1.4985,4.7832,3.4489
2.0528,1.4985,4.7806,3.4413
2.0452,1.5061,4.7857,3.4387
2.0426,1.501,4.7908,3.4413
2.0502,1.4934,4.7857,3.4489
2.0528,1.4985,4.7781,3.4413
2.0477,1.5061,4.7883,3.4362
2.0477,1.501,4.7857,3.4438
2.0401,1.4934,4.7934,3.4464
2.0452,1.4959,4.7857,3.4413
2.0452,1.4959,4.7857,3.4438
2.0452,1.4985,4.7908,3.4413
2.0452,1.4985,4.7883,3.4489
2.0452,1.4985,4.7908,3.4413
2.0502,1.5036,4.7883,3.4362
2.0401,1.5036,4.7959,3.4413
2.0401,1.4934,4.7959,3.4489
2.0528,1.4908,4.7832,3.4438
2.0502,1.5061,4.7806,3.4336
2.0401,1.5036,4.7959,3.4413
2.0401,1.4883,4.7908,3.4489
2.0528,1.4985,4.7832,3.4438
2.0452,1.5036,4.7883,3.4362
2.0401,1.5036,4.7985,3.4438
2.0401,1.4908,4.7959,3.4489
2.0502,1.4908,4.7806,3.4489
2.0528,1.5061,4.7806,3.4362
2.0477,1.4985,4.7883,3.4413
2.0401,1.4985,4.7934,3.4438
2.0426,1.4959,4.7857,3.4489
2.0502,1.4934,4.7806,3.4438
2.0502,1.5036,4.7781,3.4387
2.0426,1.5036,4.7857,3.4387
2.0375,1.4985,4.7908,3.4438
2.0452,1.4985,4.7857,3.4438
2.0452,1.4908,4.7832,3.4464
2.0502,1.4985,4.7755,3.4464
2.0452,1.5061,4.7806,3.4387
2.0375,1.5061,4.7883,3.4464
2.0401,1.4934,4.7857,3.454
2.0502,1.4934,4.773,3.454
2.0528,1.4985,4.7704,3.4464
2.0452,1.4985,4.7755,3.4413
2.0452,1.501,4.773,3.4464
2.0452,1.501,4.7781,3.4464
2.0452,1.4959,4.7704,3.454
2.0452,1.501,4.7679,3.4489
2.0426,1.501,4.7679,3.4489
2.0452,1.5036,4.7679,3.4489
2.0375,1.5036,4.773,3.4489
2.0401,1.4985,4.7653,3.4566
2.0502,1.4985,4.7551,3.4464
2.0502,1.5036,4.7653,3.4489
2.0426,1.5112,4.7602,3.4464
2.0375,1.5061,4.7653,3.4489
2.0426,1.4985,4.7577,3.454
2.0502,1.5061,4.7526,3.4438
2.0426,1.5138,4.7577,3.4438
2.0375,1.5036,4.7628,3.454
2.0452,1.501,4.7577,3.4566
2.0502,1.5061,4.7526,3.4515
2.0401,1.5138,4.7551,3.4438
2.0375,1.5061,4.7628,3.4515
2.0426,1.501,4.75,3.4566
2.0502,1.5061,4.75,3.4438
2.0452,1.5138,4.7577,3.4438
2.0375,1.4985,4.7577,3.4566
2.0401,1.4985,4.7551,3.4566
2.0502,1.5112,4.75,3.4515
2.0426,1.5138,4.7551,3.4438
2.0375,1.5061,4.7628,3.4515
2.0452,1.4985,4.7577,3.4566
2.0502,1.5061,4.7526,3.4489
2.0452,1.5112,4.7577,3.4438
2.0375,1.5087,4.7577,3.4464
2.0426,1.4985,4.7602,3.4489
2.0502,1.5036,4.7602,3.4515
2.0452,1.5061,4.7628,3.4413
2.0426,1.5061,4.7704,3.4464
2.0452,1.4985,4.7628,3.4489
2.0502,1.5036,4.7602,3.4438
2.0502,1.5087,4.7602,3.4438
2.0375,1.5112,4.7781,3.4489
2.035,1.4985,4.7755,3.454
2.0452,1.4959,4.7679,3.4515
2.0502,1.501,4.7653,3.4413
2.0452,1.5087,4.7704,3.4387
2.0375,1.5036,4.7806,3.4464
2.0452,1.5036,4.773,3.4515
2.0452,1.4959,4.7755,3.4438
2.0502,1.4985,4.7679,3.4464
2.0528,1.5087,4.7781,3.4387
2.0401,1.5087,4.7832,3.4438
2.0375,1.501,4.7832,3.4515
2.0452,1.4959,4.7781,3.4515
2.0528,1.5036,4.7679,3.4464
2.0477,1.5087,4.7781,3.4387
2.0477,1.501,4.7755,3.4438
2.0452,1.501,4.7755,3.4438
2.0477,1.4959,4.7755,3.4515
2.0452,1.5036,4.7755,3.4438
2.0477,1.5036,4.7755,3.4438
2.0477,1.5087,4.7781,3.4438
2.0401,1.501,4.7832,3.4464
2.0477,1.4959,4.7704,3.4489
2.0528,1.5036,4.7704,3.4387
2.0375,1.5087,4.7755,3.4362
2.0401,1.5036,4.7806,3.4489
2.0528,1.4959,4.773,3.454
2.0502,1.5036,4.7653,3.4464
2.0477,1.5087,4.773,3.4387
2.0452,1.501,4.7704,3.4438
2.0477,1.5061,4.7704,3.4438
2.0452,1.4985,4.773,3.4489
2.0502,1.5036,4.7628,3.4438
2.0477,1.5036,4.7679,3.4387
2.0401,1.5087,4.7679,3.4387
2.0401,1.5061,4.7679,3.4438
2.0477,1.4985,4.7679,3.4464
2.0502,1.5036,4.7628,3.4489
2.0477,1.5087,4.7679,3.4413
2.0375,1.5112,4.7679,3.4464
2.0452,1.5061,4.7653,3.4489
2.0452,1.501,4.7653,3.4489
2.0528,1.5061,4.7577,3.4464
2.0452,1.5112,4.7628,3.4413
2.0375,1.5036,4.7679,3.4464
2.0401,1.4985,4.7704,3.454
2.0452,1.4985,4.7551,3.454
2.0502,1.5087,4.7551,3.4413
2.0452,1.5138,4.7628,3.4413
2.0477,1.5061,4.7628,3.4464
2.0375,1.5061,4.7628,3.4438
2.0477,1.5036,4.7653,3.4464
2.0528,1.5036,4.7577,3.4413
2.0452,1.5087,4.7628,3.4413
2.0477,1.5036,4.7628,3.4438
2.0452,1.5061,4.7679,3.454
2.0477,1.4985,4.7653,3.454
2.0528,1.5061,4.7577,3.4413
2.0477,1.5036,4.7653,3.4413
2.0452,1.5036,4.7653,3.4464
2.0401,1.5061,4.773,3.4464
2.0452,1.4985,4.7679,3.454
2.0502,1.4985,4.7577,3.454
2.0502,1.5061,4.7577,3.4464
2.0477,1.5087,4.7653,3.4413
2.0401,1.5112,4.7653,3.4413
2.0401,1.5061,4.7679,3.4515
2.0452,1.4985,4.7653,3.454
2.0528,1.4959,4.7577,3.4489
2.0452,1.5036,4.7628,3.4489
2.0452,1.5138,4.7628,3.4413
2.0477,1.5061,4.7628,3.4489
2.0401,1.5036,4.7679,3.4464
2.0452,1.4985,4.7628,3.454
2.0528,1.4985,4.7551,3.454
2.0502,1.5087,4.7551,3.4387
2.0452,1.5112,4.7628,3.4413
2.0401,1.501,4.7679,3.4489
2.0452,1.5061,4.7602,3.454
2.0452,1.4985,4.7551,3.454
2.0502,1.5061,4.7526,3.4413
2.0477,1.5112,4.7577,3.4413
2.0477,1.5061,4.7602,3.4464
2.0477,1.5061,4.7602,3.4464
2.0477,1.5061,4.7628,3.4515
2.0502,1.5061,4.7526,3.4464
2.0502,1.5061,4.7577,3.4413
2.0477,1.5112,4.7602,3.4464
2.0401,1.5036,4.7577,3.4489
2.0477,1.4985,4.7602,3.454
2.0528,1.5036,4.7526,3.4464
2.0477,1.5036,4.7602,3.4413
2.0477,1.5061,4.7577,3.4464
2.0426,1.5036,4.7679,3.4515
2.0452,1.4985,4.7602,3.454
2.0502,1.5061,4.7526,3.4464
2.0452,1.5061,4.7602,3.4413
2.0477,1.5061,4.7577,3.4464
2.0401,1.5061,4.7602,3.4464
2.0452,1.5036,4.7602,3.4489
2.0528,1.5036,4.7551,3.4464
2.0452,1.5112,4.7577,3.4413
2.0401,1.5138,4.7653,3.4438
2.0401,1.4985,4.7679,3.4515
2.0528,1.4985,4.7551,3.4438
2.0553,1.5138,4.7526,3.4413
2.0477,1.5138,4.7577,3.4438
2.0477,1.5061,4.7602,3.4438
2.0477,1.5061,4.7602,3.4464
2.0528,1.5061,4.7551,3.4464
2.0477,1.5138,4.7577,3.4387
2.0426,1.5112,4.7653,3.4438
2.0426,1.4985,4.7679,3.4515
2.0502,1.4985,4.7526,3.4515
2.0528,1.5036,4.7551,3.4413
2.0401,1.5112,4.7602,3.4387
2.0401,1.5087,4.7679,3.4438
2.0502,1.4985,4.7577,3.4515
2.0477,1.5061,4.7577,3.4438
2.0502,1.5036,4.7577,3.4438
2.0502,1.5112,4.7602,3.4438
2.0426,1.5087,4.7679,3.4438
2.0426,1.4985,4.7679,3.4515
2.0502,1.4985,4.7526,3.4515
2.0528,1.5036,4.7551,3.4438
2.0502,1.5112,4.7602,3.4362
2.0401,1.5061,4.7679,3.4438
2.0477,1.4985,4.7602,3.4489
2.0502,1.4985,4.7551,3.4413
2.0553,1.5112,4.7551,3.4362
2.0502,1.5087,4.7628,3.4362
2.0452,1.501,4.7679,3.4515
2.0502,1.4985,4.7628,3.4515
2.0579,1.5036,4.7551,3.4413
2.0502,1.5061,4.7628,3.4362
2.0502,1.501,4.7628,3.4438
2.0452,1.4985,4.7704,3.4489
2.0579,1.4985,4.7628,3.4489
2.0528,1.5036,4.7577,3.4413
2.0502,1.5112,4.7653,3.4336
2.0502,1.5036,4.7653,3.4387
2.0502,1.5036,4.7653,3.4464
2.0502,1.5036,4.7653,3.4413
2.0502,1.5061,4.7679,3.4336
2.0502,1.5061,4.7679,3.4413
2.0502,1.5036,4.7679,3.4413
2.0502,1.4985,4.7602,3.4413
2.0579,1.5112,4.7628,3.4336
2.0452,1.5061,4.773,3.4413
2.0528,1.4959,4.7679,3.4489
2.0579,1.5036,4.7628,3.4387
2.0579,1.5138,4.7679,3.4336
2.0452,1.5061,4.773,3.4387
2.0452,1.4959,4.7755,3.4464
2.0579,1.4985,4.7602,3.4413
2.0579,1.5087,4.7653,3.4336
2.0452,1.5036,4.7755,3.4413
2.0502,1.4985,4.7679,3.4464
2.0502,1.5036,4.7602,3.4413
2.0502,1.5036,4.7602,3.4336
2.0477,1.5112,4.7755,3.4413
2.0452,1.4959,4.7755,3.4464
2.0502,1.4985,4.7628,3.4464
2.0579,1.5036,4.7628,3.4387
2.0528,1.5036,4.7679,3.4413
2.0528,1.5087,4.7679,3.4336
2.0452,1.501,4.7755,3.4387
2.0477,1.4985,4.7781,3.4438
2.0579,1.4985,4.7628,3.4413
2.0579,1.5087,4.7628,3.4336
2.0528,1.501,4.7679,3.4387
2.0502,1.5036,4.7679,3.4413
2.0502,1.4985,4.7679,3.4387
2.0502,1.5036,4.7653,3.4413
2.0502,1.5087,4.7653,3.4336
2.0452,1.5061,4.7704,3.4413
2.0477,1.501,4.773,3.4464
2.0579,1.4985,4.7653,3.4387
2.0579,1.5061,4.7602,3.4413
2.0579,1.5112,4.7602,3.4336
2.0477,1.5087,4.7704,3.4336
2.0452,1.5036,4.773,3.4362
2.0502,1.4985,4.7653,3.4438
2.0579,1.4985,4.7577,3.4413
2.0553,1.5112,4.7602,3.4336
2.0528,1.5112,4.773,3.4336
2.0477,1.5036,4.773,3.4438
2.0502,1.4959,4.7679,3.4464
2.0502,1.5036,4.7679,3.4387
2.0528,1.5036,4.7628,3.4362
2.0528,1.5087,4.7653,3.4336
2.0528,1.5036,4.7679,3.4387
2.0553,1.501,4.7679,3.4387
2.0528,1.4959,4.7704,3.4438
2.0579,1.5036,4.7653,3.4362
2.0604,1.5087,4.7679,3.4311
2.0452,1.5087,4.7806,3.4311
2.0477,1.5036,4.7806,3.4362
2.0502,1.4959,4.7755,3.4413
2.0604,1.501,4.7704,3.4362
2.0579,1.5087,4.7781,3.4311
2.0477,1.5087,4.7832,3.4336
2.0477,1.4959,4.7857,3.4438
2.0604,1.4959,4.7755,3.4387
2.0604,1.4985,4.7781,3.4285
2.0477,1.5087,4.7832,3.426
2.0553,1.4985,4.7832,3.4336
2.0553,1.501,4.7857,3.4336
2.063,1.4985,4.7806,3.4311
2.0579,1.5087,4.7883,3.4336
2.0502,1.4985,4.7883,3.4311
2.0502,1.4934,4.7959,3.4362
2.0553,1.4934,4.7857,3.4387
2.0604,1.5061,4.7832,3.4234
2.0553,1.5036,4.7883,3.426
2.0528,1.4985,4.7985,3.4311
2.0553,1.4959,4.7934,3.4311
2.063,1.4985,4.7857,3.4285
2.0604,1.5061,4.7883,3.4234
2.0502,1.5036,4.801,3.4234
2.0502,1.4985,4.8036,3.4311
2.0477,1.4908,4.8061,3.4362
2.0604,1.4908,4.7985,3.4336
2.063,1.4985,4.7934,3.4311
2.0579,1.4959,4.801,3.4234
2.0579,1.5036,4.7985,3.4234
2.0502,1.4959,4.8086,3.4285
2.0579,1.4908,4.7985,3.4362
2.0553,1.4959,4.801,3.4285
2.0579,1.4959,4.7959,3.426
2.0528,1.5036,4.8036,3.4285
2.0502,1.4959,4.8086,3.4285
2.0502,1.4883,4.8086,3.4336
2.0604,1.4883,4.801,3.4336
2.0604,1.4959,4.7959,3.4285
2.0604,1.501,4.7959,3.4234
2.0553,1.4959,4.7985,3.4285
2.0502,1.4959,4.8061,3.4311
2.0553,1.4959,4.801,3.4362
2.0553,1.4959,4.7985,3.4285
2.063,1.4959,4.7934,3.4311
2.063,1.501,4.7934,3.4234
2.0553,1.4985,4.801,3.4285
2.0553,1.4959,4.8061,3.4285
2.0553,1.4934,4.801,3.4336
2.0553,1.4959,4.801,3.4285
2.0553,1.4959,4.7985,3.4285
2.0553,1.501,4.8036,3.4234
2.0502,1.4959,4.8112,3.426
2.0502,1.4883,4.8112,3.4336
2.0579,1.4883,4.8061,3.4336
2.0579,1.4959,4.8086,3.426
2.0553,1.4959,4.8086,3.4234
2.0579,1.501,4.8137,3.4234
2.0502,1.4959,4.8188,3.4234
2.0553,1.4934,4.8188,3.4285
2.0579,1.4908,4.8214,3.4209
2.0553,1.4934,4.8163,3.4209
2.0604,1.4959,4.8239,3.4132
2.0528,1.4985,4.8341,3.4132
2.0502,1.4908,4.8367,3.4234
2.0553,1.4832,4.8341,3.4234
2.0604,1.4883,4.8367,3.4158
2.0655,1.4883,4.8341,3.4158
2.0604,1.4959,4.8392,3.4107
2.0528,1.4883,4.8494,3.4132
2.0528,1.4832,4.852,3.4209
2.0604,1.4832,4.8469,3.4209
2.0655,1.4883,4.8443,3.4132
2.0604,1.4857,4.852,3.4056
2.0579,1.4857,4.8545,3.4132
2.0528,1.4857,4.8596,3.4132
2.0553,1.4806,4.8622,3.4183
2.0655,1.4806,4.8571,3.4183
2.0681,1.4857,4.8494,3.4132
2.0579,1.4908,4.8571,3.4056
2.0604,1.4857,4.8647,3.4132
2.0604,1.4857,4.8596,3.4183
2.0604,1.4857,4.8622,3.4107
2.0604,1.4857,4.8596,3.4056
2.0604,1.4857,4.8622,3.4081
2.0528,1.4781,4.8698,3.4158
2.0604,1.4755,4.8571,3.4158
2.0681,1.4908,4.8596,3.403
2.0553,1.4883,4.8724,3.4056
2.0553,1.4832,4.8698,3.4158
2.063,1.4755,4.8647,3.4132
2.0681,1.4832,4.8596,3.4081
2.0604,1.4908,4.8647,3.4005
2.0579,1.4832,4.8724,3.4107
2.0604,1.4832,4.8698,3.4132
2.0604,1.4806,4.8673,3.4107
2.0604,1.4832,4.8622,3.4081
2.063,1.4883,4.8698,3.4081
2.0579,1.4832,4.8749,3.4056
2.0655,1.4755,4.8698,3.4132
2.0681,1.4832,4.8647,3.4081
2.0604,1.4908,4.8724,3.4005
2.0579,1.4883,4.88,3.4056
2.0579,1.4755,4.88,3.4132
2.0655,1.4755,4.8749,3.4132
2.0706,1.4806,4.8698,3.4005
2.0655,1.4857,4.8749,3.4005
2.0579,1.4806,4.8826,3.4056
2.063,1.4832,4.8749,3.4132
2.0655,1.4806,4.8775,3.4056
2.0655,1.4806,4.8698,3.4056
2.0655,1.4832,4.8749,3.403
2.0579,1.4806,4.88,3.403
2.0655,1.4806,4.8775,3.403
2.063,1.4806,4.8775,3.403
2.0655,1.4857,4.8775,3.4056
2.0579,1.4806,4.8851,3.4056
2.0655,1.473,4.88,3.4107
2.0732,1.4806,4.8749,3.403
2.0706,1.4857,4.8724,3.3979
2.0579,1.4857,4.88,3.403
2.063,1.4806,4.88,3.403
2.0655,1.4755,4.88,3.4107
2.0706,1.4883,4.8749,3.3979
2.0681,1.4857,4.88,3.3979
2.0604,1.4806,4.8877,3.403
2.0604,1.473,4.8902,3.4107
2.0655,1.4755,4.8775,3.4081
2.0732,1.4806,4.8775,3.4005
2.0681,1.4781,4.8851,3.4005
2.0681,1.4832,4.8851,3.4005
2.0604,1.4832,4.8902,3.4005
2.0681,1.473,4.8902,3.4081
2.0681,1.4781,4.8877,3.4005
2.0681,1.4781,4.8877,3.3954
2.0681,1.4806,4.8902,3.4005
2.0655,1.4781,4.8902,3.4056
2.0681,1.4781,4.8877,3.3979
2.0681,1.4781,4.8902,3.4005
2.0681,1.4832,4.8928,3.4005
2.063,1.4781,4.9004,3.4005
2.0681,1.4781,4.8953,3.4005
2.0757,1.4755,4.8928,3.3979
2.0681,1.4806,4.8953,3.3954
2.063,1.4781,4.903,3.3979
2.063,1.4781,4.8928,3.3979
2.0706,1.473,4.8953,3.3979
2.0783,1.4781,4.8902,3.3979
2.0706,1.4832,4.8979,3.3928
2.0681,1.4781,4.8953,3.3979
2.0655,1.4781,4.9004,3.3979
2.0681,1.4704,4.8953,3.4056
2.0757,1.4704,4.8877,3.3979
2.0732,1.4832,4.8902,3.3928
2.0706,1.4857,4.8928,3.3928
2.0681,1.4781,4.8928,3.3979
2.0655,1.4806,4.8902,3.3979
2.0706,1.4755,4.8902,3.4056
2.0706,1.4781,4.8902,3.4005
2.0706,1.4857,4.8902,3.3928
2.0655,1.4883,4.8953,3.4005
2.0655,1.4781,4.8953,3.4056
2.0681,1.473,4.8851,3.4056
2.0681,1.4781,4.8877,3.4005
2.0681,1.4781,4.8877,3.4005
2.0681,1.4857,4.8877,3.3979
2.063,1.4806,4.8928,3.4005
2.0681,1.473,4.8851,3.4056
2.0757,1.4806,4.88,3.3979
2.0681,1.4857,4.8851,3.3928
2.0655,1.4806,4.8902,3.4005
2.0655,1.4755,4.8902,3.4081
2.0783,1.4755,4.8775,3.4081
2.0783,1.4806,4.8749,3.3979
2.0706,1.4806,4.8826,3.3928
2.0706,1.4806,4.8826,3.403
2.063,1.4806,4.8877,3.4005
2.0655,1.4755,4.8877,3.4081
2.0706,1.4755,4.88,3.4081
2.0783,1.4806,4.8698,3.4005
2.0757,1.4908,4.8724,3.3954
2.0655,1.4883,4.88,3.3954
2.0655,1.4806,4.88,3.403
2.0681,1.4832,4.88,3.4081
2.0757,1.4781,4.8647,3.4081
2.0757,1.4832,4.8673,3.403
2.0706,1.4883,4.8724,3.3954
2.0655,1.4908,4.88,3.4005
2.0655,1.4832,4.88,3.4107
2.0706,1.4781,4.8749,3.4081
2.0706,1.4806,4.8724,3.4005
2.0706,1.4832,4.8673,3.3954
2.0681,1.4908,4.8698,3.3954
2.0655,1.4832,4.88,3.4005
2.0706,1.4832,4.8724,3.4081
2.0706,1.4781,4.8724,3.4005
2.0706,1.4857,4.8622,3.403
2.0706,1.4908,4.8698,3.403
2.0655,1.4908,4.8673,3.4005
2.0655,1.4857,4.8775,3.4005
2.0706,1.4781,4.8698,3.4081
2.0706,1.4857,4.8698,3.403
2.0706,1.4832,4.8698,3.4005
2.0706,1.4908,4.8698,3.3954
2.0655,1.4908,4.8775,3.4005
2.0655,1.4781,4.8775,3.4056
2.0706,1.4806,4.8698,3.4081
2.0783,1.4857,4.8673,3.4005
2.0706,1.4857,4.8698,3.4005
2.0706,1.4934,4.8724,3.3928
2.0732,1.4857,4.8749,3.3979
2.0655,1.4857,4.8724,3.4005
2.0706,1.4755,4.8724,3.4081
