4.737,0.91723,3.0957,2.3448
4.7396,0.92233,3.0957,2.3397
4.737,0.92233,3.0957,2.3371
4.737,0.91468,3.0957,2.3448
4.7472,0.92742,3.0906,2.332
4.7396,0.92742,3.1034,2.332
4.7319,0.91723,3.1059,2.3448
4.737,0.92233,3.0983,2.3371
4.737,0.92997,3.0957,2.332
4.7319,0.91468,3.1034,2.3422
4.7421,0.92233,3.0881,2.3397
4.7396,0.92488,3.0957,2.3346
4.7396,0.91723,3.0957,2.3448
4.7396,0.92488,3.0957,2.3371
4.7396,0.92233,3.0957,2.3371
4.7396,0.92488,3.0957,2.3422
4.7396,0.92488,3.0932,2.3371
4.7396,0.93252,3.0957,2.332
4.7345,0.92488,3.1008,2.3371
4.7396,0.91978,3.0957,2.3422
4.7447,0.92488,3.0881,2.332
4.7345,0.93252,3.1008,2.332
4.7319,0.92233,3.1008,2.3422
4.7447,0.91978,3.0881,2.3346
4.7447,0.93252,3.0856,2.3295
4.7421,0.93252,3.0906,2.3346
4.7345,0.92488,3.0932,2.3346
4.7396,0.91723,3.0957,2.3397
4.7472,0.92742,3.0881,2.3346
4.737,0.93252,3.1008,2.3295
4.737,0.91978,3.1008,2.3422
4.7472,0.92233,3.0856,2.3346
4.7421,0.93252,3.0932,2.332
4.7345,0.92742,3.0983,2.332
4.7421,0.92742,3.0932,2.332
4.7421,0.92742,3.0932,2.3295
4.7421,0.92742,3.0932,2.332
4.7396,0.92742,3.0932,2.3397
4.7421,0.92488,3.0906,2.3346
4.7396,0.92488,3.0906,2.3295
4.7345,0.92742,3.0983,2.3346
4.7421,0.92233,3.0906,2.3397
4.7396,0.92742,3.0932,2.3346
4.7396,0.92742,3.0906,2.3269
4.7396,0.92488,3.0932,2.332
4.7421,0.92997,3.0932,2.3397
4.7396,0.92488,3.0957,2.332
4.7396,0.92488,3.0932,2.3269
4.7396,0.92997,3.0983,2.332
4.7396,0.91978,3.0932,2.3371
4.7472,0.92488,3.0881,2.332
4.7396,0.93252,3.0932,2.3269
4.7345,0.92488,3.1008,2.3397
4.7396,0.91978,3.0957,2.3397
4.7498,0.92488,3.0881,2.3346
4.7319,0.93252,3.0957,2.3269
4.7319,0.92488,3.1008,2.3422
4.7472,0.91978,3.0856,2.3397
4.7472,0.92997,3.0881,2.3295
4.7319,0.93252,3.1008,2.3295
4.7319,0.91723,3.1008,2.3422
4.7472,0.91468,3.0957,2.3422
4.7447,0.92488,3.0906,2.3295
4.737,0.92997,3.0957,2.3269
4.7319,0.92233,3.1034,2.3346
4.7396,0.91723,3.0983,2.3397
4.7447,0.92233,3.0906,2.3346
4.7396,0.92997,3.0957,2.3295
4.7319,0.92233,3.1034,2.3346
4.7396,0.91723,3.0983,2.3422
4.7447,0.92488,3.0906,2.3346
4.7396,0.92233,3.0957,2.3295
4.7396,0.92488,3.1059,2.3346
4.737,0.92233,3.0957,2.3422
4.737,0.92233,3.0983,2.3371
4.7396,0.92233,3.0983,2.3295
4.7396,0.92742,3.1034,2.3346
4.737,0.91723,3.0983,2.3371
4.7447,0.92233,3.0932,2.3371
4.737,0.92742,3.0983,2.3346
4.7319,0.91723,3.1034,2.3422
4.7421,0.91468,3.0932,2.3346
4.737,0.92742,3.0983,2.332
4.7294,0.92233,3.1059,2.3371
4.737,0.91468,3.1008,2.3371
4.7421,0.91978,3.0906,2.3371
4.7345,0.92742,3.0983,2.3371
4.737,0.91978,3.0983,2.3448
4.7421,0.91978,3.0932,2.3371
4.737,0.92742,3.0983,2.332
4.7319,0.91468,3.1059,2.3422
4.737,0.91213,3.1008,2.3422
4.7421,0.92233,3.0957,2.3295
4.737,0.92742,3.0983,2.332
4.7294,0.91468,3.1059,2.3448
4.737,0.92233,3.1008,2.3397
4.737,0.91978,3.1008,2.332
4.7294,0.91978,3.1059,2.3371
4.7396,0.91468,3.0932,2.3448
4.7421,0.92742,3.0932,2.332
4.7319,0.92742,3.1059,2.3371
4.7319,0.91468,3.0983,2.3422
4.7421,0.92233,3.0932,2.3397
4.737,0.92742,3.0983,2.3346
4.737,0.92233,3.0983,2.3346
4.737,0.91978,3.1008,2.3346
4.737,0.92488,3.1008,2.332
4.7294,0.91978,3.1059,2.3371
4.737,0.91468,3.1008,2.3422
4.7421,0.92233,3.0932,2.3397
4.737,0.92742,3.0983,2.332
4.7319,0.91978,3.1059,2.3371
4.737,0.91723,3.0983,2.3346
4.7421,0.91978,3.0957,2.3371
4.7319,0.92233,3.1059,2.3371
4.7421,0.91468,3.1008,2.3346
4.7421,0.92488,3.0932,2.332
4.7294,0.92488,3.1059,2.3371
4.7294,0.91468,3.1059,2.3422
4.7421,0.91468,3.0957,2.3371
4.7421,0.92488,3.0932,2.3295
4.7268,0.92742,3.1008,2.3346
4.7319,0.92233,3.1008,2.3422
4.7345,0.91978,3.1008,2.3371
4.7345,0.91723,3.1008,2.332
4.7319,0.91978,3.1034,2.3346
4.7345,0.91723,3.1008,2.3371
4.7345,0.91723,3.1008,2.3371
4.7345,0.91723,3.1008,2.3371
4.7345,0.91723,3.1034,2.3371
4.7268,0.91723,3.1085,2.3371
4.7345,0.91213,3.1034,2.3422
4.7345,0.91723,3.1008,2.3371
4.7345,0.92488,3.1008,2.3346
4.7268,0.91978,3.1085,2.3371
4.7319,0.91213,3.1034,2.3422
4.7345,0.91723,3.1034,2.3346
4.7345,0.91723,3.1034,2.3371
4.7345,0.91468,3.1085,2.3422
4.7421,0.91213,3.0957,2.3448
4.7396,0.92488,3.0983,2.332
4.7268,0.92233,3.1034,2.332
4.7243,0.91723,3.1085,2.3346
4.7319,0.91978,3.1034,2.3448
4.7319,0.91723,3.1034,2.3346
4.7396,0.91468,3.1034,2.3397
4.7319,0.92233,3.1034,2.3346
4.7268,0.91723,3.1085,2.3371
4.7319,0.90958,3.1059,2.3448
4.7345,0.91723,3.0983,2.3371
4.7319,0.92233,3.1059,2.332
4.7268,0.91468,3.1085,2.3397
4.7319,0.90958,3.1059,2.3448
4.737,0.91468,3.0957,2.3371
4.7319,0.92233,3.1034,2.3295
4.7268,0.91468,3.1085,2.3371
4.7319,0.90703,3.1059,2.3422
4.737,0.91468,3.0957,2.3371
4.7319,0.91978,3.1059,2.332
4.7268,0.91468,3.1136,2.3371
4.7319,0.90958,3.1059,2.3448
4.737,0.91723,3.0983,2.3371
4.7319,0.92488,3.1034,2.332
4.7243,0.91723,3.111,2.3371
4.7319,0.90958,3.0957,2.3422
4.7319,0.92233,3.1034,2.332
4.7243,0.91468,3.111,2.3371
4.7319,0.90958,3.1059,2.3371
4.7319,0.91723,3.0983,2.3295
4.7243,0.92488,3.1085,2.3371
4.7319,0.90703,3.1059,2.3448
4.7396,0.91468,3.0983,2.332
4.7319,0.92233,3.111,2.332
4.7268,0.91723,3.111,2.3346
4.737,0.90958,3.1059,2.3448
4.7396,0.92233,3.0983,2.332
4.7319,0.92488,3.1085,2.3371
4.7319,0.90958,3.1059,2.3448
4.7396,0.91723,3.0983,2.3371
4.7319,0.92233,3.1034,2.3371
4.7319,0.91723,3.1085,2.3371
4.7345,0.91723,3.1008,2.3397
4.7345,0.91723,3.1034,2.332
4.7345,0.91723,3.1034,2.3371
4.7319,0.91723,3.1034,2.3422
4.7396,0.91723,3.0957,2.3397
4.7345,0.92488,3.1034,2.332
4.7268,0.90958,3.1085,2.3422
4.7396,0.91213,3.0983,2.3346
4.7319,0.92488,3.1008,2.3346
4.7268,0.91723,3.1085,2.3371
4.7345,0.90958,3.1034,2.3397
4.7319,0.91468,3.0957,2.3371
4.7319,0.91723,3.1034,2.3346
4.7243,0.91723,3.1034,2.3346
4.7319,0.90958,3.1034,2.3397
4.7319,0.91723,3.0983,2.3371
4.7294,0.92233,3.1034,2.3371
4.7268,0.91468,3.111,2.3371
4.7319,0.90958,3.1059,2.3422
4.7396,0.92233,3.0983,2.332
4.7243,0.92233,3.111,2.332
4.7268,0.90958,3.1085,2.3448
4.7396,0.90958,3.0983,2.3448
4.737,0.91468,3.1034,2.3371
4.7319,0.92233,3.1034,2.3371
4.7319,0.91723,3.1085,2.3371
4.7319,0.91213,3.1034,2.3448
4.7396,0.91723,3.1008,2.3295
4.7345,0.92233,3.1059,2.332
4.7268,0.91723,3.1085,2.3422
4.7319,0.90958,3.1034,2.3422
4.7396,0.91468,3.0957,2.332
4.7319,0.92233,3.1085,2.332
4.7268,0.91723,3.1136,2.3371
4.7243,0.90958,3.1034,2.3422
4.737,0.91213,3.0957,2.3371
4.737,0.92233,3.0957,2.332
4.7268,0.92233,3.1085,2.3397
4.7268,0.90958,3.1136,2.3448
4.7319,0.91213,3.1059,2.3397
4.737,0.91468,3.0983,2.3371
4.7319,0.92488,3.1059,2.3295
4.7243,0.91468,3.111,2.3371
4.7319,0.90703,3.1059,2.3448
4.737,0.91468,3.0983,2.3397
4.737,0.92233,3.0983,2.332
4.7243,0.92488,3.111,2.3371
4.7243,0.90703,3.111,2.3448
4.737,0.90958,3.1008,2.3448
4.737,0.92233,3.0983,2.332
4.7243,0.92233,3.111,2.3371
4.7243,0.90703,3.1059,2.3448
4.737,0.91723,3.1008,2.3371
4.7319,0.92488,3.1059,2.332
4.7243,0.91468,3.1136,2.3371
4.7319,0.91213,3.1059,2.3422
4.737,0.91468,3.1008,2.3371
4.7319,0.91468,3.1059,2.332
4.7319,0.91468,3.1085,2.3371
4.7319,0.91468,3.1059,2.3397
4.737,0.91468,3.1059,2.3397
4.7319,0.91978,3.1059,2.3371
4.7319,0.91468,3.1136,2.3371
4.7294,0.91213,3.1059,2.3371
4.737,0.91468,3.1059,2.3371
4.7294,0.91213,3.1059,2.3371
4.7319,0.91468,3.1059,2.3448
4.737,0.91213,3.1008,2.3397
4.7294,0.91978,3.1059,2.332
4.7217,0.91213,3.1059,2.3397
4.7319,0.90703,3.1085,2.3448
4.737,0.91213,3.1059,2.3397
4.7294,0.91978,3.1059,2.3371
4.7243,0.91468,3.1161,2.3397
4.7294,0.90703,3.1085,2.3397
4.7345,0.91213,3.1034,2.3397
4.7268,0.91723,3.1085,2.3397
4.7294,0.91213,3.1161,2.3371
4.7268,0.90703,3.1136,2.3448
4.7345,0.91213,3.1034,2.3397
4.7268,0.91978,3.111,2.332
4.7294,0.90958,3.1085,2.3397
4.7268,0.90958,3.111,2.3448
4.7345,0.90703,3.1059,2.3371
4.7294,0.91723,3.111,2.332
4.7217,0.90703,3.1161,2.3371
4.7294,0.90958,3.111,2.3448
4.7294,0.90958,3.111,2.3397
4.7243,0.91723,3.1187,2.3397
4.7268,0.90703,3.111,2.3422
4.7319,0.91213,3.111,2.3397
4.7268,0.91723,3.1136,2.3371
4.7294,0.90958,3.1136,2.3397
4.7268,0.91213,3.1136,2.3371
4.7268,0.91723,3.1136,2.332
4.7217,0.90958,3.1187,2.3397
4.7294,0.90448,3.1136,2.3448
4.7345,0.90958,3.1136,2.3397
4.7268,0.91723,3.1136,2.332
4.7217,0.90958,3.1212,2.3422
4.7294,0.90448,3.1085,2.3422
4.7345,0.90958,3.1085,2.332
4.7217,0.91723,3.1187,2.332
4.7268,0.90193,3.1136,2.3448
4.7345,0.90703,3.1059,2.3371
4.7294,0.91723,3.1136,2.332
4.7217,0.90958,3.1161,2.3371
4.7268,0.90448,3.1161,2.3422
4.7294,0.90703,3.1085,2.3371
4.7268,0.91213,3.1161,2.3346
4.7243,0.90703,3.1212,2.3371
4.7243,0.90703,3.1161,2.3371
4.7243,0.90703,3.111,2.332
4.7192,0.90958,3.1212,2.3346
4.7243,0.90703,3.1187,2.3371
4.7243,0.91213,3.1161,2.3295
4.7192,0.90703,3.1263,2.3371
4.7243,0.89938,3.1187,2.3346
4.7294,0.90703,3.1136,2.3371
4.7243,0.90448,3.1212,2.3371
4.7217,0.90703,3.1187,2.3371
4.7319,0.89938,3.1136,2.3448
4.7294,0.91213,3.1136,2.332
4.7166,0.90958,3.1289,2.3371
4.7192,0.89683,3.1263,2.3422
4.7294,0.89938,3.1161,2.3371
4.7294,0.90958,3.1161,2.3295
4.7192,0.90448,3.1289,2.3397
4.7217,0.89683,3.1212,2.3448
4.7268,0.90193,3.1187,2.3397
4.7217,0.90958,3.1238,2.332
4.7192,0.90193,3.1314,2.3371
4.7217,0.89938,3.1238,2.3422
4.7294,0.90193,3.1212,2.3371
4.7243,0.90703,3.1263,2.332
4.7166,0.90193,3.1314,2.3371
4.7217,0.89428,3.1212,2.3448
4.7294,0.90703,3.1212,2.332
4.7166,0.90703,3.1365,2.3371
4.7217,0.89683,3.1263,2.3473
4.7294,0.90193,3.1212,2.3397
4.7243,0.90703,3.134,2.3397
4.7243,0.89683,3.1263,2.3448
4.7319,0.90193,3.1263,2.3371
4.7243,0.90703,3.1263,2.332
4.7166,0.90193,3.1314,2.3448
4.7217,0.89428,3.1263,2.3473
4.7319,0.90193,3.1263,2.3397
4.7217,0.90703,3.134,2.332
4.7192,0.89428,3.134,2.3422
4.7294,0.89428,3.1263,2.3397
4.7243,0.90193,3.1289,2.3346
4.7243,0.90703,3.1365,2.3371
4.7166,0.89428,3.1365,2.3473
4.7294,0.89938,3.1238,2.3397
4.7243,0.90703,3.1289,2.3346
4.7192,0.89938,3.134,2.3397
4.7243,0.89428,3.1289,2.3473
4.7217,0.89428,3.1212,2.3397
4.7294,0.90703,3.1212,2.332
4.7192,0.90703,3.134,2.3397
4.7166,0.89173,3.134,2.3473
4.7294,0.89428,3.1212,2.3422
4.7319,0.90703,3.1238,2.332
4.7166,0.90703,3.1365,2.3397
4.7192,0.89683,3.134,2.3473
4.7294,0.89428,3.1238,2.3422
4.7319,0.90448,3.1238,2.3346
4.7192,0.90703,3.1365,2.3397
4.7192,0.89173,3.1365,2.3473
4.7294,0.89428,3.1238,2.3422
4.7319,0.90448,3.1263,2.3346
4.7192,0.90448,3.1365,2.3371
4.7192,0.89173,3.1365,2.3499
4.7243,0.89173,3.1314,2.3499
4.7294,0.89683,3.1263,2.3371
4.7217,0.90193,3.1314,2.3346
4.7192,0.89683,3.1365,2.3422
4.7217,0.88919,3.1314,2.3499
4.7294,0.89683,3.1238,2.3346
4.7166,0.90448,3.1391,2.3422
4.7166,0.89683,3.1365,2.3524
4.7217,0.89683,3.134,2.3422
4.7243,0.89428,3.1365,2.3371
4.7217,0.89683,3.1365,2.3422
4.7217,0.88919,3.134,2.3473
4.7268,0.89683,3.1289,2.3397
4.7217,0.90193,3.1391,2.3346
4.7166,0.89173,3.1416,2.3499
4.7319,0.88919,3.1289,2.3422
4.7217,0.90193,3.134,2.3422
4.7166,0.89683,3.1416,2.3422
4.7217,0.88664,3.1365,2.3499
4.7294,0.89938,3.1289,2.3422
4.7217,0.90193,3.1365,2.3371
4.7166,0.89428,3.1442,2.3499
4.7217,0.88664,3.1365,2.3473
4.7268,0.89173,3.1314,2.3422
4.7217,0.90193,3.1365,2.3422
4.7217,0.89428,3.1442,2.3422
4.7268,0.88664,3.1314,2.3499
4.7217,0.89173,3.1365,2.3448
4.7166,0.89173,3.1467,2.3448
4.7192,0.88664,3.1391,2.3499
4.7294,0.89173,3.1314,2.3448
4.7192,0.89938,3.1467,2.3371
4.7141,0.89173,3.1442,2.3499
4.7268,0.88664,3.134,2.3524
4.7268,0.89938,3.134,2.3371
4.7166,0.89938,3.1442,2.3448
4.7217,0.88664,3.1391,2.3499
4.7217,0.89428,3.134,2.3422
4.7268,0.90193,3.1365,2.3371
4.7141,0.89428,3.1442,2.3473
4.7217,0.88664,3.1365,2.3448
4.7268,0.89173,3.134,2.3448
4.7217,0.89938,3.1391,2.3448
4.7166,0.89173,3.1442,2.3422
4.7217,0.88664,3.1391,2.3499
4.7268,0.89428,3.1314,2.3422
4.7217,0.89428,3.1365,2.3422
4.7217,0.89428,3.1416,2.3422
4.7217,0.88664,3.1365,2.3499
4.7268,0.89428,3.1314,2.3422
4.7217,0.89938,3.1391,2.3371
4.7166,0.89428,3.1416,2.3422
4.7217,0.88664,3.1365,2.3499
4.7268,0.89428,3.1314,2.3422
4.7217,0.90193,3.1365,2.3371
4.7166,0.89428,3.1442,2.3422
4.7217,0.88664,3.1365,2.3499
4.7294,0.89428,3.1314,2.3422
4.7217,0.89938,3.1365,2.3371
4.7192,0.89683,3.1416,2.3397
4.7217,0.88919,3.1365,2.3422
4.7294,0.89428,3.1314,2.3397
4.7243,0.90193,3.1365,2.3346
4.7166,0.89683,3.1442,2.3422
4.7217,0.88919,3.1365,2.3397
4.7217,0.89428,3.134,2.3422
4.7243,0.89938,3.1365,2.3397
4.7166,0.88919,3.1416,2.3499
4.7294,0.88919,3.1314,2.3422
4.7217,0.90193,3.134,2.3371
4.7192,0.89428,3.1365,2.3422
4.7217,0.89683,3.1365,2.3397
4.7243,0.89683,3.1365,2.3346
4.7243,0.89428,3.1365,2.3422
4.7217,0.88919,3.134,2.3499
4.7294,0.89428,3.1289,2.332
4.7217,0.89938,3.1416,2.3346
4.7166,0.88919,3.1416,2.3473
4.7294,0.88919,3.1365,2.3473
4.7319,0.90193,3.1289,2.3371
4.7217,0.90193,3.1391,2.3371
4.7166,0.89683,3.1416,2.3473
4.7243,0.88919,3.134,2.3499
4.7319,0.89428,3.1289,2.3346
4.7166,0.90193,3.1416,2.3346
4.7166,0.89683,3.1416,2.3473
4.7294,0.88919,3.134,2.3499
4.7319,0.89683,3.1289,2.332
4.7217,0.90193,3.1416,2.3371
4.7166,0.89683,3.1416,2.3422
4.7217,0.88919,3.134,2.3499
4.7319,0.89683,3.1289,2.3371
4.7217,0.90448,3.1365,2.3346
4.7192,0.89683,3.1416,2.3422
4.7243,0.88919,3.134,2.3499
4.7319,0.88919,3.1289,2.3422
4.7294,0.90193,3.1289,2.3371
4.7192,0.90193,3.1391,2.3422
4.7192,0.88919,3.1416,2.3499
4.7319,0.89173,3.1263,2.3448
4.7319,0.89683,3.134,2.3371
4.7243,0.89683,3.134,2.3422
4.7268,0.88919,3.134,2.3499
4.7319,0.89683,3.1263,2.3448
4.7268,0.90448,3.134,2.3371
4.7192,0.89683,3.1416,2.3422
4.7243,0.88919,3.134,2.3499
4.7345,0.89683,3.1289,2.3371
4.7268,0.90448,3.1365,2.3371
4.7192,0.89683,3.1391,2.3448
4.7243,0.89173,3.1365,2.3524
4.7319,0.89683,3.1263,2.3448
4.7268,0.90193,3.134,2.3371
4.7217,0.89683,3.1391,2.3422
4.7268,0.88919,3.134,2.3499
4.7319,0.89683,3.1289,2.3422
4.7192,0.90193,3.1416,2.3371
4.7217,0.88919,3.1416,2.3524
4.7268,0.88664,3.1365,2.3524
4.7319,0.89428,3.1289,2.3448
4.7243,0.89428,3.1365,2.3397
4.7243,0.89683,3.1416,2.3448
4.7243,0.88664,3.1365,2.3524
4.7268,0.89428,3.1365,2.3448
4.7268,0.89683,3.1365,2.3397
4.7268,0.89683,3.134,2.3448
4.7243,0.89683,3.1365,2.3524
4.7268,0.88919,3.1289,2.3448
4.7319,0.89938,3.1289,2.3371
4.7217,0.90193,3.1365,2.3448
4.7268,0.88919,3.134,2.3524
4.7319,0.89683,3.1314,2.3422
4.7294,0.89428,3.134,2.3473
4.7268,0.89428,3.134,2.3524
4.7319,0.89683,3.1289,2.3473
4.7217,0.90448,3.1416,2.3397
4.7217,0.88919,3.1391,2.3524
4.7345,0.89173,3.1289,2.3448
4.7319,0.90193,3.1289,2.3397
4.7192,0.89683,3.1416,2.3448
4.7268,0.89173,3.134,2.3524
4.7345,0.90193,3.1263,2.3397
4.7217,0.90193,3.1416,2.3397
4.7192,0.88919,3.1391,2.3524
4.7345,0.89173,3.1289,2.3524
