2.6314,2.3601,2.614,3.3061
2.6391,2.3601,2.6063,3.301
2.6391,2.3754,2.6063,3.2934
2.6238,2.3729,2.6165,3.2934
2.6263,2.3601,2.6191,3.3087
2.6314,2.3576,2.6038,3.3061
2.6365,2.3652,2.6063,3.2959
2.6263,2.3729,2.6114,3.2959
2.6263,2.3678,2.6191,3.3036
2.6289,2.3652,2.614,3.3087
2.634,2.3652,2.6114,3.301
2.6314,2.3678,2.6114,3.301
2.634,2.3729,2.6114,3.301
2.6238,2.3678,2.6165,3.301
2.6314,2.3601,2.6114,3.3061
2.6391,2.3601,2.6038,3.301
2.6365,2.3678,2.6038,3.2959
2.6314,2.3729,2.6114,3.2959
2.6238,2.3678,2.6165,3.301
2.6289,2.3652,2.6114,3.301
2.6314,2.3601,2.6089,3.3036
2.6365,2.3652,2.6063,3.3036
2.6314,2.3729,2.6114,3.2959
2.6238,2.3678,2.6165,3.3087
2.6289,2.3652,2.6114,3.3087
2.6289,2.3652,2.6114,3.3036
2.6289,2.3652,2.6038,3.3036
2.6289,2.3754,2.6114,3.2985
2.6213,2.3652,2.6165,3.3036
2.6213,2.3678,2.6089,3.3112
2.6263,2.3627,2.6114,3.3112
2.6365,2.3652,2.6038,3.3061
2.6289,2.3678,2.6114,3.2985
2.6289,2.3729,2.6114,3.2985
2.6213,2.3678,2.6165,3.3061
2.6213,2.3601,2.6165,3.3112
2.6365,2.3627,2.6038,3.3061
2.6365,2.3754,2.6038,3.2985
2.6263,2.3754,2.6089,3.301
2.6213,2.3678,2.614,3.3112
2.634,2.3601,2.6089,3.3112
2.634,2.3703,2.6038,3.2985
2.6263,2.3754,2.6063,3.2959
2.6213,2.3703,2.6165,3.3036
2.6263,2.3652,2.6063,3.3087
2.6289,2.3703,2.6063,3.3036
2.634,2.3703,2.5987,3.301
2.6263,2.3703,2.6063,3.301
2.6238,2.3729,2.6114,3.301
2.6314,2.3652,2.6063,3.3061
2.6365,2.3678,2.6012,3.2985
2.6314,2.3729,2.6038,3.2959
2.6314,2.3831,2.6063,3.2934
2.6238,2.3754,2.6114,3.2934
2.6314,2.3703,2.6038,3.2934
2.6391,2.3754,2.6012,3.2959
2.6314,2.3805,2.6012,3.2934
2.6314,2.3754,2.6038,3.2934
2.6314,2.3754,2.6038,3.2934
2.6391,2.3831,2.5962,3.2857
2.6238,2.3805,2.6063,3.2934
2.6238,2.3754,2.6038,3.301
2.6416,2.3754,2.5936,3.2934
2.6365,2.3831,2.6012,3.2857
2.6314,2.378,2.6012,3.2934
2.6314,2.378,2.6012,3.301
2.6314,2.378,2.5987,3.2908
2.6416,2.3754,2.5962,3.2934
2.6391,2.3831,2.5962,3.2857
2.6289,2.3831,2.6063,3.2857
2.6314,2.378,2.6063,3.2985
2.634,2.3729,2.5987,3.2985
2.6416,2.378,2.5962,3.2908
2.6416,2.3754,2.5987,3.2832
2.6365,2.3856,2.5987,3.2857
2.6289,2.378,2.5987,3.2883
2.6365,2.3729,2.5987,3.2883
2.6416,2.378,2.5936,3.2857
2.6365,2.3856,2.5962,3.2883
2.6289,2.3831,2.6038,3.2883
2.6391,2.3754,2.5962,3.2908
2.6365,2.3805,2.5962,3.2883
2.6416,2.3831,2.5936,3.2857
2.6365,2.3881,2.5987,3.2857
2.6289,2.3805,2.6038,3.2857
2.634,2.3754,2.5962,3.2934
2.6416,2.3805,2.5911,3.2883
2.634,2.3831,2.5962,3.2832
2.6289,2.3805,2.6063,3.2857
2.6263,2.3754,2.6063,3.2934
2.6416,2.3729,2.5911,3.2883
2.6416,2.3856,2.5911,3.2806
2.6289,2.3856,2.6038,3.2806
2.6289,2.3754,2.6063,3.2908
2.6416,2.3754,2.5911,3.2934
2.6416,2.3805,2.5911,3.2857
2.6391,2.3881,2.5962,3.2857
2.6289,2.378,2.6038,3.2857
2.634,2.3729,2.5987,3.2934
2.6416,2.3805,2.5885,3.2857
2.6416,2.3856,2.5885,3.2781
2.6289,2.3856,2.5962,3.2806
2.6289,2.3805,2.6038,3.2883
2.6314,2.3754,2.5962,3.2883
2.6416,2.3805,2.5911,3.2883
2.6365,2.3856,2.5962,3.2806
2.6289,2.3805,2.6038,3.2857
2.6365,2.3805,2.5987,3.2934
2.6365,2.3754,2.5962,3.2883
2.6416,2.3805,2.5962,3.2857
2.6365,2.378,2.5962,3.2806
2.6289,2.3805,2.6038,3.2883
2.634,2.3805,2.5962,3.2934
2.634,2.378,2.5962,3.2883
2.634,2.3805,2.5962,3.2832
2.634,2.3805,2.5962,3.2908
2.6289,2.378,2.6063,3.2908
2.6314,2.3729,2.5962,3.2985
2.6314,2.378,2.5987,3.2908
2.6314,2.3754,2.5987,3.2908
2.634,2.3856,2.5987,3.2857
2.6263,2.378,2.6038,3.2908
2.6238,2.3729,2.6038,3.2985
2.6314,2.3729,2.5936,3.301
2.6391,2.378,2.5936,3.2883
2.6314,2.3831,2.5987,3.2908
2.6238,2.3754,2.6063,3.2959
2.6238,2.3703,2.5987,3.2934
2.634,2.3678,2.5936,3.2959
2.6365,2.3805,2.5936,3.2908
2.6213,2.378,2.5962,3.2959
2.6238,2.3754,2.6063,3.2985
2.6314,2.3678,2.5962,3.3036
2.6365,2.3729,2.5962,3.2959
2.6289,2.3805,2.6012,3.2985
2.6238,2.3754,2.6063,3.2985
2.6238,2.3703,2.6063,3.301
2.6365,2.3678,2.5936,3.3036
2.6365,2.3754,2.5936,3.2934
2.6289,2.3805,2.5987,3.2934
2.6263,2.3805,2.5987,3.2934
2.6289,2.3754,2.5987,3.301
2.6289,2.3729,2.5962,3.2934
2.6314,2.3754,2.5987,3.2883
2.6314,2.3754,2.5987,3.2959
2.6289,2.3754,2.6063,3.301
2.6391,2.3703,2.5936,3.2934
2.6365,2.3805,2.5936,3.2883
2.6314,2.3754,2.5962,3.2934
2.6314,2.3754,2.6063,3.301
2.6416,2.3754,2.5911,3.2908
2.6365,2.3805,2.5911,3.2857
2.6238,2.3754,2.6038,3.2934
2.6263,2.3703,2.5962,3.2985
2.6365,2.3703,2.5911,3.2934
2.6314,2.3831,2.5962,3.2908
2.6263,2.3754,2.6038,3.2908
2.6314,2.3754,2.5962,3.2908
2.6314,2.3754,2.5962,3.2908
2.6314,2.3754,2.5987,3.2908
2.634,2.3754,2.5962,3.2959
2.6391,2.3754,2.5885,3.2908
2.6314,2.3831,2.5962,3.2806
2.6314,2.378,2.6012,3.2934
2.6391,2.3703,2.5885,3.2934
2.6416,2.3856,2.5885,3.2806
2.6289,2.3831,2.6012,3.2832
2.6289,2.3729,2.5987,3.2883
2.6365,2.378,2.5962,3.2857
2.6365,2.3805,2.5962,3.2806
2.6365,2.3805,2.6012,3.2883
2.6365,2.3729,2.5936,3.2934
2.6416,2.3805,2.586,3.2806
2.6365,2.3856,2.5936,3.2781
2.6289,2.378,2.6012,3.2883
2.634,2.3729,2.586,3.2934
2.6416,2.3856,2.5885,3.2806
2.6289,2.3805,2.5987,3.2857
2.6365,2.3729,2.5936,3.2934
2.6391,2.3805,2.586,3.2857
2.6365,2.3856,2.5987,3.2781
2.6314,2.3805,2.5987,3.2857
2.6391,2.3754,2.5936,3.2908
2.6365,2.3754,2.586,3.2857
2.6416,2.3856,2.586,3.2781
2.6365,2.3881,2.5936,3.2781
2.634,2.3805,2.5962,3.2832
2.6365,2.3754,2.5911,3.2908
2.6416,2.3805,2.5834,3.2857
2.6365,2.3881,2.5936,3.2857
2.6289,2.3831,2.5911,3.2832
2.6365,2.3754,2.5936,3.2908
2.6416,2.3805,2.586,3.2832
2.6365,2.3881,2.5911,3.2781
2.6263,2.3805,2.5962,3.2832
2.6289,2.3754,2.5911,3.2908
2.6416,2.3754,2.586,3.2832
2.6442,2.3831,2.5834,3.2832
2.6365,2.3907,2.5911,3.2755
2.6314,2.3881,2.5911,3.2832
2.6365,2.3831,2.5962,3.2832
2.6391,2.378,2.5885,3.2832
2.6416,2.3831,2.5834,3.2806
2.6365,2.3831,2.5885,3.2781
2.6314,2.3907,2.5962,3.2832
2.6314,2.3754,2.5962,3.2883
2.6365,2.3754,2.5911,3.2883
2.6365,2.3831,2.5911,3.2806
2.6365,2.3805,2.5885,3.2832
2.6391,2.3831,2.5885,3.2806
2.6314,2.3831,2.5885,3.2832
2.6365,2.3754,2.5911,3.2883
2.6416,2.3831,2.5809,3.2806
2.6442,2.3907,2.5834,3.2755
2.6314,2.3881,2.5962,3.2755
2.6314,2.3831,2.5962,3.2883
2.6365,2.3754,2.5885,3.2908
2.6365,2.3805,2.5885,3.2832
2.6365,2.3831,2.5885,3.2857
2.6365,2.3805,2.5911,3.2857
2.634,2.3831,2.5962,3.2857
2.634,2.3805,2.5885,3.2857
2.6365,2.3805,2.5911,3.2857
2.6365,2.3805,2.5936,3.2857
2.634,2.3805,2.5911,3.2934
2.634,2.378,2.5936,3.2883
2.6314,2.378,2.5834,3.2832
2.6263,2.3856,2.5987,3.2883
2.6289,2.3703,2.5987,3.2934
2.6416,2.3703,2.5936,3.2959
2.6391,2.3754,2.586,3.2857
2.6314,2.3805,2.5911,3.2857
2.6314,2.3754,2.5911,3.2908
2.6289,2.3703,2.6012,3.2985
2.6391,2.3703,2.5911,3.301
2.6391,2.3805,2.5885,3.2857
2.6314,2.3805,2.5911,3.2934
2.6238,2.3754,2.6012,3.2959
2.6314,2.3678,2.5962,3.301
2.6365,2.3678,2.5885,3.2934
2.6365,2.3805,2.5885,3.2883
2.6238,2.378,2.5936,3.2959
2.6238,2.3729,2.5987,3.2934
2.6238,2.3652,2.5987,3.301
2.634,2.3652,2.5911,3.3061
2.634,2.3703,2.5885,3.2934
2.6289,2.378,2.5962,3.2934
2.6289,2.3703,2.5936,3.301
2.6263,2.3703,2.6012,3.301
2.6263,2.3627,2.5962,3.3087
2.6314,2.3703,2.5911,3.3036
2.634,2.3754,2.5911,3.2959
2.6238,2.3754,2.6038,3.2985
2.6213,2.3627,2.6012,3.3112
2.6213,2.3627,2.5962,3.3112
2.6238,2.3678,2.5962,3.3061
2.6263,2.3703,2.5962,3.3087
2.6238,2.3729,2.5962,3.3061
2.6263,2.3678,2.6012,3.3138
2.6213,2.3601,2.5962,3.3138
2.6314,2.3652,2.5911,3.3087
2.6238,2.3729,2.5962,3.3036
2.6187,2.3678,2.5962,3.3087
2.6213,2.3652,2.5962,3.3087
2.6289,2.3652,2.5911,3.3087
2.6238,2.3754,2.5962,3.3061
2.6162,2.3652,2.6038,3.3061
2.6213,2.3601,2.5962,3.3112
2.6289,2.3678,2.5911,3.3087
2.6238,2.3678,2.5936,3.301
2.6238,2.3703,2.5936,3.3061
2.6238,2.3627,2.5962,3.3087
2.6289,2.3652,2.5911,3.3087
2.6314,2.3754,2.5911,3.301
2.6238,2.3703,2.5936,3.3061
2.6238,2.3703,2.5962,3.3036
2.6238,2.3652,2.5962,3.3112
2.6314,2.3703,2.5885,3.2985
2.6263,2.3754,2.5987,3.2985
2.6187,2.3729,2.6012,3.3087
2.6238,2.3652,2.5936,3.3087
2.6314,2.3729,2.586,3.301
2.6263,2.378,2.5936,3.2934
2.6263,2.3754,2.5911,3.301
2.6213,2.3652,2.5987,3.3061
2.6263,2.3652,2.586,3.3061
2.634,2.3754,2.586,3.2934
2.6289,2.378,2.5911,3.2908
2.6213,2.3754,2.5962,3.2959
2.6263,2.3703,2.5911,3.3036
2.6314,2.3703,2.5834,3.2985
2.6365,2.3831,2.5834,3.2883
2.6238,2.3856,2.586,3.2934
2.6314,2.3805,2.5885,3.2908
2.6314,2.3754,2.5885,3.2908
2.6314,2.3805,2.5885,3.2857
2.6314,2.3881,2.586,3.2883
2.6289,2.3805,2.586,3.2883
2.6314,2.3754,2.586,3.2883
2.634,2.3831,2.5834,3.2883
2.6314,2.3831,2.5834,3.2883
2.6263,2.3831,2.5885,3.2934
2.6314,2.3754,2.586,3.2959
2.6391,2.3831,2.5783,3.2806
2.634,2.3907,2.5834,3.2806
2.6263,2.3856,2.5911,3.2883
2.6314,2.3805,2.5834,3.2934
2.6416,2.3805,2.5758,3.2883
2.6391,2.3907,2.5783,3.2806
2.6314,2.3958,2.5809,3.2781
2.6263,2.3856,2.5911,3.2857
2.6314,2.3881,2.5834,3.2883
2.634,2.3907,2.5809,3.2832
2.6314,2.3907,2.5809,3.2806
2.634,2.3958,2.5783,3.2806
2.6314,2.3907,2.586,3.2806
2.6365,2.3856,2.5783,3.2908
2.6391,2.3831,2.5732,3.2832
2.6391,2.3907,2.5732,3.2781
2.634,2.3983,2.5758,3.2781
2.6263,2.3932,2.5834,3.2857
2.6314,2.3932,2.5783,3.2908
2.634,2.3831,2.5707,3.2883
2.6416,2.3907,2.5732,3.2857
2.634,2.3983,2.5783,3.2832
2.6289,2.3932,2.586,3.2832
2.6263,2.3856,2.586,3.2883
2.6391,2.3856,2.5732,3.2883
2.6391,2.3983,2.5732,3.2832
2.634,2.3932,2.5758,3.2806
2.6289,2.3932,2.5834,3.2832
2.6314,2.3881,2.5783,3.2806
2.6416,2.3932,2.5732,3.2832
2.634,2.4009,2.5783,3.273
2.6289,2.4009,2.5834,3.2806
2.6289,2.3881,2.5834,3.2883
2.6314,2.3932,2.5783,3.2806
2.6365,2.3958,2.5758,3.2781
2.634,2.3958,2.5783,3.2806
2.6314,2.3958,2.5834,3.2806
2.6365,2.3881,2.5758,3.2781
2.634,2.3958,2.5656,3.2781
2.6314,2.4034,2.5834,3.2704
2.6314,2.3983,2.5809,3.2755
2.6365,2.3958,2.5758,3.2806
2.6416,2.4009,2.5681,3.2704
2.6314,2.406,2.5732,3.2679
2.6314,2.3983,2.5758,3.2755
2.6365,2.3932,2.5758,3.273
2.6442,2.4009,2.5656,3.273
2.6314,2.406,2.5732,3.2679
2.6314,2.4009,2.5783,3.2704
2.6365,2.3932,2.5758,3.2806
2.6442,2.4034,2.5707,3.273
2.6391,2.4085,2.5707,3.273
2.6391,2.4009,2.5809,3.273
2.6391,2.3958,2.5732,3.2781
2.6442,2.4034,2.5656,3.273
2.6391,2.4085,2.5732,3.273
2.6365,2.4034,2.5758,3.273
2.6391,2.3983,2.5707,3.2806
2.6442,2.406,2.5656,3.2679
2.6391,2.4111,2.5707,3.2653
2.634,2.4034,2.5783,3.2704
2.6391,2.3958,2.5707,3.273
2.6467,2.406,2.563,3.2704
2.6391,2.4111,2.5707,3.2653
2.634,2.4085,2.5783,3.2704
2.634,2.3983,2.5758,3.2781
2.6391,2.3983,2.5707,3.2781
2.6442,2.406,2.563,3.273
2.6467,2.4111,2.5656,3.2679
2.6314,2.4111,2.5783,3.273
2.6416,2.3983,2.5681,3.2781
2.6467,2.4034,2.5656,3.273
2.6391,2.4111,2.5707,3.2679
2.6391,2.4111,2.5758,3.273
2.6314,2.406,2.5707,3.273
2.6365,2.4034,2.5732,3.273
2.6442,2.406,2.5656,3.273
2.6365,2.4111,2.5707,3.2704
2.6314,2.4034,2.5758,3.273
2.6391,2.406,2.5707,3.2832
2.6467,2.406,2.563,3.2679
2.6365,2.4111,2.5707,3.2679
2.6314,2.3983,2.5758,3.2755
2.6365,2.3983,2.5707,3.2806
2.6416,2.4034,2.563,3.2704
2.6391,2.4034,2.5707,3.2755
2.6314,2.4034,2.5707,3.2755
2.6365,2.406,2.5707,3.2755
2.6442,2.406,2.5656,3.2755
2.6391,2.4085,2.5732,3.2755
2.634,2.4034,2.5758,3.2781
2.634,2.4034,2.5707,3.2857
2.6365,2.4009,2.5732,3.2781
2.6365,2.4009,2.5732,3.2806
2.6365,2.406,2.5732,3.273
2.6263,2.4009,2.5809,3.2806
2.6365,2.3907,2.5758,3.2806
2.6416,2.3932,2.5656,3.2832
2.6416,2.4034,2.5707,3.2781
2.634,2.406,2.5758,3.2781
2.6263,2.3983,2.5809,3.2857
2.634,2.3958,2.5834,3.2908
2.634,2.3907,2.5758,3.2908
2.6391,2.3958,2.5681,3.2857
2.634,2.4034,2.5758,3.2781
2.634,2.3958,2.5758,3.2857
2.634,2.3958,2.5732,3.2908
2.6314,2.4009,2.5758,3.2857
2.634,2.3958,2.5758,3.2806
2.634,2.3958,2.5758,3.2857
2.6289,2.3983,2.5834,3.2806
2.6289,2.3983,2.5758,3.2908
2.634,2.3907,2.5681,3.2908
2.6416,2.3983,2.5681,3.2781
2.6365,2.4034,2.5758,3.2755
2.6365,2.3983,2.5809,3.2806
2.6289,2.3932,2.5809,3.2857
2.6416,2.3932,2.5681,3.2781
2.6416,2.406,2.5656,3.273
2.6314,2.406,2.5783,3.273
2.6314,2.4034,2.5783,3.2857
2.6365,2.3958,2.5732,3.2857
2.6416,2.3983,2.5681,3.2832
2.634,2.406,2.5732,3.2755
2.6289,2.4009,2.5783,3.2781
2.634,2.3932,2.5758,3.2883
2.6416,2.3983,2.5656,3.273
2.6365,2.406,2.5732,3.273
2.6289,2.3983,2.5809,3.2806
2.6289,2.3932,2.5783,3.2883
2.6416,2.3932,2.5681,3.2806
2.6416,2.406,2.5681,3.2755
2.6365,2.406,2.5783,3.2755
2.6289,2.3983,2.5809,3.2883
2.6365,2.3932,2.5732,3.2883
2.6416,2.3983,2.5656,3.2832
2.6365,2.3983,2.5707,3.2781
2.634,2.3983,2.5732,3.2832
2.6365,2.3983,2.5732,3.2806
2.6365,2.3983,2.5732,3.2908
2.6416,2.3932,2.5732,3.2806
2.6365,2.3983,2.5758,3.2755
2.634,2.3958,2.5732,3.2832
2.6314,2.3958,2.5783,3.2832
2.6365,2.3907,2.5758,3.2908
2.6416,2.3932,2.5656,3.2806
2.6416,2.406,2.5681,3.2755
2.6365,2.406,2.5732,3.2755
2.6314,2.3983,2.5758,3.2781
2.6391,2.3932,2.5758,3.2883
2.6416,2.4009,2.5656,3.2806
2.6391,2.406,2.5732,3.273
2.6391,2.4009,2.5732,3.2781
2.6391,2.4009,2.5758,3.2832
2.6442,2.3932,2.5656,3.2857
2.6442,2.406,2.5656,3.273
2.634,2.4085,2.5732,3.2704
2.634,2.3983,2.5809,3.2806
2.6416,2.3958,2.5732,3.2806
2.6467,2.4034,2.5656,3.2755
2.6416,2.4111,2.5681,3.2679
2.6365,2.406,2.5758,3.273
2.6365,2.3983,2.5758,3.2781
2.6467,2.406,2.5656,3.273
2.6416,2.4111,2.5681,3.2679
2.634,2.4034,2.5758,3.273
2.634,2.3958,2.5758,3.2806
2.6467,2.3958,2.563,3.273
2.6493,2.4111,2.563,3.2679
2.6365,2.4111,2.5758,3.2704
2.6391,2.3958,2.5707,3.2704
2.6493,2.4009,2.563,3.273
2.6416,2.4111,2.5707,3.273
2.634,2.4111,2.5758,3.273
2.6365,2.3958,2.5758,3.2806
2.6467,2.3958,2.563,3.273
2.6467,2.4085,2.563,3.2679
2.6365,2.4111,2.5758,3.2704
2.6365,2.3958,2.5783,3.2806
2.6416,2.3958,2.563,3.2781
2.6467,2.4009,2.563,3.2679
2.6416,2.4085,2.5707,3.273
2.6365,2.4085,2.5758,3.273
2.634,2.4034,2.5758,3.2781
2.6416,2.3958,2.5707,3.2806
2.6493,2.4009,2.563,3.2653
2.6365,2.4085,2.5707,3.2679
2.6365,2.4009,2.5758,3.273
2.6416,2.3958,2.5681,3.2806
2.6493,2.4009,2.563,3.273
2.6416,2.4034,2.5707,3.2679
2.6442,2.4034,2.5707,3.2704
2.6416,2.4034,2.5681,3.2781
2.6467,2.3958,2.563,3.273
2.6493,2.4111,2.563,3.2653
2.6365,2.4085,2.5758,3.2679
2.6365,2.3958,2.5758,3.2781
