0.58451,2.9031,2.8638,2.638
0.59216,2.8955,2.8561,2.6431
0.5998,2.9031,2.8536,2.638
0.58961,2.9082,2.8561,2.6304
0.58706,2.9056,2.8612,2.6431
0.59216,2.8955,2.851,2.6431
0.5998,2.9031,2.851,2.6278
0.59216,2.9056,2.8561,2.6304
0.58706,2.9031,2.8612,2.638
0.59216,2.9031,2.8561,2.638
0.58961,2.9031,2.8561,2.638
0.59471,2.9056,2.8587,2.638
0.59216,2.9031,2.8561,2.6431
0.59216,2.9031,2.8587,2.638
0.59725,2.9056,2.851,2.6329
0.58451,2.9005,2.8638,2.638
0.58451,2.8955,2.8561,2.6431
0.59725,2.9005,2.851,2.6406
0.59216,2.9056,2.8561,2.6329
0.58451,2.9005,2.8612,2.6406
0.58961,2.8929,2.8587,2.6406
0.59725,2.9005,2.8561,2.6406
0.58961,2.898,2.8587,2.6406
0.58961,2.898,2.8587,2.6406
0.59216,2.9005,2.8587,2.638
0.5998,2.9056,2.851,2.6355
0.58451,2.9056,2.8638,2.638
0.59216,2.8929,2.8561,2.6482
0.59725,2.8955,2.851,2.6406
0.59216,2.9056,2.8561,2.6355
0.58961,2.8955,2.8587,2.6406
0.58961,2.898,2.8561,2.6482
0.58961,2.898,2.8587,2.6406
0.58961,2.898,2.8561,2.6431
0.58961,2.898,2.8561,2.6431
0.58961,2.8955,2.8561,2.6406
0.59216,2.898,2.8587,2.6431
0.58961,2.8955,2.8561,2.638
0.59216,2.8955,2.8587,2.6431
0.58451,2.8955,2.8587,2.6431
0.58961,2.8904,2.8561,2.6508
0.59725,2.8955,2.8561,2.6406
0.58961,2.9056,2.8561,2.6406
0.58451,2.8955,2.8638,2.6406
0.59216,2.8904,2.8587,2.6482
0.59725,2.8955,2.851,2.6406
0.59216,2.9056,2.8587,2.638
0.58451,2.898,2.8638,2.6482
0.59216,2.8929,2.8587,2.6482
0.59725,2.898,2.8485,2.6329
0.59216,2.9031,2.8561,2.6329
0.58706,2.8955,2.8612,2.638
0.59216,2.8929,2.8485,2.6457
0.5998,2.9005,2.8485,2.6329
0.59216,2.9056,2.8561,2.6329
0.58706,2.9005,2.8612,2.6355
0.59216,2.8929,2.8561,2.638
0.5998,2.9005,2.8485,2.6355
0.5998,2.9056,2.8561,2.6278
0.58961,2.9056,2.8612,2.6355
0.58961,2.9031,2.8612,2.6406
0.59216,2.8929,2.8536,2.6431
0.60235,2.9005,2.8485,2.6278
0.59216,2.9056,2.8612,2.6304
0.58706,2.8955,2.8612,2.6431
0.5998,2.8955,2.851,2.638
0.60235,2.9056,2.851,2.6278
0.58961,2.9056,2.8612,2.6355
0.58706,2.8955,2.8612,2.6431
0.5998,2.8955,2.851,2.6355
0.5998,2.9056,2.851,2.6278
0.58961,2.9031,2.8612,2.6355
0.59471,2.8955,2.8561,2.6406
0.60235,2.9031,2.8485,2.638
0.59725,2.9056,2.8561,2.6304
0.58961,2.9031,2.8612,2.6355
0.59216,2.8929,2.8561,2.6406
0.5998,2.9031,2.851,2.638
0.59725,2.9082,2.8536,2.6278
0.58961,2.9031,2.8536,2.6355
0.59471,2.8955,2.8561,2.6406
0.5998,2.9005,2.851,2.638
0.59471,2.9056,2.8561,2.6278
0.58961,2.9005,2.8638,2.638
0.59471,2.9031,2.8561,2.6431
0.59471,2.8955,2.8485,2.6431
0.5998,2.9082,2.851,2.6304
0.59471,2.9082,2.8561,2.6278
0.58706,2.9031,2.8638,2.6431
0.59471,2.8955,2.8561,2.6406
0.5998,2.9005,2.8485,2.638
0.59216,2.9031,2.8561,2.6304
0.59471,2.9005,2.8561,2.638
0.58706,2.9056,2.8561,2.6355
0.59471,2.8955,2.8536,2.6329
0.59471,2.9005,2.8485,2.6355
0.59471,2.9031,2.8561,2.6278
0.59216,2.9031,2.8561,2.6355
0.59471,2.9056,2.8561,2.6355
0.59471,2.8955,2.8561,2.6355
0.59725,2.9031,2.8485,2.6355
0.59471,2.9031,2.8561,2.6355
0.59216,2.9005,2.8612,2.6406
0.60235,2.8955,2.8587,2.6431
0.5998,2.9005,2.851,2.6355
0.59471,2.9031,2.8561,2.6304
0.59471,2.9031,2.8561,2.6355
0.58706,2.9031,2.8612,2.6355
0.59471,2.898,2.8561,2.6355
0.5998,2.9031,2.851,2.6355
0.5998,2.9082,2.8485,2.6304
0.59471,2.9107,2.8612,2.6278
0.58961,2.9056,2.8612,2.6355
0.59216,2.9031,2.8536,2.6355
0.59471,2.898,2.8561,2.638
0.5998,2.9031,2.851,2.6355
0.60235,2.9107,2.8485,2.6278
0.59471,2.9107,2.8536,2.6304
0.58961,2.9133,2.8587,2.638
0.58706,2.9005,2.8612,2.6406
0.5998,2.9005,2.8485,2.6431
0.60235,2.9056,2.8485,2.6304
0.59471,2.9133,2.8561,2.6304
0.58706,2.9056,2.8612,2.6329
0.59471,2.9005,2.8587,2.6406
0.60235,2.9082,2.8485,2.6355
0.59471,2.9082,2.8561,2.6278
0.59725,2.9056,2.8561,2.6355
0.59471,2.9056,2.8536,2.6355
0.59216,2.9056,2.8561,2.6355
0.5998,2.9056,2.851,2.638
0.59216,2.9133,2.8561,2.6278
0.59216,2.9056,2.8536,2.6355
0.59471,2.9082,2.8561,2.638
0.59471,2.9056,2.8561,2.6355
0.5998,2.9082,2.8485,2.6355
0.59471,2.9133,2.8561,2.6355
0.58706,2.9082,2.8612,2.6355
0.59216,2.9031,2.8536,2.6355
0.5998,2.9056,2.851,2.638
0.59471,2.9133,2.8561,2.6355
0.58961,2.9082,2.8638,2.6355
0.59725,2.9056,2.8561,2.6406
0.60235,2.9056,2.8485,2.6329
0.60235,2.9158,2.8485,2.6253
0.58961,2.9158,2.8612,2.6253
0.58961,2.9082,2.8612,2.6329
0.59725,2.9031,2.8536,2.638
0.59216,2.9056,2.8536,2.6355
0.6049,2.9082,2.8485,2.6329
0.59725,2.9158,2.8561,2.6329
0.58961,2.9107,2.8587,2.6304
0.59725,2.9082,2.8536,2.6329
0.59725,2.9082,2.8536,2.6304
0.60235,2.9107,2.8485,2.6304
0.59725,2.9158,2.8536,2.6253
0.58961,2.9158,2.8587,2.6329
0.58961,2.9031,2.8587,2.638
0.59471,2.9031,2.851,2.638
0.5998,2.9056,2.8459,2.6329
0.59471,2.9056,2.8536,2.6278
0.59725,2.9158,2.851,2.6355
0.58961,2.9082,2.851,2.6329
0.59216,2.9005,2.8536,2.6406
0.5998,2.9005,2.8459,2.6355
0.60235,2.9133,2.8485,2.6278
0.59471,2.9133,2.8536,2.6278
0.58961,2.9082,2.8587,2.6355
0.59216,2.9005,2.8536,2.6406
0.60235,2.9082,2.8459,2.6355
0.59471,2.9056,2.8536,2.6278
0.59725,2.9133,2.851,2.6329
0.58961,2.9056,2.8587,2.6329
0.59725,2.9082,2.8536,2.638
0.59471,2.9056,2.851,2.6304
0.60235,2.9056,2.8536,2.6329
0.59725,2.9133,2.851,2.6278
0.58961,2.9107,2.8587,2.6253
0.58961,2.9082,2.8587,2.638
0.59725,2.9005,2.8536,2.638
0.59725,2.9056,2.8536,2.6329
0.59471,2.9056,2.851,2.6253
0.59471,2.9082,2.851,2.6329
0.59471,2.9056,2.8536,2.6329
0.59725,2.9031,2.851,2.6355
0.60235,2.9056,2.8459,2.6329
0.59725,2.9107,2.851,2.6278
0.58961,2.9107,2.8587,2.6329
0.58961,2.9005,2.8587,2.6406
0.59725,2.9005,2.851,2.6406
0.5998,2.9056,2.8459,2.6355
0.59216,2.9082,2.851,2.6278
0.59471,2.9133,2.851,2.6355
0.58706,2.9056,2.8612,2.6355
0.58961,2.898,2.8587,2.6406
0.5998,2.9005,2.8459,2.6431
0.60235,2.9056,2.8459,2.6304
0.59471,2.9107,2.851,2.6304
0.58961,2.9056,2.8587,2.6355
0.59216,2.898,2.8536,2.638
0.59216,2.9056,2.8561,2.638
0.59471,2.9056,2.8536,2.638
0.59471,2.9107,2.8561,2.6406
0.58961,2.9056,2.8612,2.638
0.59216,2.9056,2.8561,2.6406
0.5998,2.9056,2.8485,2.6355
0.59471,2.9056,2.8536,2.6329
0.59471,2.9056,2.8536,2.6355
0.59216,2.9056,2.8561,2.6355
0.59216,2.9005,2.851,2.6406
0.5998,2.9056,2.8485,2.6355
0.59216,2.9056,2.8561,2.6355
0.59471,2.9133,2.8536,2.6329
0.58961,2.9056,2.8587,2.6355
0.58961,2.9005,2.8612,2.6406
0.59216,2.9005,2.8485,2.6406
0.5998,2.9107,2.8485,2.6278
0.59471,2.9133,2.851,2.6278
0.58961,2.9082,2.8612,2.6329
0.59725,2.9031,2.8561,2.638
0.59725,2.9082,2.8561,2.6329
0.60235,2.9082,2.8485,2.6329
0.59725,2.9158,2.8561,2.6278
0.58961,2.9082,2.8612,2.6304
0.58961,2.9031,2.8612,2.638
0.59725,2.9031,2.8485,2.638
0.60235,2.9056,2.8485,2.6253
0.59471,2.9082,2.8536,2.6253
0.59471,2.9082,2.8561,2.6304
0.59471,2.9056,2.8612,2.6278
0.59471,2.9005,2.851,2.638
0.60235,2.9082,2.8459,2.6329
0.60235,2.9133,2.8485,2.6253
0.58961,2.9133,2.8612,2.6329
0.58961,2.9031,2.8587,2.638
0.59725,2.9056,2.851,2.6304
0.60235,2.9082,2.8536,2.6329
0.59471,2.9133,2.8561,2.6253
0.58961,2.9056,2.8587,2.6355
0.59471,2.9005,2.8536,2.638
0.5998,2.9005,2.851,2.6329
0.60235,2.9133,2.8485,2.6253
0.58706,2.9107,2.8587,2.6355
0.58961,2.9005,2.8536,2.638
0.5998,2.9082,2.8459,2.6329
0.59471,2.9133,2.8536,2.6278
0.58961,2.9133,2.8587,2.6329
0.58961,2.9056,2.8536,2.638
0.59725,2.9031,2.8536,2.6329
0.60235,2.9082,2.8459,2.6304
0.59471,2.9158,2.8536,2.6304
0.58961,2.9158,2.8587,2.6304
0.59725,2.9107,2.8587,2.6355
0.59725,2.9031,2.8459,2.638
0.60235,2.9107,2.8434,2.6278
0.59725,2.9082,2.8459,2.6227
0.59725,2.9158,2.851,2.6227
0.58961,2.9107,2.8561,2.6278
0.5998,2.9082,2.851,2.6329
0.59471,2.9056,2.851,2.6278
0.60235,2.9107,2.8434,2.6278
0.6049,2.9158,2.8434,2.6202
0.59216,2.9184,2.8561,2.6227
0.58961,2.9107,2.8587,2.6278
0.59725,2.9031,2.851,2.6355
0.60235,2.9056,2.8409,2.6278
0.6049,2.9158,2.8459,2.6253
0.58961,2.9184,2.8561,2.6202
0.58961,2.9082,2.8561,2.6329
0.59725,2.9031,2.851,2.6355
0.60235,2.9082,2.8434,2.6278
0.59725,2.9107,2.8485,2.6202
0.59471,2.9107,2.851,2.6278
0.58961,2.9107,2.8561,2.6278
0.59725,2.9056,2.8485,2.6355
0.5998,2.9107,2.8459,2.6278
0.59471,2.9158,2.851,2.6227
0.58961,2.9082,2.8561,2.6304
0.59471,2.9056,2.851,2.638
0.60235,2.9082,2.8459,2.6304
0.60235,2.9184,2.8434,2.6253
0.58961,2.9158,2.8561,2.6329
0.59216,2.9031,2.8561,2.638
0.60235,2.9056,2.8536,2.638
0.60235,2.9158,2.8459,2.6253
0.59471,2.9158,2.851,2.6304
0.58961,2.9107,2.851,2.6304
0.59725,2.9107,2.851,2.6304
0.59471,2.9082,2.851,2.6329
0.59471,2.9107,2.851,2.6329
0.59216,2.9082,2.8536,2.6329
0.59471,2.9082,2.8536,2.6355
0.59216,2.9082,2.851,2.6329
0.59216,2.9158,2.8587,2.6304
0.58706,2.898,2.8587,2.6406
0.59216,2.9031,2.8485,2.6431
0.5998,2.9056,2.8485,2.6304
0.59216,2.9133,2.8561,2.6304
0.58706,2.9082,2.8587,2.6406
0.59216,2.9031,2.8536,2.6406
0.5998,2.9082,2.8459,2.6278
0.59471,2.9133,2.8561,2.6278
0.58706,2.9056,2.8587,2.638
0.59725,2.9031,2.851,2.6406
0.59471,2.9082,2.8485,2.6355
0.59725,2.9158,2.8536,2.6355
0.58961,2.9107,2.8587,2.6355
0.59471,2.9082,2.8536,2.6406
0.5998,2.9082,2.8561,2.6355
0.59216,2.9158,2.8536,2.638
0.58706,2.9082,2.8587,2.6355
0.59216,2.9005,2.8561,2.6431
0.5998,2.9082,2.8485,2.6355
0.59216,2.9133,2.8561,2.6304
0.59216,2.9082,2.8536,2.6355
0.59216,2.9056,2.8536,2.6431
0.59216,2.9082,2.8536,2.638
0.59216,2.9082,2.851,2.6406
0.59216,2.9133,2.8536,2.6329
0.58706,2.9158,2.8612,2.6355
0.58706,2.9031,2.8612,2.6457
0.5998,2.9031,2.8536,2.6431
0.5998,2.9056,2.851,2.638
0.59216,2.9133,2.8561,2.6304
0.59216,2.9056,2.8561,2.638
0.59216,2.9056,2.8612,2.6431
0.59216,2.9005,2.8561,2.6431
0.59725,2.9056,2.851,2.638
0.58961,2.9133,2.8561,2.6329
0.58451,2.9082,2.8612,2.638
0.59216,2.9005,2.8561,2.6482
0.59725,2.9056,2.8485,2.638
0.58961,2.9133,2.8561,2.6355
0.58196,2.9031,2.8638,2.6482
0.59216,2.898,2.8587,2.6482
0.59725,2.9056,2.8485,2.6406
0.58961,2.9107,2.8561,2.638
0.58706,2.9056,2.8638,2.6406
0.58961,2.898,2.8587,2.6482
0.59725,2.9056,2.851,2.6406
0.59216,2.9107,2.8561,2.6355
0.58451,2.9056,2.8612,2.6431
0.58961,2.9056,2.8561,2.6482
0.5998,2.9056,2.851,2.6406
0.59725,2.9107,2.8561,2.6406
0.58451,2.9107,2.8638,2.6431
0.58451,2.898,2.8612,2.6482
0.59471,2.9005,2.851,2.6406
0.59216,2.9107,2.8561,2.6355
0.58451,2.9056,2.8638,2.6431
0.58961,2.9005,2.8587,2.6482
0.59725,2.9056,2.8485,2.638
0.58961,2.9133,2.8561,2.6355
0.58451,2.9056,2.8638,2.6457
0.59725,2.9005,2.851,2.6482
0.59471,2.9133,2.851,2.6329
0.58196,2.9133,2.8612,2.6406
0.58451,2.9005,2.8561,2.6482
0.59725,2.9056,2.851,2.6406
0.58961,2.9133,2.8561,2.638
0.58451,2.9056,2.8638,2.6406
0.58961,2.9005,2.8561,2.6508
0.59471,2.9082,2.851,2.6406
0.59216,2.9107,2.8561,2.6406
0.58961,2.9056,2.8561,2.6431
0.58961,2.9056,2.8561,2.6406
0.58961,2.9056,2.8561,2.6355
0.58961,2.9056,2.8561,2.6431
0.58961,2.9056,2.8561,2.6482
0.58961,2.9056,2.8561,2.6457
0.58961,2.9056,2.8587,2.638
0.57941,2.9056,2.8612,2.6431
0.58706,2.9005,2.8587,2.6482
0.59216,2.9056,2.851,2.6431
0.58706,2.9107,2.8561,2.638
0.58196,2.9056,2.8638,2.6431
0.58961,2.9031,2.8561,2.6431
0.59471,2.9056,2.851,2.6406
0.58961,2.9133,2.8561,2.6431
0.58196,2.9056,2.8612,2.6406
0.57941,2.9005,2.8612,2.6482
0.59471,2.9005,2.8485,2.6431
0.59725,2.9133,2.851,2.6355
0.58961,2.9133,2.8561,2.6355
0.58196,2.9082,2.8612,2.6482
0.59216,2.9005,2.8561,2.6482
0.59725,2.9056,2.8459,2.6406
0.58961,2.9056,2.851,2.6329
0.58961,2.9133,2.8561,2.6406
0.58451,2.9056,2.8536,2.6406
0.58961,2.9005,2.8561,2.6457
0.59725,2.9056,2.8459,2.6406
0.58706,2.9107,2.8561,2.6329
0.58451,2.9082,2.8612,2.6406
0.59216,2.9005,2.8536,2.6457
0.59725,2.9005,2.8459,2.6406
0.59725,2.9133,2.8485,2.6329
0.58451,2.9133,2.8587,2.6406
0.58451,2.9031,2.8587,2.6482
0.58961,2.9056,2.851,2.638
0.59725,2.9133,2.8459,2.6355
0.58196,2.9133,2.8612,2.6329
0.58451,2.898,2.8587,2.6406
0.59725,2.9031,2.851,2.6482
0.59725,2.9056,2.8459,2.6355
0.58961,2.9107,2.8536,2.6355
0.58196,2.9056,2.8587,2.6406
0.58961,2.9056,2.8536,2.6406
0.58961,2.9005,2.851,2.6406
0.59725,2.9056,2.8459,2.6406
0.58961,2.9107,2.851,2.6355
0.58196,2.9133,2.8561,2.638
0.58451,2.9005,2.8587,2.6431
0.59725,2.9005,2.851,2.6431
0.59725,2.9082,2.8434,2.6329
0.58961,2.9158,2.851,2.6329
0.58196,2.9133,2.8561,2.638
0.58706,2.9005,2.8561,2.6431
0.58961,2.9005,2.851,2.6431
0.59725,2.9082,2.8434,2.638
0.59216,2.9082,2.8485,2.6355
0.59216,2.9158,2.8485,2.6329
0.58706,2.9107,2.8536,2.6329
0.59216,2.9107,2.8459,2.638
0.59216,2.9107,2.8485,2.6329
0.59216,2.9107,2.8409,2.6329
0.59471,2.9158,2.851,2.6253
0.58961,2.9184,2.851,2.6227
0.58706,2.9107,2.8536,2.638
0.59216,2.9056,2.8459,2.6355
0.59471,2.9133,2.8459,2.6278
0.60235,2.9158,2.8409,2.6304
0.59471,2.9209,2.8485,2.6278
0.58961,2.9184,2.851,2.6278
0.58961,2.9133,2.8459,2.6278
0.59471,2.9082,2.8459,2.6278
0.60235,2.9158,2.8409,2.6278
0.60235,2.9209,2.8459,2.6202
0.58961,2.9235,2.851,2.6253
0.59216,2.9082,2.851,2.6304
0.59725,2.9107,2.8459,2.6304
0.60235,2.9235,2.8383,2.6151
0.58961,2.926,2.8409,2.6151
0.59216,2.9158,2.851,2.6278
0.59725,2.9107,2.8434,2.6278
0.60235,2.9158,2.8383,2.6151
0.5998,2.926,2.8434,2.6125
0.59216,2.9209,2.8485,2.6176
0.5998,2.9158,2.8434,2.6278
0.6049,2.9158,2.8358,2.6176
0.5998,2.926,2.8434,2.6125
0.5998,2.9209,2.851,2.6176
0.5998,2.9235,2.8434,2.6227
0.5998,2.9235,2.8409,2.6176
0.5998,2.9209,2.8409,2.6125
0.60235,2.9235,2.8383,2.6151
0.59471,2.926,2.8459,2.6151
0.60235,2.9158,2.8409,2.6227
0.6049,2.9209,2.8332,2.6151
0.60235,2.9311,2.8409,2.6074
0.59471,2.926,2.8459,2.6151
0.5998,2.9133,2.8409,2.6202
0.60745,2.9235,2.8332,2.6125
0.5998,2.9286,2.8409,2.6074
0.60235,2.9235,2.8459,2.6151
0.59471,2.9184,2.8459,2.6202
0.61,2.9209,2.8307,2.6125
0.60745,2.9311,2.8332,2.6049
0.59725,2.9311,2.8434,2.6049
0.59471,2.9209,2.8409,2.6176
0.60235,2.9235,2.8307,2.6176
0.60745,2.9286,2.8358,2.61
0.60235,2.9362,2.8383,2.6023
0.59471,2.9337,2.8409,2.61
0.59725,2.9209,2.8409,2.6151
0.61,2.9235,2.8383,2.6176
0.61,2.9286,2.8358,2.61
0.60235,2.9362,2.8358,2.6049
0.59725,2.9362,2.8409,2.6023
0.59725,2.9235,2.8409,2.6074
0.60235,2.926,2.8358,2.6151
0.61,2.9286,2.8281,2.6074
0.6049,2.9286,2.8332,2.6023
0.6049,2.9311,2.8358,2.6074
0.6049,2.9311,2.8409,2.6074
0.60235,2.9209,2.8358,2.6049
0.61,2.9311,2.8307,2.6074
0.60235,2.9311,2.8358,2.5998
0.59725,2.9311,2.8409,2.6023
0.6049,2.926,2.8358,2.6125
0.61,2.9337,2.8281,2.6074
0.60235,2.9388,2.8307,2.5972
0.59725,2.9337,2.8409,2.6049
0.5998,2.926,2.8409,2.61
0.60235,2.9311,2.8358,2.6049
0.60235,2.9362,2.8358,2.6023
0.6049,2.9413,2.8383,2.5972
0.59725,2.9337,2.8409,2.6023
0.6049,2.9286,2.8358,2.6074
0.61,2.9362,2.8281,2.5998
