0.44941,2.044,2.902,1.2101
0.44176,2.0364,2.9122,1.2101
0.44941,2.0287,2.9071,1.2152
0.45705,2.0389,2.902,1.2101
0.45195,2.044,2.9071,1.2024
0.44176,2.0364,2.9173,1.2101
0.4545,2.0287,2.9097,1.2152
0.4545,2.0364,2.9046,1.1999
0.44176,2.0414,2.9199,1.1999
0.44431,2.0287,2.9173,1.2152
0.4545,2.0262,2.9097,1.2152
0.45705,2.0313,2.9122,1.2101
0.44941,2.0313,2.9173,1.2101
0.44941,2.0313,2.9224,1.2101
0.44941,2.0313,2.9173,1.2152
0.45705,2.0313,2.9097,1.2024
0.43921,2.0414,2.9173,1.2024
0.43921,2.0313,2.9224,1.2152
0.4545,2.0287,2.9097,1.2152
0.4545,2.0389,2.9122,1.205
0.43921,2.0389,2.9224,1.2101
0.44176,2.0262,2.9224,1.2152
0.4545,2.0287,2.9097,1.2101
0.4545,2.0389,2.9097,1.2024
0.43921,2.0389,2.9224,1.1999
0.44176,2.0262,2.9199,1.2152
0.44941,2.0287,2.9046,1.2177
0.4545,2.0338,2.9071,1.2024
0.44176,2.0414,2.9122,1.2024
0.44176,2.0364,2.9199,1.2101
0.44686,2.0338,2.9122,1.2101
0.44941,2.0364,2.9122,1.205
0.44686,2.0338,2.9122,1.2101
0.44941,2.0364,2.9122,1.2101
0.44941,2.0287,2.9097,1.2075
0.4545,2.0338,2.9046,1.2075
0.45705,2.044,2.9046,1.2024
0.44431,2.0414,2.9173,1.2101
0.44176,2.0364,2.9173,1.2152
0.44941,2.0313,2.9097,1.2177
0.4545,2.0364,2.9046,1.2075
0.44686,2.044,2.9071,1.205
0.44686,2.0364,2.9097,1.2075
0.44941,2.0364,2.9071,1.2101
0.44941,2.0313,2.9097,1.2101
0.45705,2.0389,2.902,1.2101
0.44686,2.044,2.9071,1.2024
0.44176,2.0389,2.9122,1.2075
0.44431,2.0313,2.9122,1.2152
0.44686,2.0313,2.9071,1.2152
0.4545,2.0389,2.8995,1.2075
0.44941,2.0389,2.9046,1.2024
0.44941,2.0389,2.902,1.2101
0.44941,2.0389,2.9097,1.2101
0.44176,2.0338,2.9046,1.2152
0.44941,2.0389,2.9046,1.2101
0.44686,2.0389,2.8995,1.2024
0.44941,2.044,2.902,1.2024
0.44176,2.0338,2.9097,1.2152
0.44686,2.0313,2.8944,1.2126
0.4545,2.0389,2.8969,1.205
0.44686,2.0465,2.902,1.2024
0.43921,2.0338,2.9097,1.2177
0.4545,2.0338,2.8944,1.2152
0.4545,2.0389,2.8969,1.2101
0.43921,2.044,2.902,1.2101
0.44941,2.0414,2.9071,1.2101
0.44686,2.0338,2.8995,1.2203
0.4545,2.0414,2.8944,1.2101
0.44686,2.0465,2.8995,1.2101
0.44176,2.0414,2.9046,1.2101
0.44941,2.0338,2.902,1.2101
0.4545,2.0389,2.8944,1.205
0.44686,2.0414,2.902,1.2024
0.44686,2.0414,2.902,1.2101
0.43921,2.0338,2.9046,1.2152
0.4545,2.0338,2.8918,1.2177
0.4545,2.0465,2.8944,1.2024
0.44176,2.0465,2.9071,1.2101
0.44431,2.0338,2.9071,1.2177
0.4545,2.0414,2.8969,1.2101
0.44686,2.0465,2.8995,1.205
0.44176,2.0389,2.9046,1.2101
0.44941,2.0338,2.902,1.2177
0.44686,2.0389,2.8969,1.2101
0.44941,2.0389,2.902,1.2024
0.44941,2.0414,2.8995,1.2101
0.44941,2.0414,2.902,1.2152
0.44941,2.0389,2.9046,1.2101
0.44941,2.044,2.902,1.2024
0.44941,2.0389,2.9097,1.2101
0.44941,2.0389,2.902,1.2177
0.44941,2.0389,2.902,1.2101
0.44686,2.044,2.902,1.205
0.44686,2.0389,2.902,1.2101
0.44941,2.0313,2.902,1.2177
0.44686,2.0389,2.902,1.2101
0.44686,2.0389,2.902,1.2024
0.44176,2.0389,2.9097,1.2101
0.44686,2.0338,2.902,1.2177
0.4545,2.0313,2.8944,1.2126
0.4545,2.0465,2.8969,1.205
0.44176,2.0465,2.9097,1.205
0.44431,2.0338,2.9097,1.2177
0.4545,2.0313,2.8969,1.2101
0.45705,2.0465,2.8969,1.205
0.43921,2.0465,2.9097,1.2101
0.44176,2.0389,2.902,1.2177
0.44941,2.0389,2.902,1.2126
0.44686,2.0389,2.902,1.205
0.44686,2.0389,2.902,1.2101
0.44941,2.0364,2.8995,1.2101
0.44686,2.0389,2.902,1.2101
0.4545,2.0364,2.8969,1.2101
0.44941,2.0465,2.902,1.2024
0.44431,2.0389,2.9071,1.2101
0.44686,2.0338,2.902,1.2101
0.4545,2.0389,2.8918,1.2101
0.44686,2.0465,2.8995,1.2101
0.43921,2.0389,2.902,1.2101
0.44941,2.0313,2.8995,1.2152
0.4545,2.0389,2.8893,1.2126
0.44686,2.0465,2.8969,1.205
0.44941,2.0389,2.902,1.2152
0.44941,2.0338,2.8995,1.2177
0.4545,2.0414,2.8893,1.2101
0.44686,2.0491,2.8969,1.205
0.44176,2.0389,2.902,1.2101
0.44941,2.0338,2.8969,1.2152
0.45705,2.0389,2.8893,1.2126
0.44686,2.0465,2.8944,1.205
0.44686,2.0414,2.902,1.2101
0.44686,2.0338,2.8944,1.2177
0.45195,2.0389,2.8893,1.2101
0.44941,2.0465,2.8969,1.205
0.43921,2.0414,2.902,1.2126
0.44941,2.0338,2.8918,1.2177
0.45195,2.0414,2.8867,1.2101
0.44941,2.0491,2.8918,1.205
0.44176,2.044,2.8969,1.2101
0.44686,2.0338,2.8918,1.2126
0.44941,2.0389,2.8867,1.2126
0.44686,2.0414,2.8918,1.2101
0.44431,2.044,2.8867,1.2203
0.44941,2.044,2.8867,1.2101
0.44686,2.0491,2.8842,1.2075
0.43921,2.0414,2.8918,1.2101
0.44686,2.0389,2.8842,1.2203
0.4545,2.0465,2.8765,1.2152
0.43921,2.0516,2.8816,1.2075
0.43921,2.0465,2.8867,1.2203
0.44431,2.0389,2.8791,1.2203
0.4545,2.0516,2.8714,1.2101
0.44686,2.0516,2.8791,1.2075
0.43921,2.0465,2.8816,1.2101
0.44686,2.044,2.8765,1.2203
0.44941,2.0491,2.8689,1.2126
0.44431,2.0516,2.874,1.2075
0.43921,2.0465,2.8816,1.2126
0.44686,2.0414,2.874,1.2203
0.44431,2.0491,2.8663,1.2126
0.44686,2.0491,2.8714,1.2075
0.44686,2.0516,2.8689,1.2152
0.44431,2.0491,2.8689,1.2126
0.44431,2.044,2.8689,1.2152
0.45195,2.0491,2.8689,1.2126
0.44686,2.0567,2.8689,1.2126
0.44686,2.0491,2.8663,1.2126
0.44431,2.0491,2.8663,1.2126
0.45195,2.0491,2.8587,1.2152
0.44431,2.0567,2.8638,1.2152
0.43666,2.0516,2.8714,1.2152
0.44431,2.0465,2.8663,1.2203
0.45195,2.0465,2.8587,1.2152
0.45195,2.0567,2.8561,1.2101
0.44431,2.0567,2.8612,1.2075
0.43921,2.0516,2.8663,1.2152
0.44176,2.0516,2.8612,1.2228
0.44431,2.0465,2.8612,1.2152
0.44941,2.0542,2.8561,1.2152
0.44431,2.0593,2.8612,1.2101
0.43666,2.0567,2.8663,1.2152
0.43921,2.0465,2.8663,1.2203
0.44176,2.0465,2.8536,1.2203
0.44941,2.0542,2.8536,1.2152
0.44431,2.0593,2.8587,1.2101
0.43666,2.0593,2.8638,1.2126
0.43666,2.0465,2.8638,1.2203
0.44941,2.0491,2.851,1.2228
0.45195,2.0593,2.851,1.2101
0.44431,2.0593,2.8587,1.2101
0.43921,2.0516,2.8612,1.2152
0.44431,2.0465,2.8561,1.2228
0.45195,2.0491,2.8485,1.2152
0.44431,2.0593,2.8536,1.2101
0.43666,2.0542,2.8587,1.2152
0.44176,2.0491,2.8536,1.2152
0.44941,2.0542,2.8459,1.2177
0.44176,2.0618,2.8536,1.2101
0.43666,2.0542,2.8561,1.2177
0.44176,2.0491,2.851,1.2254
0.44941,2.0491,2.8459,1.2177
0.44941,2.0593,2.8434,1.2101
0.44176,2.0542,2.851,1.2177
0.43666,2.0567,2.8561,1.2152
0.44431,2.0516,2.851,1.2254
0.44941,2.0567,2.8434,1.2152
0.44686,2.0618,2.8434,1.2101
0.43666,2.0644,2.8587,1.2177
0.43666,2.0491,2.8587,1.2254
0.44941,2.0491,2.8485,1.2254
0.44941,2.0567,2.8434,1.2101
0.44431,2.0618,2.8485,1.2126
0.43666,2.0516,2.8587,1.2228
0.43921,2.0491,2.8434,1.2254
0.44941,2.0542,2.8409,1.2177
0.44431,2.0567,2.8485,1.2126
0.44176,2.0567,2.851,1.2177
0.44176,2.0567,2.8485,1.2228
0.44176,2.0542,2.8485,1.2203
0.44176,2.0542,2.8434,1.2203
0.44176,2.0542,2.8485,1.2126
0.43666,2.0567,2.8561,1.2177
0.44176,2.0491,2.851,1.2254
0.44941,2.0567,2.8409,1.2126
0.44176,2.0618,2.8459,1.2101
0.44176,2.0567,2.851,1.2177
0.44176,2.0567,2.8485,1.2177
0.43921,2.0542,2.8485,1.2177
0.44941,2.0567,2.8409,1.2177
0.44176,2.0644,2.8485,1.2101
0.43666,2.0618,2.851,1.2177
0.44176,2.0567,2.851,1.2254
0.44686,2.0491,2.8434,1.2254
0.44686,2.0593,2.8434,1.2101
0.44176,2.0542,2.851,1.2177
0.43666,2.0516,2.851,1.2203
0.44176,2.0542,2.851,1.2228
0.44941,2.0516,2.8434,1.2101
0.43666,2.0618,2.8561,1.2126
0.43666,2.0491,2.8536,1.2254
0.44941,2.0491,2.8434,1.2254
0.44941,2.0618,2.8434,1.2101
0.43411,2.0618,2.8561,1.2101
0.43411,2.0491,2.8536,1.2254
0.44176,2.0491,2.8434,1.2254
0.44941,2.0542,2.851,1.2177
0.43921,2.0593,2.8459,1.2177
0.43666,2.0618,2.8485,1.2203
0.43921,2.0567,2.8459,1.2177
0.44176,2.0491,2.8434,1.2152
0.43921,2.0593,2.8485,1.2177
0.43666,2.0567,2.8536,1.2203
0.44431,2.0491,2.8485,1.2254
0.44941,2.0491,2.8485,1.2203
0.44176,2.0542,2.8485,1.2177
0.44176,2.0644,2.8485,1.2177
0.43411,2.0567,2.8536,1.2177
0.43921,2.0491,2.8485,1.2254
0.44941,2.0491,2.8409,1.2177
0.44941,2.0644,2.8409,1.2126
0.43666,2.0593,2.8536,1.2126
0.43411,2.0542,2.8536,1.2228
0.43921,2.0491,2.8485,1.2254
0.44941,2.0542,2.8409,1.2177
0.44176,2.0593,2.851,1.2126
0.43921,2.0567,2.8485,1.2203
0.43921,2.0542,2.851,1.2177
0.44176,2.0542,2.8485,1.2228
0.44686,2.0567,2.8434,1.2177
0.44431,2.0516,2.8459,1.2126
0.44176,2.0593,2.8459,1.2126
0.43666,2.0542,2.8561,1.2152
0.43666,2.0567,2.8485,1.2254
0.43921,2.0542,2.8485,1.2177
0.44176,2.0542,2.8409,1.2177
0.44176,2.0618,2.8485,1.2177
0.43666,2.0567,2.8536,1.2177
0.44176,2.0491,2.8459,1.2254
0.44941,2.0542,2.8409,1.2203
0.44431,2.0593,2.8485,1.2126
0.43666,2.0542,2.8561,1.2177
0.43411,2.0491,2.8536,1.2254
0.44941,2.0491,2.8459,1.2254
0.44941,2.0567,2.8409,1.2126
0.44176,2.0618,2.8536,1.2126
0.43666,2.0567,2.8536,1.2228
0.44941,2.0491,2.8383,1.2203
0.44941,2.0618,2.8409,1.2126
0.43666,2.0618,2.8561,1.2177
0.43666,2.0491,2.8536,1.2228
0.44941,2.0516,2.8409,1.2177
0.44941,2.0593,2.8409,1.2152
0.43411,2.0618,2.851,1.2177
0.43666,2.0465,2.8561,1.2254
0.44941,2.0465,2.8409,1.2203
0.44941,2.0618,2.8409,1.2126
0.43411,2.0618,2.8536,1.2177
0.43666,2.0491,2.8561,1.2254
0.44941,2.0465,2.851,1.2177
0.44176,2.0542,2.8485,1.2126
0.44176,2.0516,2.851,1.2177
0.44176,2.0516,2.8485,1.2203
0.44176,2.0542,2.8485,1.2177
0.44176,2.0542,2.8434,1.2177
0.44176,2.0593,2.8485,1.2101
0.43666,2.0542,2.8561,1.2177
0.44176,2.0542,2.851,1.2228
0.44176,2.0516,2.8485,1.2177
0.44941,2.0567,2.8409,1.2177
0.44176,2.0618,2.851,1.2126
0.43666,2.0516,2.8536,1.2203
0.43666,2.0465,2.8587,1.2203
0.44941,2.0491,2.851,1.2177
0.44941,2.0516,2.851,1.2177
0.44431,2.0593,2.851,1.2177
0.43666,2.0516,2.8561,1.2203
0.44176,2.0465,2.851,1.2254
0.44941,2.0491,2.8459,1.2177
0.44941,2.0593,2.8434,1.2101
0.44176,2.0593,2.8561,1.2126
0.43666,2.0516,2.8587,1.2228
0.44176,2.0491,2.851,1.2254
0.44941,2.0516,2.8459,1.2177
0.44176,2.0542,2.851,1.2101
0.44686,2.0516,2.8536,1.2177
0.43666,2.0516,2.8612,1.2177
0.44176,2.0465,2.8536,1.2228
0.44941,2.044,2.8485,1.2177
0.44941,2.0593,2.851,1.2101
0.44431,2.0593,2.8612,1.2101
0.43666,2.044,2.8638,1.2254
0.44431,2.044,2.8561,1.2203
0.44941,2.0491,2.851,1.2152
0.44941,2.0542,2.851,1.2101
0.43666,2.0542,2.8638,1.2152
0.43921,2.044,2.8638,1.2228
0.44176,2.044,2.8587,1.2152
0.45195,2.0491,2.8536,1.2152
0.44176,2.0491,2.8587,1.2101
0.43666,2.0491,2.8638,1.2177
0.44431,2.0465,2.8587,1.2254
0.44941,2.044,2.851,1.2177
0.44941,2.0516,2.8587,1.2101
0.44176,2.0491,2.8587,1.2152
0.44176,2.0491,2.8638,1.2177
0.44431,2.044,2.8587,1.2228
0.44941,2.0491,2.8536,1.2177
0.44941,2.0567,2.8536,1.2126
0.43666,2.0567,2.8663,1.2101
0.43666,2.0491,2.8612,1.2152
0.44176,2.0491,2.8587,1.2152
0.44941,2.0491,2.8561,1.2152
0.44431,2.0567,2.8612,1.2152
0.44431,2.0491,2.8689,1.2152
0.44176,2.0491,2.8612,1.2152
0.44431,2.0491,2.8612,1.2177
0.44431,2.0542,2.8612,1.2177
0.43666,2.0465,2.8612,1.2152
0.44431,2.0414,2.8638,1.2177
0.44941,2.0491,2.8536,1.2177
0.44686,2.0491,2.8612,1.2152
0.44176,2.0491,2.8689,1.2228
0.44941,2.044,2.8561,1.2228
0.44941,2.0542,2.8561,1.2101
0.43666,2.0542,2.8689,1.2177
0.43666,2.0414,2.8663,1.2228
0.44941,2.0414,2.8536,1.2177
0.44941,2.0542,2.8536,1.2101
0.43666,2.0567,2.8663,1.2152
0.43666,2.044,2.8663,1.2177
0.44941,2.0414,2.8561,1.2177
0.44941,2.0542,2.8536,1.2101
0.43666,2.0542,2.8689,1.2152
0.43666,2.044,2.8663,1.2254
0.44176,2.0491,2.8612,1.2177
0.44431,2.0542,2.8587,1.2101
0.43666,2.0491,2.8638,1.2177
0.44431,2.0465,2.8587,1.2228
0.45195,2.0491,2.8561,1.2177
0.44176,2.0542,2.8587,1.2101
0.43666,2.0516,2.8638,1.2152
0.44431,2.044,2.8612,1.2177
0.44941,2.0491,2.851,1.2177
0.44431,2.0567,2.8587,1.2177
0.43666,2.0491,2.8587,1.2177
0.44431,2.044,2.8587,1.2177
0.44941,2.0491,2.851,1.2177
0.44176,2.0542,2.8561,1.2126
0.43411,2.0491,2.8638,1.2177
0.44431,2.0491,2.8561,1.2228
0.44176,2.0491,2.8587,1.2203
0.44431,2.0491,2.8561,1.2177
0.44176,2.0542,2.8561,1.2177
0.43666,2.0516,2.8561,1.2177
0.44176,2.044,2.8561,1.2152
0.44686,2.0491,2.8485,1.2177
0.44176,2.0567,2.8561,1.2177
0.44176,2.0491,2.8612,1.2177
0.44176,2.044,2.8459,1.2254
0.44941,2.0491,2.8459,1.2101
0.43921,2.0567,2.851,1.2126
0.44176,2.0491,2.851,1.2177
0.43921,2.0516,2.8536,1.2254
0.44176,2.0516,2.851,1.2203
0.44176,2.0542,2.8434,1.2177
0.44176,2.0516,2.851,1.2177
0.44176,2.0516,2.8485,1.2177
0.43921,2.0465,2.851,1.2177
0.44686,2.0542,2.851,1.2177
0.44176,2.0593,2.851,1.2203
0.43666,2.0516,2.851,1.2203
0.44176,2.0465,2.8485,1.2177
0.44941,2.0593,2.8434,1.2101
0.43666,2.0593,2.8561,1.2177
0.43666,2.044,2.8561,1.2254
0.44941,2.0491,2.8434,1.2177
0.44941,2.0593,2.8434,1.2101
0.44176,2.0516,2.8485,1.2203
0.43666,2.0516,2.8485,1.2203
0.44176,2.0567,2.8485,1.2177
0.44176,2.0516,2.8459,1.2177
0.44176,2.0542,2.8459,1.2101
0.43666,2.0516,2.8536,1.2177
0.44176,2.0491,2.8459,1.2254
0.44431,2.0542,2.8459,1.2177
0.44176,2.0542,2.8459,1.2177
0.44176,2.0593,2.8459,1.2101
0.43666,2.0567,2.851,1.2152
0.44176,2.0542,2.8459,1.2254
0.44686,2.0542,2.8358,1.2177
0.44686,2.0593,2.8383,1.2126
0.44176,2.0593,2.8409,1.2177
0.43666,2.0542,2.851,1.2203
0.44176,2.0491,2.8434,1.2177
0.44941,2.0542,2.8383,1.2177
0.44941,2.0618,2.8358,1.2126
0.43411,2.0618,2.8459,1.2177
0.43666,2.0491,2.8485,1.2254
0.44176,2.0491,2.8409,1.2254
0.44941,2.0516,2.8332,1.2203
0.43921,2.0567,2.8409,1.2177
0.43921,2.0644,2.8383,1.2203
0.43666,2.0542,2.8459,1.2203
0.43921,2.0516,2.8383,1.2254
0.43921,2.0567,2.8409,1.2177
0.44176,2.0567,2.8383,1.2203
0.44176,2.0542,2.8383,1.2203
0.43411,2.0567,2.8434,1.2203
0.43411,2.0491,2.8434,1.2254
0.43921,2.0491,2.8383,1.2203
0.44941,2.0567,2.8307,1.2177
0.44176,2.0644,2.8358,1.2126
0.43411,2.0567,2.8409,1.2203
0.43921,2.0516,2.8358,1.2279
0.44431,2.0516,2.8281,1.2203
0.44686,2.0644,2.8307,1.2126
0.43411,2.0644,2.8409,1.2126
0.43411,2.0567,2.8409,1.2279
0.43921,2.0516,2.8332,1.2254
0.44686,2.0567,2.8281,1.2203
0.43921,2.0644,2.8332,1.2152
0.43411,2.0593,2.8409,1.2254
0.44686,2.0516,2.8332,1.2254
0.44941,2.0593,2.8256,1.2126
0.43411,2.0669,2.8383,1.2126
0.43411,2.0516,2.8383,1.2254
0.44686,2.0516,2.8256,1.2254
0.44686,2.0669,2.8256,1.2126
0.43666,2.0669,2.8307,1.2126
0.43411,2.0593,2.8358,1.2203
0.43921,2.0516,2.8307,1.2279
0.44686,2.0567,2.8256,1.2152
0.43921,2.0669,2.8307,1.2152
0.43666,2.0593,2.8358,1.2203
0.44176,2.0516,2.8307,1.2279
0.44431,2.0567,2.8256,1.2203
0.43921,2.0669,2.8281,1.2152
0.43156,2.0669,2.8358,1.2203
0.43411,2.0516,2.8358,1.2279
0.44431,2.0542,2.8281,1.2203
0.43921,2.0593,2.8307,1.2152
0.43921,2.0593,2.8307,1.2203
0.44176,2.0593,2.8281,1.2254
0.43921,2.0567,2.8281,1.2152
0.43921,2.0593,2.8281,1.2152
0.43411,2.0593,2.8358,1.2203
0.43666,2.0542,2.8281,1.2279
0.44686,2.0593,2.8179,1.2203
0.43921,2.0669,2.8281,1.2126
0.43156,2.0618,2.8358,1.2254
0.44431,2.0516,2.8281,1.2279
0.43921,2.0593,2.8205,1.2228
0.43921,2.0695,2.8358,1.2126
0.43411,2.0593,2.8332,1.2203
0.44176,2.0542,2.8256,1.2203
0.44431,2.0593,2.8205,1.2126
0.43921,2.0669,2.8256,1.2152
0.43921,2.0618,2.8256,1.2203
0.43921,2.0593,2.823,1.2279
