0.97962,1.529,2.3591,1.0035
0.98472,1.5341,2.3515,0.99842
0.98472,1.5418,2.3515,0.99332
0.97707,1.5418,2.3667,0.99077
0.97197,1.5367,2.3693,1.0035
0.97962,1.5341,2.3591,1.0035
0.97707,1.5367,2.3616,0.99587
0.98472,1.5367,2.3565,0.99587
0.98472,1.5418,2.354,0.99077
0.97962,1.5418,2.3616,0.99587
0.97197,1.5341,2.3616,0.99587
0.97962,1.529,2.3616,1.0035
0.98472,1.5341,2.3565,0.99842
0.98472,1.5392,2.3565,0.99077
0.97707,1.5392,2.3616,0.99842
0.97197,1.5341,2.3693,0.99842
0.97707,1.529,2.3616,0.99842
0.98217,1.5418,2.354,0.99077
0.97707,1.5443,2.3616,0.99332
0.97197,1.5367,2.3667,1.0061
0.97452,1.529,2.354,1.0061
0.98472,1.5367,2.354,0.99842
0.97707,1.5392,2.3591,0.99332
0.97197,1.5367,2.3667,0.99842
0.97962,1.529,2.3616,1.0035
0.98472,1.529,2.3565,0.99842
0.98472,1.5418,2.354,0.99077
0.97962,1.5418,2.3616,0.99077
0.96943,1.5418,2.3693,0.99587
0.96943,1.5367,2.3693,1.0035
0.97962,1.529,2.3591,1.0061
0.97707,1.5367,2.3616,0.99587
0.98472,1.5392,2.3616,0.99842
0.97707,1.5367,2.3616,0.99842
0.97197,1.5367,2.3642,0.99842
0.97707,1.529,2.3616,1.0035
0.98472,1.5367,2.3565,1.001
0.98472,1.5418,2.3642,0.99077
0.96943,1.5392,2.3667,0.99587
0.96943,1.529,2.3693,1.0035
0.97962,1.5316,2.3616,0.99587
0.98217,1.5367,2.354,0.99842
0.98472,1.5418,2.3616,0.99332
0.96943,1.5392,2.3667,0.99842
0.97452,1.529,2.3693,1.0061
0.97707,1.529,2.3616,1.0061
0.98472,1.5443,2.354,0.99077
0.97707,1.5392,2.3667,0.99332
0.96943,1.5367,2.3693,1.0035
0.97707,1.529,2.3591,1.0061
0.98217,1.5367,2.3565,0.99842
0.97707,1.5418,2.3591,0.99332
0.97197,1.5367,2.3667,0.99587
0.97197,1.529,2.3667,1.0035
0.98472,1.5316,2.354,0.99842
0.98217,1.5443,2.354,0.99077
0.96943,1.5443,2.3642,0.99077
0.97197,1.529,2.3667,1.0035
0.98472,1.529,2.3515,1.0035
0.98472,1.5443,2.3515,0.99332
0.97707,1.5443,2.3591,0.99842
0.96943,1.5392,2.3642,0.99842
0.97707,1.5316,2.3565,0.99842
0.98472,1.5367,2.3489,1.001
0.97707,1.5443,2.3565,0.99842
0.97452,1.5392,2.3616,0.99587
0.97962,1.5316,2.354,0.99842
0.98472,1.5392,2.3489,0.99842
0.97707,1.5443,2.3515,0.99332
0.96943,1.5392,2.3591,1.0035
0.97452,1.5341,2.3515,1.0061
0.97707,1.5392,2.3515,0.99842
0.98217,1.5418,2.3489,1.001
0.97707,1.5443,2.3515,0.99332
0.96943,1.5392,2.3591,0.99842
0.96943,1.5392,2.354,1.0061
0.97962,1.5367,2.3489,1.0035
0.98472,1.5418,2.3464,0.99077
0.97707,1.5494,2.3565,0.99332
0.96943,1.5392,2.3565,1.0061
0.97452,1.5341,2.3489,1.0061
0.98217,1.5392,2.3438,0.99587
0.97707,1.5469,2.3515,0.99332
0.96943,1.5418,2.3565,0.99842
0.96943,1.5341,2.3489,1.0061
0.98472,1.5392,2.3464,0.99842
0.97707,1.5469,2.3515,0.99842
0.96943,1.5418,2.354,0.99842
0.97962,1.5392,2.3515,0.99587
0.98472,1.5392,2.3489,0.99842
0.97707,1.5469,2.3489,0.99842
0.96943,1.5392,2.354,0.99842
0.97707,1.5341,2.3489,1.0061
0.98472,1.5392,2.3515,0.99842
0.97707,1.5494,2.3515,0.99587
0.97197,1.5418,2.3565,0.99842
0.97707,1.5341,2.3515,1.0035
0.97707,1.5392,2.3464,0.99587
0.97707,1.5392,2.3413,0.99077
0.97197,1.5469,2.3565,0.99842
0.96943,1.5367,2.354,1.0086
0.97962,1.5367,2.3489,1.0035
0.98472,1.5392,2.3438,0.99332
0.97962,1.5469,2.3515,0.99332
0.97707,1.5392,2.3489,1.001
0.97197,1.5341,2.3565,1.0035
0.98217,1.5341,2.3413,0.99587
0.98217,1.5392,2.3515,0.99842
0.97707,1.5392,2.3515,0.99332
0.97197,1.5392,2.3565,1.0035
0.97962,1.5341,2.3515,1.0035
0.98472,1.5392,2.3464,0.99587
0.97452,1.5392,2.3515,0.99077
0.97707,1.5392,2.3591,0.99587
0.97962,1.5341,2.354,1.0061
0.97707,1.5392,2.3515,0.99842
0.98472,1.5418,2.3489,0.99332
0.97962,1.5392,2.3515,0.99587
0.97707,1.5392,2.354,1.0035
0.97707,1.5392,2.354,0.99842
0.97962,1.5392,2.354,0.99077
0.97707,1.5392,2.3515,0.99587
0.97962,1.5392,2.354,1.0061
0.97962,1.5367,2.354,0.99842
0.97962,1.5392,2.3515,0.99842
0.97962,1.5392,2.3515,0.99587
0.97962,1.5392,2.3565,0.99587
0.97962,1.5341,2.354,0.99587
0.98472,1.5392,2.3489,0.99842
0.98472,1.5469,2.3489,0.99077
0.97962,1.5443,2.354,0.99587
0.97197,1.5469,2.3616,0.99587
0.97962,1.5392,2.354,0.99587
0.98217,1.5392,2.3565,1.0035
0.98472,1.5367,2.3515,0.99587
0.98472,1.5443,2.3515,0.99332
0.97707,1.5443,2.3565,0.99077
0.97452,1.5367,2.3616,0.99587
0.97962,1.5392,2.3565,0.99587
0.97962,1.529,2.3591,1.0035
0.98472,1.5392,2.3515,0.99587
0.97707,1.5443,2.3591,0.99332
0.97452,1.5367,2.3642,0.99587
0.97962,1.5367,2.3591,0.99587
0.97962,1.5392,2.3591,0.99587
0.98472,1.5367,2.3515,0.99587
0.97962,1.5443,2.3565,0.99842
0.98217,1.5367,2.3565,0.99587
0.97962,1.5367,2.3591,1.0035
0.98727,1.5367,2.3515,0.99077
0.97452,1.5443,2.3591,0.99077
0.97452,1.5367,2.3667,1.0035
0.97962,1.529,2.3591,1.0061
0.98727,1.5367,2.3515,0.99842
0.97962,1.5367,2.3591,0.99077
0.97962,1.5367,2.3591,0.99587
0.97707,1.5367,2.3642,0.99587
0.97452,1.529,2.3642,1.0035
0.97962,1.529,2.3591,1.0035
0.97962,1.5341,2.3616,0.99842
0.98472,1.5418,2.354,0.99077
0.97962,1.5418,2.3591,0.99077
0.97452,1.5367,2.3667,0.99587
0.97452,1.529,2.3693,1.0035
0.97962,1.529,2.3616,1.0035
0.98727,1.5367,2.354,0.99587
0.97962,1.5367,2.3616,0.99077
0.97962,1.5418,2.3591,0.99587
0.97197,1.5443,2.3616,0.99587
0.97197,1.5367,2.3616,1.001
0.97962,1.5316,2.3591,1.0035
0.97962,1.5316,2.3591,0.99332
0.98727,1.5367,2.3515,0.99842
0.97962,1.5443,2.354,0.99077
0.97707,1.5469,2.3616,0.99587
0.97452,1.5316,2.3642,1.0035
0.97962,1.5316,2.3464,1.0035
0.98472,1.5392,2.3489,0.99332
0.98727,1.5443,2.3489,0.99077
0.97962,1.5469,2.354,0.99077
0.97197,1.5392,2.3616,0.99842
0.97962,1.5392,2.3515,0.99842
0.97962,1.5341,2.3515,1.001
0.98472,1.5392,2.3438,1.001
0.98727,1.5469,2.3464,0.99332
0.97197,1.5443,2.3515,0.99332
0.97452,1.5392,2.3591,0.99842
0.97962,1.5392,2.354,1.0061
0.97962,1.5316,2.354,1.0061
0.98472,1.5316,2.3464,0.99842
0.98472,1.5367,2.3515,1.001
0.97707,1.5443,2.354,0.99332
0.96943,1.5418,2.3565,0.99842
0.97197,1.5367,2.3616,0.99842
0.97197,1.5316,2.3616,1.0061
0.97962,1.5316,2.354,1.0061
0.98472,1.5341,2.354,0.99587
0.98472,1.5367,2.3464,1.001
0.98727,1.5443,2.3489,0.99077
0.97962,1.5469,2.3515,0.99332
0.97197,1.5392,2.3565,0.99842
0.97962,1.5392,2.3515,1.001
0.97962,1.5392,2.3515,1.0061
0.98472,1.5392,2.3413,0.99842
0.97707,1.5392,2.3515,0.99332
0.97962,1.5443,2.3464,1.001
0.97452,1.5392,2.3515,1.001
0.97197,1.5341,2.3515,1.0086
0.98472,1.5367,2.3387,1.0061
0.98217,1.5469,2.3387,0.99332
0.97707,1.5469,2.3413,0.99332
0.97197,1.5392,2.3515,1.001
0.97197,1.5418,2.3438,1.001
0.97962,1.5341,2.3413,1.0061
0.98472,1.5341,2.3362,1.001
0.98472,1.5392,2.3336,0.99587
0.97707,1.5494,2.3413,0.99332
0.97707,1.5418,2.3413,1.001
0.96943,1.5418,2.3438,1.001
0.97452,1.5367,2.3387,1.0061
0.98472,1.5392,2.3311,1.0061
0.98472,1.5418,2.3285,1.0035
0.97452,1.5418,2.3362,0.99842
0.97452,1.5443,2.3362,1.001
0.96943,1.5443,2.3362,1.0035
0.97707,1.5443,2.3387,1.001
0.97707,1.5443,2.3285,0.99587
0.97452,1.5494,2.3336,0.99587
0.97707,1.5418,2.3336,1.0035
0.96943,1.5418,2.3413,1.0086
0.97452,1.5367,2.3336,1.0086
0.97962,1.5443,2.3285,1.0035
0.97452,1.5469,2.326,0.99587
0.96943,1.5494,2.3387,1.001
0.96943,1.5392,2.3387,1.0086
0.97962,1.5392,2.3336,1.0035
0.97962,1.5469,2.3234,1.0035
0.97707,1.5469,2.3311,1.0035
0.96688,1.5443,2.3311,1.0035
0.97452,1.5392,2.3311,1.0035
0.97962,1.5418,2.3209,1.0061
0.97962,1.5494,2.3234,0.99842
0.97452,1.552,2.3285,0.99587
0.97197,1.5469,2.326,1.001
0.96943,1.5469,2.3285,1.0035
0.97452,1.5418,2.3285,1.0035
0.97962,1.5392,2.3209,1.0035
0.97197,1.5443,2.3285,1.0061
0.97197,1.5545,2.3285,1.001
0.96688,1.5545,2.3336,1.0035
0.96943,1.5469,2.3311,1.0112
0.97452,1.5418,2.326,1.0086
0.97962,1.5392,2.3183,1.0112
0.98217,1.5494,2.3209,1.0061
0.97452,1.5469,2.326,0.99587
0.97452,1.5545,2.326,1.0061
0.96688,1.5469,2.3311,1.0035
0.97452,1.5469,2.3209,1.0112
0.97452,1.5418,2.3234,1.0112
0.97962,1.5418,2.3158,1.0035
0.97962,1.5571,2.3183,1.0035
0.97197,1.5545,2.3234,0.99842
0.96688,1.5469,2.3285,1.0061
0.97452,1.5443,2.3234,1.0086
0.97962,1.5494,2.3158,1.0061
0.97197,1.5545,2.3209,0.99587
0.96943,1.5545,2.3209,1.0035
0.96688,1.5494,2.3209,1.001
0.97452,1.5494,2.3234,1.0035
0.97962,1.5494,2.3158,1.0061
0.97197,1.5545,2.3285,0.99842
0.96943,1.5494,2.3285,1.0061
0.97452,1.5418,2.3209,1.0137
0.97452,1.5494,2.3209,1.001
0.98217,1.5571,2.3158,0.99587
0.97197,1.5545,2.3209,0.99842
0.96943,1.5469,2.3285,1.0061
0.96943,1.5418,2.3234,1.0112
0.97197,1.5494,2.3234,1.0035
0.97452,1.5494,2.3132,1.0035
0.97452,1.5545,2.3209,1.0035
0.96943,1.5469,2.3285,1.0035
0.97452,1.5392,2.3209,1.0086
0.97962,1.5469,2.3158,1.0035
0.97197,1.5545,2.3209,0.99842
0.96943,1.5469,2.3285,1.0035
0.97707,1.5392,2.3234,1.0086
0.97962,1.5443,2.3158,1.001
0.98217,1.5545,2.3183,0.99587
0.97707,1.5571,2.326,0.99587
0.96943,1.5469,2.3311,1.0035
0.97452,1.5494,2.326,1.0112
0.97452,1.5443,2.326,1.0086
0.98217,1.5494,2.3183,0.99842
0.97452,1.5545,2.326,0.99587
0.97197,1.5494,2.326,1.0035
0.96688,1.5392,2.3311,1.0086
0.97452,1.5418,2.326,1.0086
0.97452,1.5469,2.326,1.0035
0.97452,1.5469,2.326,1.0035
0.97452,1.5494,2.326,1.0035
0.96943,1.5469,2.3362,1.0035
0.96943,1.5392,2.3336,1.0112
0.98217,1.5392,2.3209,1.0061
0.98217,1.5469,2.3209,0.99587
0.97452,1.5545,2.3285,1.0035
0.96688,1.5469,2.3336,1.001
0.96943,1.5392,2.3362,1.0061
0.97452,1.5392,2.3311,1.001
0.97962,1.5469,2.3234,1.0035
0.98217,1.552,2.326,0.99842
0.96688,1.552,2.3362,1.001
0.96943,1.5392,2.3387,1.0086
0.97452,1.5392,2.3234,1.0086
0.98217,1.5469,2.3234,1.0035
0.97452,1.5469,2.3311,0.99587
0.97452,1.5545,2.3311,0.99587
0.96943,1.5545,2.3387,1.001
0.96943,1.5469,2.3362,1.0061
0.97452,1.5392,2.3311,1.0086
0.97452,1.5443,2.3285,1.0035
0.97962,1.5494,2.3311,1.001
0.98217,1.552,2.3234,0.99587
0.97452,1.5469,2.3311,0.99587
0.96688,1.5494,2.3362,1.0086
0.97452,1.5418,2.3311,1.0086
0.97962,1.5469,2.3234,0.99587
0.97452,1.5545,2.3311,0.99332
0.96688,1.5469,2.3362,1.001
0.96943,1.5392,2.3311,1.0086
0.97962,1.5392,2.3209,1.001
0.98217,1.552,2.326,0.99587
0.97452,1.552,2.3362,0.99587
0.96943,1.5494,2.3387,1.0061
0.98217,1.5392,2.3311,1.0061
0.98217,1.5469,2.326,1.001
0.98217,1.5469,2.326,1.0035
0.97707,1.5545,2.3311,0.99587
0.96688,1.552,2.3362,1.0035
0.96943,1.5392,2.3387,1.001
0.97452,1.5392,2.3311,1.0086
0.97962,1.5367,2.326,1.0061
0.98217,1.5469,2.3234,0.99587
0.97707,1.5494,2.3311,0.99587
0.96943,1.552,2.3387,0.99587
0.96943,1.5469,2.3387,1.0086
0.97452,1.5392,2.3311,1.0061
0.97452,1.5469,2.3311,1.001
0.97452,1.5443,2.3311,1.0035
0.97452,1.552,2.3311,1.001
0.96943,1.5469,2.3387,1.0035
0.96943,1.5392,2.3387,1.0061
0.97452,1.5392,2.3336,1.0086
0.97452,1.5443,2.3311,1.0035
0.98217,1.5494,2.3285,0.99332
0.97707,1.552,2.3311,0.99332
0.96943,1.5545,2.3387,1.0035
0.96943,1.5392,2.3387,1.0061
0.97452,1.5418,2.3311,1.0086
0.97452,1.5443,2.3311,1.0035
0.98217,1.5469,2.3311,1.0035
0.97962,1.5443,2.3285,0.99587
0.97452,1.5494,2.3336,0.99587
0.96943,1.5469,2.3362,1.0061
0.97197,1.5418,2.3311,1.0086
0.97197,1.5469,2.3285,1.0035
0.97452,1.5469,2.3311,1.0035
0.97452,1.5494,2.3285,1.001
0.96943,1.5469,2.3285,1.0035
0.97452,1.5392,2.3311,1.0061
0.97962,1.5418,2.3209,1.0035
0.97962,1.5494,2.3209,0.99587
0.97452,1.5545,2.3285,0.99587
0.97707,1.5494,2.326,1.0035
0.97452,1.5494,2.326,1.0035
0.97452,1.5418,2.326,1.0035
0.97962,1.5469,2.3209,1.0035
0.97962,1.5545,2.3209,0.99587
0.96688,1.552,2.3336,0.99587
0.96943,1.5494,2.3336,1.0086
0.97197,1.5418,2.3285,1.0086
0.98217,1.5469,2.3209,1.001
0.97197,1.552,2.3285,0.99842
0.97197,1.5469,2.3285,1.001
0.97197,1.5469,2.3311,1.0035
0.97452,1.5418,2.3311,1.0061
0.97962,1.5469,2.3234,0.99587
0.97707,1.5545,2.3285,0.99587
0.97452,1.5469,2.3285,1.001
0.97197,1.5469,2.3311,1.001
0.97452,1.5392,2.326,1.0086
0.98217,1.5469,2.326,0.99587
0.97452,1.5545,2.3311,0.99587
0.96943,1.5469,2.3387,1.0086
0.97452,1.5469,2.3336,1.0061
0.97707,1.5469,2.3336,1.0035
0.97452,1.5443,2.3311,0.99842
0.97452,1.5443,2.3311,0.99587
0.96943,1.5392,2.3311,1.0086
0.97962,1.5469,2.3311,1.0035
0.97452,1.5494,2.3336,0.99587
0.96943,1.5469,2.3413,1.0061
0.97707,1.5392,2.3285,1.0061
0.98217,1.5469,2.3285,0.99332
0.96943,1.552,2.3387,0.99587
0.96943,1.5443,2.3413,1.001
0.96943,1.5392,2.3336,1.0061
0.98217,1.5392,2.3336,1.001
0.97707,1.5469,2.3311,0.99842
0.97707,1.552,2.3311,1.001
0.96943,1.5545,2.3387,1.001
0.96943,1.5469,2.3387,1.0061
0.97452,1.5392,2.3311,1.0061
0.97452,1.5443,2.3311,1.0035
0.98217,1.5469,2.3311,1.0035
0.97452,1.552,2.3311,1.001
0.97452,1.5494,2.3311,1.001
0.97452,1.5469,2.3311,1.001
0.97452,1.5392,2.3311,1.0035
0.98217,1.5418,2.3234,1.0035
0.98217,1.5469,2.3311,0.99587
0.97707,1.5469,2.3311,1.001
0.97452,1.5469,2.3336,1.0035
0.97452,1.5392,2.3285,1.0061
0.97452,1.5392,2.3234,1.0086
0.97962,1.5494,2.3209,1.0035
0.97197,1.5545,2.3285,0.99332
0.97707,1.5494,2.3285,1.0035
0.97452,1.5494,2.3336,1.0035
0.97452,1.5418,2.326,1.0086
0.97962,1.5469,2.3209,1.0035
0.97962,1.5545,2.3209,0.99332
0.96688,1.5545,2.3336,0.99587
0.96943,1.5469,2.3362,1.0086
0.97197,1.5418,2.3285,1.0086
0.97452,1.5494,2.326,0.99587
0.97452,1.5494,2.326,0.99842
0.97452,1.5494,2.326,1.0035
0.96943,1.5469,2.326,1.001
0.97197,1.5418,2.3209,1.0086
0.97962,1.5494,2.3183,0.99842
0.97707,1.5571,2.3234,0.99587
0.96688,1.5494,2.3311,1.0035
0.97197,1.5494,2.3285,1.0086
0.97452,1.5443,2.3234,1.0086
0.97962,1.5494,2.3183,1.0035
0.97962,1.5545,2.3234,0.99587
0.96943,1.5571,2.3285,1.001
0.96943,1.5494,2.326,1.0086
0.97962,1.5443,2.3183,1.0086
0.97962,1.5571,2.3132,1.0035
0.97452,1.5571,2.3209,0.99587
0.97707,1.5494,2.326,1.0035
0.97452,1.5494,2.3183,1.0035
0.97452,1.5443,2.3158,1.0112
0.97962,1.5494,2.3107,0.99587
0.97452,1.5596,2.3209,0.99587
0.96943,1.5494,2.326,1.0086
0.97452,1.5469,2.3183,1.0086
0.97962,1.5494,2.3158,1.0035
0.97452,1.5494,2.3209,0.99587
0.97452,1.5494,2.3209,1.0035
0.97452,1.5494,2.3209,1.001
0.97452,1.5443,2.3183,1.0086
0.98217,1.5443,2.3132,1.001
0.98217,1.5571,2.3107,0.99587
0.97707,1.5596,2.3183,0.99332
0.96688,1.552,2.326,1.0035
0.97707,1.5494,2.3158,1.0086
0.97962,1.5469,2.3107,1.0086
0.97962,1.552,2.3107,0.99587
0.97707,1.5571,2.3158,0.99332
0.97452,1.552,2.3158,1.0035
0.96943,1.5545,2.3209,1.0035
0.97707,1.5545,2.3132,1.0086
0.97962,1.552,2.3056,1.0035
0.97962,1.5596,2.3107,0.99842
0.96943,1.5596,2.3209,1.0035
0.96943,1.5469,2.3234,1.0086
0.98472,1.5443,2.3158,1.0086
0.97962,1.552,2.3081,1.001
0.97452,1.552,2.3132,0.99842
0.97452,1.5494,2.3107,1.0035
0.97452,1.552,2.3209,1.0086
0.97452,1.5469,2.3132,1.0086
0.97962,1.5545,2.3081,1.0035
0.97452,1.552,2.3107,0.99587
0.97707,1.552,2.3132,1.001
0.97707,1.5545,2.3132,1.0035
0.97452,1.5469,2.3132,1.0086
0.97197,1.552,2.3132,1.0035
0.97452,1.5596,2.3132,1.0035
0.97452,1.552,2.3209,1.0035
0.97452,1.5469,2.3107,1.0086
0.98472,1.552,2.3081,1.0035
0.97452,1.5596,2.3132,0.99332
0.96943,1.552,2.3209,1.0086
0.97707,1.5469,2.3158,1.0086
0.97962,1.5494,2.3081,0.99587
0.97452,1.552,2.3132,0.99842
