1.724,1.1161,1.9666,1.1106
1.7163,1.111,1.9717,1.1157
1.7214,1.111,1.964,1.1157
1.7214,1.111,1.964,1.1157
1.7214,1.111,1.964,1.1157
1.7214,1.1059,1.9666,1.1208
1.7265,1.111,1.9589,1.1157
1.7214,1.1186,1.964,1.1081
1.7138,1.111,1.964,1.1157
1.7214,1.1059,1.964,1.1183
1.7265,1.111,1.9589,1.1157
1.7189,1.111,1.964,1.1183
1.7189,1.111,1.964,1.1234
1.7189,1.1084,1.964,1.1157
1.7214,1.111,1.9615,1.1081
1.7138,1.111,1.9691,1.1157
1.7214,1.1059,1.9615,1.1234
1.7265,1.111,1.9589,1.1183
1.7189,1.1186,1.9615,1.1081
1.7189,1.111,1.964,1.1157
1.7189,1.111,1.964,1.1183
1.7214,1.1186,1.964,1.1132
1.7214,1.1161,1.9717,1.1183
1.7189,1.1033,1.964,1.1157
1.7189,1.1084,1.9589,1.1157
1.7214,1.1186,1.964,1.1157
1.7214,1.111,1.964,1.1234
1.724,1.111,1.9564,1.1157
1.7214,1.1186,1.964,1.1106
1.7138,1.111,1.9691,1.1157
1.7265,1.1033,1.964,1.1208
1.7265,1.111,1.9615,1.1157
1.7214,1.1161,1.9666,1.1157
1.7138,1.111,1.9742,1.1157
1.7214,1.1059,1.9666,1.1234
1.7265,1.111,1.9615,1.1157
1.7265,1.1186,1.9615,1.1081
1.7112,1.1161,1.9742,1.1157
1.7163,1.1059,1.9742,1.1234
1.7214,1.1033,1.964,1.1234
1.7265,1.1161,1.964,1.1106
1.7163,1.1135,1.9768,1.1106
1.7138,1.111,1.9768,1.1208
1.7214,1.1033,1.964,1.1208
1.7291,1.111,1.9666,1.1081
1.7214,1.1161,1.9691,1.1081
1.7163,1.1084,1.9768,1.1157
1.7214,1.111,1.9717,1.1208
1.724,1.111,1.9717,1.1132
1.7291,1.1084,1.9666,1.1157
1.724,1.111,1.9717,1.1157
1.7163,1.111,1.9717,1.1157
1.724,1.1059,1.9717,1.1132
1.7214,1.1084,1.964,1.1132
1.724,1.111,1.9717,1.1132
1.7214,1.111,1.9742,1.1208
1.7214,1.111,1.9717,1.1157
1.724,1.111,1.9691,1.1081
1.7214,1.111,1.9742,1.1132
1.724,1.111,1.9717,1.1208
1.724,1.111,1.964,1.1132
1.724,1.1135,1.9717,1.1081
1.7214,1.111,1.9717,1.1132
1.724,1.111,1.9717,1.1157
1.724,1.111,1.9717,1.1132
1.724,1.111,1.9717,1.1132
1.724,1.1161,1.9742,1.1081
1.7163,1.1084,1.9768,1.1106
1.724,1.1033,1.9691,1.1157
1.7291,1.111,1.9666,1.1132
1.724,1.1186,1.9717,1.1132
1.7214,1.111,1.9717,1.1132
1.724,1.111,1.9717,1.1132
1.724,1.111,1.9717,1.1081
1.7214,1.111,1.9691,1.1132
1.7163,1.1033,1.9768,1.1208
1.7291,1.111,1.964,1.1132
1.724,1.1161,1.9717,1.1081
1.7163,1.111,1.9768,1.1157
1.724,1.1033,1.9717,1.1208
1.7291,1.1161,1.9666,1.1081
1.7163,1.1161,1.9793,1.1081
1.7189,1.1033,1.9793,1.1183
1.7291,1.1033,1.964,1.1183
1.7316,1.1135,1.9691,1.1081
1.7189,1.1161,1.9742,1.1055
1.7163,1.1033,1.9793,1.1183
1.7316,1.1008,1.9666,1.1183
1.7342,1.111,1.9717,1.1132
1.724,1.1161,1.9742,1.1106
1.7189,1.111,1.9717,1.1132
1.724,1.1033,1.9717,1.1183
1.7316,1.1033,1.964,1.1132
1.7316,1.1161,1.9691,1.1055
1.7163,1.1161,1.9793,1.1106
1.7189,1.1033,1.9768,1.1183
1.7291,1.1033,1.9666,1.1183
1.7316,1.1161,1.9666,1.1081
1.7189,1.1161,1.9717,1.1055
1.7163,1.111,1.9768,1.1183
1.7214,1.1033,1.9717,1.1208
1.7316,1.1084,1.964,1.1081
1.724,1.1135,1.9691,1.1081
1.7189,1.111,1.9742,1.1132
1.7291,1.1059,1.964,1.1208
1.724,1.1084,1.9691,1.1157
1.724,1.1084,1.9717,1.1106
1.724,1.111,1.9717,1.1183
1.724,1.1033,1.9717,1.1157
1.7291,1.1084,1.964,1.1132
1.7316,1.1161,1.9717,1.1081
1.7189,1.1161,1.9793,1.1132
1.7214,1.1008,1.9768,1.1183
1.7316,1.1033,1.9666,1.1183
1.7316,1.111,1.964,1.1055
1.7265,1.1161,1.9717,1.1081
1.724,1.1084,1.9717,1.1106
1.724,1.1084,1.9742,1.1106
1.724,1.1084,1.9742,1.1106
1.7316,1.1084,1.9666,1.1055
1.724,1.1135,1.9768,1.1081
1.724,1.111,1.9793,1.1106
1.7214,1.1084,1.9819,1.1132
1.724,1.1033,1.9768,1.1157
1.7316,1.1008,1.9717,1.1132
1.7316,1.1135,1.9691,1.1055
1.7265,1.1161,1.9768,1.1055
1.7214,1.1084,1.9844,1.1106
1.724,1.1008,1.9768,1.1183
1.7291,1.1084,1.9717,1.1106
1.7316,1.1135,1.9717,1.1055
1.7265,1.1135,1.9768,1.1055
1.7214,1.1033,1.9844,1.1157
1.724,1.1008,1.9793,1.1183
1.7291,1.1084,1.9717,1.103
1.7265,1.1135,1.9768,1.1081
1.7189,1.1084,1.9819,1.1132
1.7265,1.1008,1.9768,1.1183
1.7316,1.1135,1.9717,1.1106
1.724,1.1161,1.9768,1.1055
1.7214,1.1059,1.9844,1.1106
1.7265,1.1008,1.9793,1.1157
1.7316,1.1084,1.9717,1.1106
1.724,1.1161,1.9844,1.103
1.7214,1.1084,1.9844,1.1157
1.724,1.1033,1.9768,1.1183
1.7316,1.1084,1.9691,1.1106
1.7265,1.1135,1.9768,1.1055
1.7214,1.1084,1.9819,1.1106
1.7265,1.1084,1.9768,1.1183
1.724,1.1059,1.9742,1.1106
1.724,1.1084,1.9742,1.1132
1.724,1.1135,1.9742,1.1132
1.7189,1.1084,1.9793,1.1132
1.724,1.1033,1.9742,1.1183
1.7316,1.1008,1.9666,1.1106
1.724,1.111,1.9717,1.1106
1.724,1.111,1.9717,1.1106
1.724,1.111,1.9717,1.1208
1.724,1.1084,1.9717,1.1106
1.7291,1.111,1.964,1.1132
1.724,1.1161,1.9691,1.1081
1.7189,1.111,1.9768,1.1132
1.724,1.1059,1.9666,1.1183
1.7291,1.111,1.9615,1.1132
1.724,1.1161,1.9717,1.1106
1.7189,1.1084,1.9691,1.1132
1.7316,1.1033,1.9615,1.1157
1.724,1.1161,1.9691,1.1081
1.7163,1.111,1.9742,1.1183
1.724,1.1059,1.9691,1.1208
1.7291,1.111,1.964,1.1132
1.724,1.111,1.9666,1.1132
1.724,1.111,1.9666,1.1132
1.724,1.111,1.964,1.1132
1.724,1.1161,1.9666,1.1081
1.7163,1.111,1.9742,1.1183
1.7214,1.111,1.9691,1.1132
1.724,1.111,1.9615,1.1132
1.724,1.1161,1.9691,1.1132
1.7189,1.111,1.9742,1.1132
1.7214,1.111,1.9666,1.1208
1.7291,1.1186,1.9615,1.1081
1.724,1.1161,1.9717,1.1081
1.7189,1.1033,1.9717,1.1183
1.7214,1.111,1.9666,1.1157
1.7291,1.1161,1.9589,1.1106
1.7163,1.1161,1.9717,1.1157
1.7138,1.1033,1.9717,1.1208
1.7291,1.1033,1.9564,1.1157
1.724,1.1186,1.964,1.1157
1.7138,1.111,1.9717,1.1157
1.7214,1.1059,1.964,1.1157
1.7291,1.111,1.9589,1.1132
1.7214,1.111,1.964,1.1157
1.724,1.111,1.964,1.1234
1.724,1.1059,1.9589,1.1157
1.724,1.1186,1.964,1.1081
1.7138,1.111,1.9717,1.1157
1.724,1.1059,1.964,1.1208
1.7291,1.111,1.9589,1.1081
1.724,1.1186,1.964,1.1081
1.7163,1.111,1.9717,1.1157
1.724,1.111,1.964,1.1208
1.7214,1.1084,1.964,1.1132
1.724,1.111,1.9615,1.1157
1.724,1.1161,1.964,1.1157
1.7138,1.111,1.9691,1.1132
1.724,1.1059,1.9615,1.1208
1.7291,1.1059,1.9538,1.1157
1.7291,1.1161,1.9564,1.1081
1.7138,1.1186,1.9615,1.1132
1.7214,1.111,1.964,1.1208
1.7214,1.111,1.9615,1.1157
1.724,1.111,1.9615,1.1157
1.7214,1.1186,1.9615,1.1081
1.7163,1.111,1.9666,1.1157
1.7214,1.1059,1.964,1.1157
1.7265,1.111,1.9564,1.1157
1.724,1.1161,1.9589,1.1157
1.7138,1.111,1.9666,1.1157
1.7214,1.1059,1.9615,1.1234
1.724,1.111,1.9564,1.1157
1.7214,1.1161,1.9589,1.1106
1.7138,1.111,1.964,1.1157
1.7138,1.1059,1.964,1.1234
1.7265,1.111,1.9564,1.1157
1.7189,1.1186,1.9589,1.1132
1.7163,1.1186,1.964,1.1183
1.7138,1.1033,1.9666,1.1234
1.7265,1.1059,1.9538,1.1157
1.7214,1.111,1.9564,1.1081
1.7214,1.111,1.964,1.1157
1.724,1.1059,1.9615,1.1234
1.7265,1.111,1.9538,1.1183
1.7214,1.1186,1.9589,1.1157
1.7214,1.1135,1.9589,1.1157
1.724,1.111,1.9589,1.1157
1.7214,1.1135,1.9589,1.1106
1.7214,1.111,1.9589,1.1157
1.7214,1.111,1.9564,1.1234
1.7265,1.111,1.9513,1.1106
1.7214,1.1186,1.9564,1.1132
1.7138,1.111,1.964,1.1234
1.7214,1.1059,1.9564,1.1259
1.7265,1.1186,1.9513,1.1132
1.7138,1.1186,1.964,1.1183
1.7138,1.1059,1.964,1.1234
1.7265,1.1059,1.9513,1.1183
1.7189,1.1161,1.9589,1.1106
1.7138,1.111,1.964,1.1183
1.7189,1.1084,1.9564,1.1183
1.724,1.111,1.9487,1.1183
1.724,1.111,1.9564,1.1183
1.7189,1.111,1.9615,1.1157
1.7214,1.111,1.9564,1.1183
1.7214,1.111,1.9538,1.1132
1.7112,1.1135,1.9615,1.1183
1.7189,1.1084,1.9538,1.1259
1.724,1.1135,1.9564,1.1183
1.7163,1.111,1.9564,1.1183
1.7112,1.111,1.9615,1.1259
1.724,1.1059,1.9487,1.1259
1.7265,1.1186,1.9487,1.1132
1.7112,1.1186,1.964,1.1183
1.7138,1.1135,1.9564,1.1234
1.7189,1.111,1.9564,1.1183
1.7189,1.111,1.9564,1.1132
1.7138,1.1135,1.9615,1.1183
1.7189,1.1084,1.9538,1.1285
1.724,1.111,1.9487,1.1183
1.7189,1.1186,1.9589,1.1132
1.7112,1.1135,1.964,1.1259
1.7163,1.1059,1.9564,1.1259
1.724,1.1135,1.9487,1.1208
1.7163,1.1186,1.9538,1.1132
1.7138,1.1135,1.9589,1.1183
1.7163,1.1084,1.9538,1.1208
1.724,1.111,1.9462,1.1208
1.7163,1.1186,1.9538,1.1157
1.7112,1.1135,1.9589,1.1208
1.7163,1.1135,1.9513,1.1285
1.7138,1.1059,1.9462,1.1208
1.7214,1.1212,1.9462,1.1157
1.7112,1.1186,1.9564,1.1157
1.7112,1.1084,1.9589,1.1259
1.7214,1.111,1.9462,1.1208
1.724,1.1212,1.9462,1.1157
1.7087,1.1186,1.9564,1.1234
1.7112,1.1059,1.9589,1.131
1.7163,1.111,1.9513,1.1208
1.7163,1.1135,1.9513,1.1234
1.7163,1.1186,1.9513,1.1208
1.7112,1.111,1.9538,1.1234
1.7163,1.1084,1.9513,1.1285
1.724,1.1135,1.9411,1.1234
1.7138,1.1212,1.9487,1.1157
1.7112,1.111,1.9538,1.1183
1.7163,1.1084,1.9487,1.1259
1.724,1.1135,1.9411,1.1183
1.7138,1.1135,1.9462,1.1259
1.7087,1.1135,1.9538,1.1234
1.7138,1.1084,1.9462,1.131
1.7214,1.1135,1.9411,1.1183
1.7138,1.1212,1.9462,1.1157
1.7087,1.1161,1.9538,1.1234
1.7138,1.111,1.9436,1.131
1.7189,1.1135,1.9385,1.1234
1.7163,1.1212,1.9436,1.1234
1.7138,1.1161,1.9436,1.1234
1.7138,1.1084,1.9436,1.1259
1.7138,1.1161,1.9436,1.1208
1.7087,1.1186,1.9487,1.1259
1.7138,1.1084,1.9411,1.131
1.7189,1.1135,1.9385,1.1259
1.7138,1.1212,1.9411,1.1259
1.7138,1.1161,1.9462,1.131
1.7189,1.111,1.936,1.1234
1.7138,1.1212,1.9411,1.1183
1.7061,1.1135,1.9462,1.1259
1.7138,1.111,1.9411,1.131
1.7189,1.1135,1.936,1.1183
1.7087,1.1186,1.9462,1.1259
1.7138,1.111,1.9436,1.131
1.7214,1.1161,1.9334,1.1259
1.7087,1.1212,1.9436,1.1183
1.7061,1.1135,1.9462,1.1234
1.7112,1.1084,1.9436,1.131
1.7189,1.1135,1.936,1.1285
1.7214,1.1212,1.9334,1.1183
1.7138,1.111,1.9411,1.1234
1.7087,1.1084,1.9462,1.131
1.7214,1.1084,1.9385,1.131
1.7189,1.1186,1.9385,1.1183
1.7061,1.1186,1.9487,1.1259
1.7138,1.111,1.9436,1.131
1.7214,1.1161,1.936,1.1183
1.7163,1.1212,1.9513,1.1208
1.7087,1.1161,1.9487,1.131
1.7214,1.1084,1.9385,1.1336
1.7214,1.1212,1.9385,1.1183
1.7061,1.1186,1.9513,1.1183
1.7087,1.1084,1.9513,1.1234
1.7138,1.1135,1.9462,1.1259
1.7138,1.1135,1.9436,1.1285
1.7138,1.1161,1.9436,1.1234
1.7138,1.1135,1.9513,1.1259
1.7138,1.1059,1.9436,1.1259
1.7138,1.1135,1.9411,1.1183
1.7087,1.1186,1.9538,1.1259
1.7061,1.111,1.9538,1.1336
1.7189,1.1084,1.9411,1.1259
1.7214,1.1186,1.9385,1.1183
1.7087,1.1186,1.9538,1.1259
1.7138,1.1059,1.9462,1.131
1.7214,1.1135,1.9411,1.1259
1.7138,1.1186,1.9436,1.1259
1.7087,1.111,1.9538,1.1234
1.7163,1.1084,1.9462,1.1259
1.7214,1.1059,1.9411,1.1234
1.7214,1.1186,1.9411,1.1183
1.7112,1.1212,1.9538,1.1183
1.7087,1.1135,1.9538,1.1285
1.7138,1.1059,1.9462,1.1285
1.7214,1.1186,1.9411,1.1183
1.7163,1.1212,1.9487,1.1157
1.7163,1.111,1.9487,1.1234
1.7163,1.1135,1.9487,1.1234
1.7163,1.111,1.9487,1.1259
1.724,1.1186,1.9436,1.1183
1.7087,1.1186,1.9538,1.1157
1.7087,1.1135,1.9538,1.1259
1.7163,1.1084,1.9487,1.1285
1.7214,1.1135,1.9436,1.1234
1.7163,1.1212,1.9487,1.1157
1.7112,1.111,1.9564,1.1234
1.7189,1.1059,1.9487,1.1285
1.724,1.111,1.9436,1.1234
1.7163,1.111,1.9462,1.1234
1.7189,1.111,1.9538,1.1234
1.7163,1.111,1.9487,1.1234
1.7163,1.1135,1.9462,1.1157
1.7163,1.1135,1.9487,1.1234
1.7163,1.1135,1.9487,1.1285
1.7163,1.111,1.9462,1.1234
1.7189,1.1135,1.9411,1.1234
1.7189,1.111,1.9462,1.1157
1.7087,1.1135,1.9538,1.1285
1.7163,1.1084,1.9462,1.1285
1.724,1.1135,1.9411,1.1259
1.7163,1.111,1.9462,1.1183
1.7163,1.1135,1.9462,1.1234
1.7112,1.1135,1.9513,1.1285
1.7163,1.1084,1.9462,1.1285
1.7189,1.1161,1.9385,1.1234
1.7163,1.1135,1.9436,1.1157
1.7163,1.1135,1.9436,1.1234
1.7163,1.1135,1.9436,1.1234
1.7163,1.1135,1.9462,1.1234
1.7138,1.111,1.9436,1.1234
1.7163,1.111,1.9436,1.1234
1.7163,1.1135,1.9436,1.1234
1.7163,1.111,1.9436,1.1234
1.724,1.1135,1.9385,1.1208
1.7163,1.1186,1.9411,1.1234
1.7112,1.1135,1.9487,1.1234
1.7138,1.1084,1.9436,1.1259
1.7214,1.1135,1.9385,1.1234
1.7138,1.1212,1.9436,1.1157
1.7087,1.1186,1.9487,1.1259
1.7112,1.1084,1.9462,1.1336
1.724,1.111,1.936,1.1285
1.7214,1.1186,1.9385,1.1183
1.7087,1.1186,1.9436,1.1259
1.7138,1.1084,1.9411,1.131
1.7163,1.1135,1.9436,1.1234
1.7138,1.1161,1.9411,1.1259
1.7138,1.1212,1.9462,1.1208
1.7087,1.1084,1.9487,1.1259
1.7138,1.1084,1.9436,1.1259
1.7214,1.1135,1.936,1.1259
1.7138,1.1186,1.9436,1.1285
1.7087,1.1135,1.9411,1.1259
1.7138,1.1084,1.9436,1.1336
1.7214,1.111,1.9334,1.1259
1.7163,1.1186,1.9436,1.1183
1.7087,1.1186,1.9487,1.1259
1.7061,1.1059,1.9487,1.1285
1.7138,1.1084,1.9411,1.1336
1.7138,1.111,1.9411,1.1285
1.7163,1.1135,1.936,1.1259
1.7163,1.1186,1.9436,1.1285
1.7061,1.111,1.9411,1.1259
1.7138,1.1059,1.9411,1.1285
1.7214,1.1084,1.936,1.1285
1.7163,1.1135,1.9411,1.1259
1.7138,1.1135,1.9411,1.1259
1.7112,1.1135,1.9411,1.1234
1.7138,1.1084,1.9411,1.1259
1.7138,1.1161,1.9334,1.1285
1.7163,1.1212,1.9385,1.1285
1.7087,1.1135,1.9436,1.1259
1.7138,1.1084,1.9411,1.1361
1.7189,1.1186,1.9334,1.1285
1.7138,1.1212,1.9385,1.1234
1.7061,1.1135,1.9436,1.1285
1.7138,1.1059,1.9411,1.1336
1.7189,1.111,1.9309,1.1285
1.7138,1.1135,1.9385,1.1183
1.7138,1.1135,1.9385,1.1285
1.7138,1.1135,1.9385,1.1285
1.7138,1.1135,1.9411,1.1285
1.7138,1.111,1.9385,1.1285
1.7138,1.1186,1.9385,1.1285
1.7061,1.1135,1.9436,1.1259
1.7138,1.1084,1.9411,1.131
1.7189,1.1135,1.9334,1.1285
1.7138,1.1186,1.9385,1.1285
1.7061,1.1135,1.9462,1.1285
1.7189,1.1084,1.9385,1.1361
1.7189,1.1135,1.9334,1.1234
1.7112,1.1212,1.9436,1.1234
1.7061,1.1084,1.9436,1.1361
1.7189,1.111,1.9334,1.1285
1.7138,1.1212,1.9411,1.1234
1.7061,1.1135,1.9436,1.1285
1.7138,1.1084,1.9385,1.1361
1.7214,1.1135,1.9309,1.1285
1.7138,1.1135,1.9385,1.1285
1.7036,1.1059,1.9436,1.1361
1.7189,1.1084,1.9334,1.1285
1.7138,1.1212,1.9385,1.1234
1.7138,1.1135,1.9385,1.1285
1.7138,1.1161,1.9385,1.131
1.7138,1.1135,1.936,1.1234
1.7138,1.1212,1.9436,1.1285
1.7061,1.1059,1.9436,1.1361
1.7189,1.1084,1.9309,1.1285
1.7138,1.1186,1.9385,1.1234
1.7061,1.1135,1.9436,1.1361
1.7138,1.1084,1.9334,1.1361
1.7189,1.1135,1.9283,1.1234
1.7112,1.1212,1.936,1.1234
1.7087,1.1135,1.9436,1.1285
1.7138,1.111,1.936,1.1361
1.7138,1.1135,1.9283,1.1285
1.7138,1.1212,1.9334,1.1234
1.7163,1.111,1.9385,1.1285
1.7138,1.1135,1.936,1.1361
1.7138,1.1135,1.936,1.131
1.7138,1.1161,1.936,1.1234
1.7163,1.111,1.936,1.1285
1.7112,1.1135,1.936,1.1285
1.7138,1.1135,1.936,1.131
1.7112,1.1135,1.936,1.1285
1.7138,1.1135,1.936,1.1285
1.7138,1.1161,1.936,1.1285
1.7112,1.1161,1.936,1.1285
1.7138,1.1212,1.9334,1.1234
1.7061,1.1135,1.9411,1.1285
