4.4286,0.82036,3.4857,2.1383
4.426,0.80761,3.4832,2.1459
4.4362,0.82036,3.4806,2.1306
4.4184,0.81271,3.4832,2.1383
4.4311,0.81526,3.4781,2.1383
4.4209,0.82036,3.4934,2.1357
4.426,0.80506,3.4857,2.1357
4.4286,0.81781,3.4857,2.1306
4.4235,0.81271,3.4934,2.1357
4.426,0.81526,3.4781,2.1357
4.4235,0.8229,3.4832,2.1306
4.4209,0.80506,3.4908,2.1459
4.4337,0.81271,3.4832,2.1357
4.426,0.81526,3.4832,2.1383
4.426,0.80761,3.4857,2.1459
4.426,0.82036,3.4883,2.1332
4.4235,0.80761,3.4908,2.1434
4.4337,0.81271,3.4806,2.1383
4.426,0.8229,3.4832,2.1383
4.426,0.80761,3.4857,2.1434
4.4337,0.82036,3.4781,2.1332
4.4209,0.81271,3.4934,2.1383
4.426,0.80761,3.4806,2.1383
4.4286,0.81526,3.4857,2.1383
4.426,0.81016,3.4857,2.1357
4.426,0.82036,3.4857,2.1306
4.4286,0.80761,3.4857,2.1459
4.426,0.82036,3.4857,2.1306
4.4235,0.80761,3.4934,2.1434
4.4362,0.81526,3.4883,2.1383
4.4209,0.81526,3.4934,2.1383
4.4286,0.80761,3.4883,2.1459
4.4337,0.82036,3.4908,2.1357
4.4209,0.81271,3.4883,2.1383
4.4286,0.81271,3.4883,2.1383
4.4286,0.82036,3.4883,2.1332
4.4209,0.81526,3.4883,2.1459
4.4337,0.81526,3.4806,2.1383
4.426,0.81526,3.4883,2.1383
4.4286,0.80761,3.4883,2.1459
4.4362,0.82036,3.4832,2.1357
4.4286,0.81526,3.4934,2.1383
4.4362,0.81526,3.4806,2.1383
4.4286,0.81271,3.4857,2.1383
4.4286,0.80506,3.4883,2.1434
4.4337,0.82036,3.4883,2.1332
4.4235,0.81271,3.4883,2.1383
4.4362,0.81526,3.4806,2.1408
4.4235,0.82036,3.4934,2.1383
4.4286,0.80761,3.4883,2.1408
4.4286,0.82036,3.4883,2.1306
4.4209,0.80761,3.4934,2.1459
4.4337,0.81526,3.4806,2.1383
4.4286,0.81271,3.4857,2.1357
4.4362,0.80761,3.4883,2.1383
4.4362,0.81526,3.4857,2.1383
4.4209,0.81526,3.4934,2.1383
4.4286,0.80761,3.4857,2.1357
4.426,0.81526,3.4883,2.1306
4.4235,0.81271,3.4934,2.1383
4.4286,0.81526,3.4883,2.1459
4.4286,0.82036,3.4883,2.1332
4.4235,0.81271,3.4857,2.1459
4.4337,0.81781,3.4806,2.1332
4.4235,0.81526,3.4934,2.1383
4.4286,0.80761,3.4806,2.1459
4.4286,0.82036,3.4883,2.1332
4.4286,0.81526,3.4883,2.1485
4.4337,0.81526,3.4806,2.1383
4.4286,0.82036,3.4883,2.1383
4.4286,0.80761,3.4883,2.1459
4.4362,0.81526,3.4806,2.1383
4.4209,0.82036,3.4934,2.1408
4.4286,0.80506,3.4857,2.1459
4.4337,0.82036,3.4806,2.1357
4.4235,0.81526,3.4934,2.1383
4.426,0.80761,3.4883,2.1383
4.4286,0.81526,3.4883,2.1332
4.4235,0.81526,3.4934,2.1434
4.4311,0.80761,3.4832,2.1459
4.4286,0.81271,3.4883,2.1332
4.426,0.81526,3.4934,2.1408
4.4362,0.81526,3.4832,2.1383
4.4286,0.82036,3.4883,2.1332
4.426,0.81526,3.4857,2.1459
4.4337,0.81271,3.4806,2.1408
4.4286,0.81526,3.4883,2.1459
4.4337,0.80761,3.4806,2.1434
4.4286,0.82036,3.4832,2.1383
4.4286,0.81526,3.4883,2.1383
4.4337,0.81271,3.4806,2.1383
4.4286,0.82036,3.4934,2.1306
4.4235,0.81271,3.4857,2.1459
4.4337,0.81271,3.4806,2.1383
4.4235,0.8229,3.4934,2.1357
4.4235,0.80761,3.4883,2.1459
4.4362,0.81526,3.4857,2.1383
4.4311,0.81526,3.4857,2.1383
4.426,0.80506,3.4883,2.1459
4.4362,0.81526,3.4781,2.1383
4.4286,0.81271,3.4883,2.1357
4.4311,0.80761,3.4883,2.1434
4.4337,0.81781,3.4781,2.1332
4.4235,0.81271,3.4934,2.1357
4.4286,0.81526,3.4857,2.1357
4.426,0.82036,3.4883,2.1332
4.4209,0.81526,3.4934,2.1434
4.4337,0.81526,3.4806,2.1383
4.4286,0.81526,3.4857,2.1383
4.426,0.80506,3.4883,2.1434
4.4362,0.8229,3.4806,2.1332
4.4209,0.81526,3.4934,2.1383
4.4286,0.80761,3.4883,2.1357
4.4286,0.8229,3.4857,2.1332
4.426,0.80761,3.4857,2.1434
4.4286,0.81271,3.4883,2.1332
4.4209,0.81526,3.4934,2.1459
4.4337,0.81271,3.4781,2.1383
4.4286,0.81271,3.4883,2.1383
4.4286,0.81271,3.4857,2.1434
4.4337,0.81271,3.4806,2.1357
4.4286,0.82036,3.4908,2.1332
4.4286,0.80761,3.4857,2.1434
4.4362,0.8229,3.4781,2.1306
4.4235,0.81526,3.4934,2.1383
4.4286,0.81526,3.4857,2.1408
4.4286,0.8229,3.4934,2.1332
4.4235,0.80761,3.4908,2.1434
4.4337,0.81271,3.4781,2.1383
4.4286,0.81526,3.4857,2.1357
4.426,0.80761,3.4832,2.1434
4.426,0.8229,3.4857,2.1332
4.4209,0.81271,3.4832,2.1383
4.4337,0.81271,3.4806,2.1357
4.4209,0.81526,3.4934,2.1383
4.4362,0.81526,3.4806,2.1383
4.4286,0.81526,3.4832,2.1383
4.4337,0.81016,3.4781,2.1459
4.4286,0.82036,3.4857,2.1332
4.4286,0.81526,3.4883,2.1459
4.4337,0.82036,3.4781,2.1306
4.4235,0.81526,3.4908,2.1357
4.4362,0.81526,3.4781,2.1357
4.4209,0.81526,3.4908,2.1434
4.4362,0.81271,3.4781,2.1383
4.4311,0.81526,3.4857,2.1383
4.4362,0.80506,3.4806,2.1383
4.4286,0.81526,3.4857,2.1383
4.4286,0.80761,3.4857,2.1459
4.4362,0.8229,3.4781,2.1306
4.4235,0.80761,3.4934,2.1459
4.4362,0.81526,3.4781,2.1383
4.4311,0.81526,3.4832,2.1383
4.4362,0.81016,3.4781,2.1459
4.4311,0.82036,3.4883,2.1383
4.4311,0.80506,3.4883,2.1434
4.4337,0.8229,3.4806,2.1332
4.4235,0.81271,3.4934,2.1383
4.4311,0.81271,3.4857,2.1383
4.4286,0.8229,3.4883,2.1383
4.426,0.80506,3.4857,2.1434
4.4362,0.81526,3.4806,2.1306
4.4184,0.82036,3.4934,2.1383
4.4311,0.80761,3.4857,2.1459
4.4362,0.82036,3.4806,2.1306
4.4209,0.81271,3.4934,2.1383
4.426,0.81526,3.4806,2.1383
4.4235,0.82036,3.4934,2.1332
4.4311,0.80761,3.4857,2.1383
4.4286,0.82036,3.4857,2.1332
4.4311,0.81526,3.4883,2.1434
4.4362,0.81526,3.4806,2.1332
4.4209,0.8229,3.4908,2.1383
4.426,0.80506,3.4857,2.1383
4.4286,0.82036,3.4832,2.1332
4.4235,0.80761,3.4934,2.1434
4.4362,0.81526,3.4781,2.1383
4.4311,0.81271,3.4857,2.1383
4.4286,0.80506,3.4857,2.1383
4.4362,0.81526,3.4832,2.1357
4.426,0.81526,3.4908,2.1383
4.4311,0.81526,3.4857,2.1383
4.4311,0.8229,3.4857,2.1332
4.4209,0.81526,3.4934,2.1434
4.4388,0.80761,3.4806,2.1383
4.4286,0.82036,3.4883,2.1383
4.426,0.81526,3.4857,2.1434
4.4337,0.81526,3.4806,2.1383
4.4235,0.82036,3.4934,2.1332
4.4235,0.81016,3.4934,2.1434
4.4362,0.81271,3.4781,2.1408
4.4311,0.8229,3.4857,2.1383
4.4286,0.81526,3.4883,2.1383
4.4362,0.81526,3.4781,2.1383
4.4286,0.82036,3.4832,2.1383
4.4311,0.81271,3.4857,2.1459
4.4362,0.81526,3.4781,2.1383
4.4235,0.8229,3.4934,2.1408
4.4311,0.80761,3.4883,2.1408
4.4286,0.8229,3.4883,2.1383
4.4311,0.80761,3.4883,2.1459
4.4362,0.8229,3.4806,2.1306
4.4235,0.81526,3.4934,2.1383
4.4286,0.81271,3.4857,2.1357
4.4286,0.81781,3.4883,2.1383
4.4209,0.81526,3.4934,2.1383
4.4311,0.81271,3.4883,2.1383
4.4235,0.8229,3.4883,2.1332
4.4235,0.80506,3.4857,2.1459
4.4286,0.81526,3.4857,2.1408
4.4235,0.81526,3.4934,2.1383
4.4337,0.81526,3.4806,2.1408
4.4235,0.81781,3.4934,2.1357
4.4286,0.81271,3.4857,2.1408
4.4286,0.82036,3.4883,2.1332
4.4235,0.80761,3.4908,2.1459
4.4362,0.8229,3.4806,2.1332
4.4209,0.81271,3.4857,2.1383
4.4311,0.81526,3.4883,2.1383
4.4311,0.81526,3.4883,2.1357
4.4286,0.80761,3.4806,2.1459
4.4337,0.82036,3.4806,2.1357
4.4235,0.81271,3.4883,2.1383
4.4286,0.81271,3.4857,2.1408
4.426,0.82036,3.4857,2.1383
4.4311,0.81271,3.4857,2.1383
4.4362,0.81271,3.4806,2.1357
4.4235,0.8229,3.4934,2.1332
4.4311,0.80761,3.4883,2.1434
4.4286,0.81526,3.4857,2.1332
4.4209,0.81526,3.4908,2.1434
4.4362,0.80761,3.4781,2.1459
4.4311,0.82036,3.4857,2.1332
4.4235,0.81526,3.4908,2.1434
4.4337,0.81526,3.4806,2.1383
4.426,0.82036,3.4832,2.1357
4.4311,0.81526,3.4832,2.1459
4.4337,0.82036,3.4781,2.1357
4.4209,0.81526,3.4908,2.1357
4.4286,0.81526,3.4857,2.1357
4.426,0.8229,3.4857,2.1383
4.4311,0.81271,3.4857,2.1434
4.4362,0.81271,3.4781,2.1306
4.4235,0.82036,3.4934,2.1383
4.4311,0.81016,3.4832,2.1383
4.4286,0.82036,3.4934,2.1332
4.4286,0.81016,3.4857,2.1459
4.4311,0.81526,3.4857,2.1332
4.4209,0.81526,3.4934,2.1434
4.4362,0.81271,3.4806,2.1383
4.4286,0.82036,3.4908,2.1383
4.426,0.81526,3.4857,2.1383
4.4235,0.8229,3.4857,2.1306
4.4311,0.80506,3.4857,2.1434
4.4362,0.8229,3.4806,2.1306
4.4209,0.81271,3.4908,2.1383
4.4286,0.81526,3.4832,2.1383
4.4286,0.82036,3.4857,2.1306
4.4311,0.80761,3.4857,2.1459
4.4311,0.81526,3.4857,2.1306
4.4235,0.81526,3.4908,2.1459
4.4337,0.81526,3.4781,2.1408
4.4286,0.81526,3.4857,2.1383
4.4286,0.80761,3.4806,2.1459
4.4286,0.8229,3.4883,2.1306
4.426,0.81526,3.4832,2.1434
4.4362,0.81526,3.4806,2.1332
4.4209,0.81526,3.4934,2.1383
4.4311,0.81526,3.4857,2.1332
4.4235,0.82036,3.4934,2.1306
4.4286,0.81526,3.4857,2.1357
4.4311,0.82036,3.4857,2.1306
4.4209,0.80506,3.4857,2.1459
4.4311,0.82036,3.4857,2.1332
4.4184,0.80761,3.4934,2.1434
4.4337,0.81526,3.4781,2.1408
4.4286,0.81526,3.4857,2.1383
4.426,0.80761,3.4781,2.1434
4.4286,0.82036,3.4883,2.1332
4.426,0.81271,3.4832,2.1459
4.4311,0.81526,3.4857,2.1383
4.4209,0.81526,3.4934,2.1434
4.4337,0.80761,3.4806,2.1357
4.4286,0.81526,3.4857,2.1383
4.4286,0.80761,3.4857,2.1357
4.4286,0.82036,3.4883,2.1332
4.4311,0.81271,3.4857,2.1434
4.4362,0.81526,3.4806,2.1383
4.4235,0.82036,3.4934,2.1332
4.4286,0.80761,3.4857,2.1383
4.4286,0.81526,3.4781,2.1332
4.4286,0.81526,3.4857,2.1357
4.4286,0.81526,3.4883,2.1383
4.4286,0.82036,3.4934,2.1306
4.4286,0.81271,3.4883,2.1383
4.4362,0.81526,3.4806,2.1408
4.4311,0.82036,3.4934,2.1332
4.4235,0.81016,3.4934,2.1434
4.4362,0.81526,3.4806,2.1383
4.4286,0.81271,3.4934,2.1383
4.4286,0.80761,3.4857,2.1408
4.4311,0.81526,3.4857,2.1332
4.4235,0.81271,3.4934,2.1383
4.4311,0.81526,3.4883,2.1383
4.4311,0.82036,3.4883,2.1306
4.4235,0.80761,3.4934,2.1434
4.4362,0.82036,3.4806,2.1332
4.4209,0.81271,3.4857,2.1383
4.4286,0.81526,3.4883,2.1383
4.4286,0.82036,3.4934,2.1332
4.426,0.80761,3.4883,2.1383
4.4337,0.82036,3.4832,2.1306
4.4311,0.81526,3.4934,2.1383
4.4362,0.81526,3.4806,2.1383
4.4235,0.82036,3.4934,2.1383
4.4311,0.81526,3.4883,2.1408
4.4286,0.82036,3.4857,2.1332
4.426,0.81016,3.4857,2.1434
4.4362,0.81526,3.4857,2.1306
4.4235,0.81271,3.4857,2.1383
4.4337,0.81271,3.4806,2.1332
4.4209,0.81526,3.4934,2.1408
4.4311,0.81526,3.4806,2.1383
4.4235,0.82036,3.4883,2.1357
4.4286,0.80506,3.4883,2.1459
4.4362,0.82036,3.4806,2.1306
4.4235,0.81271,3.4934,2.1383
4.4286,0.80761,3.4832,2.1383
4.4286,0.82036,3.4883,2.1383
4.4286,0.81271,3.4883,2.1383
4.4337,0.81526,3.4806,2.1408
4.4235,0.82036,3.4934,2.1383
4.4286,0.80761,3.4857,2.1408
4.4286,0.81271,3.4857,2.1357
4.4235,0.80761,3.4934,2.1459
4.4337,0.81271,3.4806,2.1383
4.4286,0.81526,3.4857,2.1383
4.4337,0.80761,3.4857,2.1459
4.4286,0.81526,3.4857,2.1306
4.4286,0.81271,3.4883,2.1459
4.4362,0.81526,3.4806,2.1332
4.4235,0.81526,3.4934,2.1383
4.4286,0.80761,3.4806,2.1383
4.426,0.82036,3.4883,2.1306
4.4311,0.80761,3.4883,2.1459
4.4286,0.81526,3.4857,2.1332
4.4235,0.81271,3.4934,2.1434
4.4362,0.81271,3.4806,2.1408
4.4286,0.81271,3.4908,2.1357
4.4362,0.80761,3.4857,2.1459
4.4209,0.82036,3.4857,2.1332
4.4286,0.80761,3.4857,2.1459
4.4286,0.81526,3.4883,2.1383
4.4209,0.81271,3.4934,2.1434
4.4337,0.80761,3.4806,2.1408
4.4286,0.8229,3.4857,2.1383
4.4311,0.81526,3.4883,2.1434
4.4362,0.81271,3.4806,2.1357
4.4235,0.82036,3.4908,2.1332
4.4235,0.80761,3.4832,2.1459
4.4311,0.81526,3.4806,2.1332
4.4235,0.82036,3.4934,2.1357
4.426,0.81526,3.4883,2.1408
4.4286,0.82036,3.4883,2.1332
4.4209,0.80761,3.4934,2.1459
4.4362,0.81271,3.4883,2.1383
4.4209,0.81271,3.4934,2.1383
4.4362,0.80761,3.4806,2.1408
4.4286,0.8229,3.4883,2.1383
4.4311,0.80761,3.4908,2.1459
4.4337,0.82036,3.4832,2.1332
4.4235,0.81271,3.4959,2.1383
4.4362,0.81526,3.4806,2.1306
4.4235,0.82036,3.4934,2.1332
4.4311,0.80506,3.4883,2.1408
4.4286,0.81526,3.4857,2.1408
4.4286,0.81271,3.4857,2.1383
4.4286,0.80761,3.4883,2.1459
4.4286,0.82036,3.4883,2.1332
4.4235,0.81781,3.4883,2.1408
4.426,0.81526,3.4857,2.1383
4.4311,0.82036,3.4857,2.1306
4.4286,0.81526,3.4857,2.1485
4.4362,0.81526,3.4806,2.1332
4.4235,0.81526,3.4934,2.1383
4.4311,0.81526,3.4857,2.1357
4.4286,0.82036,3.4883,2.1383
4.4286,0.80761,3.4857,2.1459
4.4362,0.82036,3.4806,2.1332
4.4209,0.81271,3.4934,2.1383
4.4337,0.81271,3.4806,2.1383
4.4209,0.8229,3.4883,2.1383
4.4311,0.81016,3.4857,2.1434
4.4311,0.82036,3.4857,2.1332
4.4311,0.81271,3.4883,2.1434
4.4362,0.81526,3.4806,2.1357
4.4286,0.81526,3.4883,2.1383
4.4311,0.80506,3.4883,2.1434
4.4362,0.82036,3.4832,2.1306
4.4235,0.81526,3.4934,2.1383
4.4286,0.81526,3.4857,2.1383
4.4286,0.82036,3.4883,2.1332
4.4235,0.80506,3.4908,2.1434
4.4362,0.81526,3.4806,2.1408
4.4286,0.81526,3.4832,2.1383
4.4311,0.80761,3.4857,2.1383
4.4311,0.81016,3.4832,2.1357
4.4235,0.81526,3.4934,2.1434
4.4362,0.81526,3.4806,2.1383
4.426,0.81526,3.4832,2.1383
4.4311,0.80761,3.4857,2.1434
4.4362,0.8229,3.4781,2.1332
4.4286,0.81526,3.4934,2.1383
4.4362,0.81526,3.4806,2.1357
4.4235,0.82036,3.4934,2.1383
4.4311,0.81271,3.4857,2.1383
4.4286,0.82036,3.4857,2.1332
4.4235,0.80761,3.4934,2.1459
4.4362,0.81526,3.4806,2.1383
4.4235,0.81271,3.4934,2.1459
4.4362,0.80761,3.4806,2.1383
4.4311,0.82036,3.4832,2.1357
4.4311,0.80761,3.4806,2.1459
4.4286,0.82036,3.4832,2.1306
4.4235,0.80761,3.4908,2.1434
4.4337,0.81271,3.4806,2.1383
4.4235,0.81271,3.4908,2.1383
4.4337,0.80761,3.4781,2.1383
4.4286,0.81781,3.4832,2.1306
4.426,0.81271,3.4857,2.1434
4.4337,0.81271,3.4781,2.1383
4.4235,0.81271,3.4908,2.1434
4.4337,0.80761,3.4781,2.1383
4.4286,0.8229,3.4908,2.1306
4.4311,0.80761,3.4832,2.1434
4.4337,0.81526,3.4832,2.1357
4.4209,0.81526,3.4908,2.1383
4.4362,0.80761,3.4781,2.1383
4.4286,0.81271,3.4857,2.1383
4.4311,0.80761,3.4832,2.1434
4.4362,0.82036,3.4806,2.1306
4.4209,0.81781,3.4908,2.1383
4.4286,0.80761,3.4832,2.1383
4.426,0.81271,3.4832,2.1281
4.4235,0.81271,3.4908,2.1357
4.426,0.80761,3.4832,2.1459
4.4311,0.81526,3.4832,2.1306
4.4286,0.81526,3.4832,2.1383
4.4362,0.81526,3.4781,2.1383
4.4311,0.82036,3.4832,2.1306
4.426,0.80761,3.4908,2.1434
4.4337,0.81526,3.4832,2.1383
4.4209,0.81526,3.4934,2.1434
4.4337,0.80506,3.4806,2.1383
4.4286,0.82036,3.4832,2.1306
4.426,0.80761,3.4857,2.1408
4.4362,0.82036,3.4806,2.1332
4.4235,0.81526,3.4934,2.1357
4.4362,0.81271,3.4806,2.1332
4.4235,0.82036,3.4934,2.1332
4.4311,0.80761,3.4883,2.1383
4.4286,0.82036,3.4832,2.1306
4.4235,0.80761,3.4908,2.1459
4.4337,0.81526,3.4806,2.1306
4.4235,0.81526,3.4934,2.1357
4.4311,0.81271,3.4832,2.1383
4.4286,0.8229,3.4832,2.1332
4.4235,0.80506,3.4883,2.1459
4.4362,0.8229,3.4806,2.1306
4.4235,0.81526,3.4934,2.1383
4.4311,0.81526,3.4883,2.1383
4.4286,0.81271,3.4857,2.1383
4.4286,0.80761,3.4883,2.1434
4.4337,0.82036,3.4832,2.1306
4.4209,0.81526,3.4959,2.1459
4.4362,0.81271,3.4781,2.1408
4.4286,0.81781,3.4934,2.1332
4.426,0.80761,3.4857,2.1434
4.4362,0.81781,3.4806,2.1306
4.426,0.81526,3.4934,2.1383
4.4362,0.81526,3.4832,2.1357
4.4235,0.82036,3.4883,2.1383
4.4362,0.80761,3.4883,2.1434
4.4286,0.82036,3.4832,2.1332
4.4286,0.80761,3.4883,2.1434
4.4337,0.82036,3.4806,2.1332
4.4235,0.81271,3.4934,2.1383
4.4388,0.81271,3.4806,2.1306
4.4209,0.82036,3.4934,2.1332
4.426,0.80761,3.4883,2.1357
4.4286,0.82036,3.4857,2.1332
4.4235,0.80761,3.4934,2.1434
4.4286,0.81271,3.4883,2.1383
4.4209,0.81271,3.4934,2.1383
4.4337,0.81271,3.4806,2.1383
4.4286,0.81526,3.4883,2.1383
4.4311,0.80506,3.4883,2.1459
4.4362,0.81781,3.4883,2.1332
4.4311,0.81271,3.4934,2.1383
4.4311,0.81271,3.4857,2.1383
