3.414,1.5826,5.1859,2.9466
3.414,1.5851,5.191,2.9491
3.414,1.58,5.1833,2.9466
3.4191,1.5851,5.1833,2.9491
3.414,1.5902,5.1808,2.944
3.4064,1.5902,5.1884,2.9491
3.4064,1.5775,5.1884,2.9593
3.4191,1.5775,5.1757,2.9542
3.4191,1.5826,5.1757,2.9466
3.414,1.5902,5.1808,2.944
3.4166,1.5826,5.1859,2.9466
3.4064,1.5826,5.1935,2.9517
3.4166,1.5775,5.1808,2.9542
3.4217,1.5775,5.1833,2.944
3.4242,1.5877,5.1859,2.9389
3.4166,1.5902,5.1935,2.9389
3.4191,1.58,5.1961,2.9415
3.4191,1.5826,5.1986,2.9491
3.4166,1.5749,5.1986,2.9415
3.4268,1.58,5.2037,2.9364
3.4242,1.5877,5.2063,2.9287
3.414,1.58,5.2114,2.9364
3.414,1.5749,5.2139,2.9415
3.4293,1.5749,5.2012,2.9338
3.4293,1.5877,5.2012,2.9287
3.4166,1.5877,5.2165,2.9364
3.4166,1.5749,5.2114,2.9338
3.4268,1.58,5.2037,2.9338
3.4242,1.5877,5.2088,2.9313
3.4166,1.58,5.2165,2.9338
3.4191,1.58,5.2088,2.9415
3.4217,1.58,5.2088,2.9338
3.4242,1.58,5.2063,2.9262
3.4217,1.5826,5.2063,2.9338
3.4217,1.5826,5.2063,2.9338
3.4217,1.58,5.2063,2.9338
3.4242,1.58,5.2037,2.9338
3.4242,1.5826,5.2088,2.9313
3.4166,1.5749,5.2114,2.9338
3.4242,1.58,5.2063,2.9338
3.4242,1.5826,5.2012,2.9338
3.4242,1.5902,5.2037,2.9287
3.4166,1.5826,5.2088,2.9364
3.4242,1.5775,5.2063,2.9389
3.4319,1.5775,5.2012,2.9338
3.4319,1.5877,5.1986,2.9262
3.4191,1.5877,5.2063,2.9313
3.4191,1.58,5.2114,2.9389
3.4242,1.58,5.2063,2.9338
3.4268,1.58,5.2012,2.9338
3.4217,1.5877,5.2088,2.9236
3.4191,1.58,5.2165,2.9313
3.4268,1.5749,5.2088,2.9389
3.4344,1.58,5.2063,2.9313
3.4268,1.5877,5.2088,2.9262
3.4191,1.58,5.2139,2.9313
3.4268,1.5775,5.2088,2.9389
3.4319,1.5826,5.2012,2.9313
3.4217,1.5902,5.2063,2.9262
3.4191,1.5851,5.2139,2.9415
3.4268,1.5775,5.2037,2.9313
3.4319,1.5826,5.2012,2.9338
3.4268,1.5851,5.2012,2.9313
3.4191,1.5851,5.2063,2.9338
3.4268,1.5775,5.2012,2.9415
3.4319,1.5953,5.191,2.9287
3.4191,1.5928,5.2012,2.9287
3.4166,1.58,5.2012,2.9415
3.4268,1.58,5.1935,2.9389
3.4319,1.5851,5.1884,2.9338
3.4242,1.5928,5.1935,2.9262
3.4242,1.5851,5.1961,2.9338
3.4242,1.5877,5.1961,2.9338
3.4268,1.5877,5.1935,2.9338
3.4344,1.5877,5.1884,2.9338
3.4268,1.5953,5.1935,2.9287
3.4217,1.5953,5.2012,2.9338
3.4217,1.58,5.2037,2.9415
3.4344,1.58,5.191,2.9313
3.4268,1.5877,5.1961,2.9262
3.4268,1.5953,5.2063,2.9338
3.4268,1.58,5.1986,2.9389
3.4268,1.5877,5.1935,2.9338
3.4344,1.5928,5.1961,2.9236
3.4217,1.5928,5.2088,2.9236
3.4217,1.5877,5.2114,2.9338
3.4293,1.5775,5.2063,2.9338
3.4344,1.5826,5.2012,2.9287
3.4319,1.5902,5.2114,2.9262
3.4242,1.5851,5.2165,2.9262
3.4268,1.58,5.219,2.9313
3.437,1.5775,5.2063,2.9236
3.437,1.5902,5.2114,2.916
3.4344,1.5902,5.2165,2.9134
3.4293,1.5826,5.2267,2.9211
3.4344,1.5775,5.2241,2.9236
3.4395,1.5826,5.219,2.9109
3.437,1.5826,5.2267,2.9109
3.437,1.5851,5.2343,2.9134
3.437,1.5826,5.2292,2.9211
3.437,1.58,5.2292,2.9134
3.437,1.58,5.2292,2.9083
3.437,1.5826,5.2318,2.9109
3.4395,1.5826,5.2343,2.9211
3.4395,1.58,5.2343,2.9109
3.4472,1.5877,5.2292,2.9032
3.4395,1.5902,5.2394,2.9032
3.4344,1.58,5.2445,2.916
3.4421,1.5749,5.2318,2.9185
3.4472,1.58,5.2318,2.9032
3.4395,1.5877,5.2394,2.9032
3.437,1.5775,5.2471,2.9083
3.4421,1.58,5.2394,2.9134
3.4421,1.58,5.2445,2.9032
3.4421,1.58,5.2445,2.9058
3.4446,1.58,5.2445,2.9032
3.4472,1.5724,5.2471,2.9109
3.4523,1.5775,5.242,2.8981
3.4472,1.5775,5.2471,2.8981
3.4446,1.5851,5.2496,2.9032
3.4421,1.5775,5.2573,2.9032
3.4472,1.5698,5.2522,2.9058
3.4523,1.5775,5.2496,2.9007
3.4472,1.5826,5.2573,2.8956
3.4395,1.5749,5.2624,2.9058
3.4548,1.5724,5.2547,2.9083
3.4548,1.5775,5.2496,2.893
3.4421,1.5826,5.2624,2.8956
3.4421,1.5698,5.2624,2.9058
3.4548,1.5775,5.2496,2.9007
3.4497,1.5851,5.2573,2.893
3.4446,1.5775,5.2598,2.9007
3.4497,1.5698,5.2624,2.8981
3.4574,1.5749,5.2547,2.8981
3.4523,1.58,5.2649,2.8905
3.4446,1.5749,5.27,2.8956
3.4523,1.5673,5.2675,2.9032
3.4574,1.5749,5.2598,2.8956
3.4599,1.58,5.2624,2.8879
3.4472,1.58,5.2777,2.893
3.4472,1.5673,5.2777,2.9007
3.4599,1.5673,5.2649,2.893
3.4599,1.58,5.2624,2.8854
3.4472,1.58,5.2777,2.8879
3.4472,1.5749,5.2777,2.893
3.4523,1.5749,5.27,2.893
3.4548,1.5749,5.27,2.893
3.4548,1.5749,5.27,2.893
3.4523,1.5749,5.27,2.9007
3.4599,1.5749,5.2649,2.893
3.4599,1.58,5.2675,2.8854
3.4472,1.5826,5.2726,2.893
3.4472,1.5698,5.27,2.9007
3.4574,1.5698,5.2573,2.9032
3.4574,1.58,5.2573,2.8905
3.4548,1.5826,5.27,2.8905
3.4472,1.5775,5.27,2.8956
3.4548,1.5673,5.2649,2.9032
3.4599,1.5775,5.2624,2.8879
3.4523,1.5826,5.2675,2.8905
3.4472,1.5749,5.2751,2.893
3.4548,1.5673,5.2726,2.8981
3.4625,1.5749,5.2675,2.8905
3.4548,1.58,5.2777,2.8828
3.4523,1.5749,5.2828,2.8905
3.4625,1.5673,5.27,2.893
3.465,1.58,5.2726,2.8828
3.4523,1.58,5.2879,2.8803
3.4497,1.5724,5.2879,2.8905
3.4574,1.5673,5.2828,2.8854
3.4625,1.5724,5.2828,2.8828
3.4574,1.5749,5.2853,2.8828
3.4523,1.5673,5.293,2.8879
3.465,1.5673,5.2828,2.8803
3.465,1.58,5.2828,2.8752
3.4548,1.5724,5.2955,2.8803
3.4599,1.5673,5.2904,2.8879
3.4676,1.5749,5.2853,2.8803
3.4599,1.5749,5.293,2.8777
3.4599,1.5724,5.293,2.8828
3.4599,1.5673,5.2879,2.8726
3.4599,1.5775,5.298,2.8701
3.4548,1.5724,5.3057,2.8752
3.4625,1.5647,5.298,2.8777
3.4676,1.5749,5.293,2.8701
3.4599,1.5775,5.3006,2.8701
3.4548,1.5724,5.3082,2.8752
3.4625,1.5673,5.3031,2.8777
3.4676,1.5724,5.298,2.8624
3.4625,1.58,5.3031,2.8624
3.4548,1.5749,5.3108,2.8752
3.465,1.5673,5.3057,2.8777
3.4701,1.5749,5.3006,2.8599
3.4625,1.58,5.3082,2.8624
3.4574,1.5724,5.3133,2.8701
3.465,1.5724,5.3108,2.8726
3.465,1.5724,5.3108,2.8675
3.4625,1.5724,5.3031,2.8675
3.465,1.58,5.3108,2.865
3.4574,1.5749,5.3159,2.8675
3.4625,1.5647,5.3108,2.8726
3.4701,1.5647,5.3057,2.865
3.4727,1.5698,5.3031,2.8599
3.4676,1.5775,5.3184,2.8599
3.4599,1.5724,5.3184,2.865
3.4676,1.5647,5.3133,2.8701
3.465,1.5698,5.3133,2.8624
3.4676,1.5724,5.3082,2.8599
3.465,1.5775,5.3235,2.8573
3.4599,1.5647,5.3235,2.8701
3.4676,1.5647,5.3159,2.8675
3.4727,1.5698,5.3133,2.8599
3.4676,1.5775,5.3184,2.8548
3.4676,1.5724,5.3235,2.8599
3.4676,1.5724,5.3184,2.8599
3.4676,1.5647,5.321,2.865
3.4752,1.5698,5.3184,2.8599
3.4701,1.58,5.321,2.8548
3.4625,1.5698,5.3286,2.8573
3.4701,1.5698,5.3235,2.8624
3.4676,1.5673,5.3261,2.8599
3.4752,1.5698,5.3261,2.8573
3.4727,1.5775,5.3261,2.8497
3.465,1.5698,5.3363,2.8548
3.465,1.5596,5.3388,2.8624
3.4727,1.5622,5.3312,2.8599
3.4778,1.5698,5.3261,2.8471
3.4727,1.5673,5.3337,2.8446
3.4727,1.5698,5.3312,2.8522
3.4727,1.5698,5.3337,2.8522
3.4752,1.5622,5.3337,2.8522
3.4803,1.5698,5.3286,2.8522
3.4778,1.5749,5.3261,2.8471
3.4676,1.5775,5.3363,2.8446
3.4676,1.5698,5.3388,2.8599
3.4727,1.5647,5.3312,2.8624
3.4803,1.5698,5.3235,2.8548
3.4727,1.5775,5.3261,2.8471
3.465,1.5698,5.3312,2.8624
3.4778,1.5647,5.3261,2.8624
3.4778,1.5698,5.3184,2.8548
3.4701,1.5775,5.3235,2.8522
3.465,1.5698,5.3286,2.8548
3.4727,1.5647,5.321,2.865
3.4778,1.5698,5.3159,2.8573
3.4727,1.58,5.3235,2.8573
3.4727,1.5724,5.321,2.8573
3.4727,1.5698,5.3235,2.8573
3.4727,1.5724,5.321,2.8573
3.4727,1.5698,5.3235,2.8599
3.4676,1.5698,5.3286,2.8573
3.4778,1.5647,5.3159,2.8675
3.4778,1.5724,5.3184,2.8599
3.4727,1.5775,5.3184,2.8522
3.465,1.5749,5.3286,2.8599
3.465,1.5673,5.3286,2.865
3.4727,1.5673,5.3133,2.865
3.4778,1.5775,5.3133,2.8599
3.4701,1.5698,5.321,2.8599
3.465,1.5698,5.321,2.8573
3.4727,1.5698,5.3184,2.865
3.4778,1.5698,5.3159,2.8599
3.4701,1.5775,5.3184,2.8548
3.465,1.5724,5.3235,2.8599
3.4701,1.5647,5.3159,2.8675
3.4778,1.5647,5.3082,2.8624
3.4778,1.5698,5.3133,2.8548
3.4701,1.5749,5.3133,2.8624
3.465,1.5724,5.321,2.865
3.4701,1.5647,5.3159,2.8599
3.4778,1.5749,5.3133,2.8624
3.4701,1.5775,5.3159,2.8624
3.465,1.58,5.3235,2.8599
3.465,1.5698,5.3235,2.8675
3.4727,1.5698,5.3184,2.8599
3.4778,1.5698,5.3133,2.8573
3.4701,1.5775,5.321,2.8522
3.4727,1.5775,5.3286,2.8522
3.465,1.5724,5.3312,2.8573
3.4727,1.5647,5.3261,2.8599
3.4752,1.5698,5.3286,2.8573
3.4727,1.5698,5.3286,2.8497
3.4752,1.58,5.3286,2.8522
3.465,1.5724,5.3388,2.8522
3.4727,1.5647,5.3312,2.8497
3.4778,1.5647,5.3261,2.8497
3.4803,1.5775,5.3261,2.8446
3.4676,1.5775,5.3388,2.8497
3.4676,1.5647,5.3414,2.8548
3.4778,1.5647,5.3286,2.8471
3.4803,1.5775,5.3312,2.842
3.465,1.5775,5.3337,2.8446
3.4701,1.5698,5.3388,2.8522
3.4727,1.5622,5.3388,2.8471
3.4803,1.5698,5.3337,2.8446
3.4727,1.5775,5.3388,2.842
3.465,1.5698,5.349,2.8446
3.4676,1.5647,5.349,2.8522
3.4778,1.5622,5.3388,2.8522
3.4727,1.5698,5.3363,2.8369
3.4676,1.5775,5.349,2.8369
3.465,1.5647,5.349,2.842
3.4752,1.5698,5.3439,2.842
3.4727,1.5698,5.3465,2.842
3.4727,1.5698,5.349,2.842
3.4752,1.5698,5.349,2.8395
3.4727,1.5647,5.3516,2.8395
3.4752,1.5698,5.3516,2.8395
3.4727,1.5775,5.3516,2.8395
3.4676,1.5724,5.3541,2.8369
3.4727,1.5647,5.3516,2.8446
3.4803,1.5698,5.349,2.8318
3.4727,1.5775,5.3516,2.8318
3.4676,1.5698,5.3592,2.8369
3.4727,1.5647,5.3516,2.8446
3.4778,1.5724,5.3414,2.8395
3.4701,1.5775,5.3465,2.8344
3.4701,1.5698,5.3439,2.842
3.4701,1.5698,5.3439,2.8497
3.4676,1.5698,5.3414,2.8446
3.4752,1.5724,5.3337,2.8471
3.4676,1.58,5.3414,2.8395
3.465,1.5775,5.3516,2.842
3.465,1.5673,5.3541,2.8522
3.4752,1.5647,5.3439,2.8471
3.4778,1.5698,5.3439,2.8344
3.4727,1.5749,5.3567,2.8344
3.4676,1.5673,5.3592,2.8369
3.4727,1.5622,5.3516,2.8446
3.4727,1.5673,5.3567,2.8395
3.4803,1.5749,5.349,2.8318
3.4676,1.5775,5.3592,2.8395
3.4676,1.5698,5.3592,2.8446
3.4727,1.5622,5.3516,2.8471
3.4727,1.5698,5.3516,2.842
3.4778,1.5673,5.349,2.842
3.4727,1.5673,5.3516,2.8369
3.4676,1.5698,5.3567,2.8497
3.4727,1.5622,5.349,2.8497
3.4727,1.5673,5.3516,2.842
3.4778,1.5749,5.3439,2.8369
3.4701,1.5749,5.3541,2.8369
3.465,1.5673,5.349,2.842
3.4727,1.5673,5.349,2.8446
3.4701,1.5673,5.3465,2.8446
3.4727,1.5698,5.3465,2.8395
3.465,1.5698,5.3567,2.8522
3.4701,1.5673,5.349,2.8497
3.4701,1.5622,5.3439,2.8522
3.4778,1.5673,5.3414,2.8446
3.4727,1.5749,5.349,2.8395
3.4701,1.5673,5.349,2.8446
3.465,1.5673,5.3516,2.842
3.4676,1.5596,5.3516,2.8522
3.4778,1.5673,5.3465,2.8446
3.4778,1.5724,5.349,2.8395
3.465,1.5724,5.3592,2.8369
3.4676,1.5571,5.3592,2.8471
3.4727,1.5596,5.3567,2.842
3.4778,1.5647,5.3516,2.842
3.4727,1.5724,5.3592,2.842
3.4727,1.5673,5.3669,2.842
3.465,1.5571,5.3592,2.8471
3.4778,1.5596,5.3541,2.8395
3.4778,1.5673,5.3567,2.8344
3.4676,1.5698,5.3694,2.8344
3.465,1.5571,5.3694,2.8446
3.4727,1.5571,5.3643,2.8446
3.4752,1.5647,5.3643,2.8395
3.4727,1.5647,5.3567,2.8318
3.4727,1.5698,5.3643,2.8318
3.465,1.5622,5.3694,2.8471
3.4727,1.5571,5.3618,2.8471
3.4803,1.5622,5.3516,2.842
3.4727,1.5698,5.3618,2.8369
3.4676,1.5698,5.3669,2.842
3.4676,1.5571,5.3643,2.8497
3.4701,1.5571,5.3592,2.8497
3.4778,1.5622,5.3541,2.8446
3.4701,1.5698,5.3567,2.8369
3.4625,1.5622,5.3643,2.8446
3.4676,1.5596,5.3567,2.8522
3.4701,1.5622,5.3567,2.8446
3.4701,1.5647,5.3541,2.8446
3.4727,1.5647,5.3541,2.8446
3.4701,1.5647,5.3541,2.8471
3.4676,1.5647,5.349,2.8497
3.4676,1.5647,5.349,2.842
3.4676,1.5647,5.3541,2.8471
3.4625,1.5647,5.3567,2.8497
3.4676,1.5571,5.3541,2.8548
3.4727,1.5571,5.3439,2.8497
3.4727,1.5698,5.3439,2.8446
3.4676,1.5724,5.3516,2.842
3.4625,1.5647,5.3592,2.8522
3.465,1.5647,5.3516,2.8573
3.465,1.5571,5.349,2.8497
3.4727,1.5647,5.3439,2.8497
3.465,1.5698,5.349,2.8446
3.4574,1.5698,5.3592,2.8522
3.4599,1.5571,5.3541,2.8599
3.465,1.5622,5.349,2.8522
3.4701,1.5622,5.3465,2.8522
3.465,1.5622,5.349,2.8497
3.4599,1.5622,5.3516,2.8522
3.465,1.5571,5.3516,2.8599
3.4676,1.5647,5.3516,2.8522
3.465,1.5622,5.3516,2.8446
3.4676,1.5622,5.3516,2.8522
3.4625,1.5622,5.3567,2.8522
3.465,1.5545,5.349,2.8548
3.4701,1.5622,5.3439,2.8522
3.465,1.5673,5.3516,2.8573
3.4574,1.5698,5.3592,2.8522
3.4574,1.5571,5.3592,2.8599
3.465,1.5571,5.3516,2.8548
3.465,1.5596,5.3465,2.8446
3.4574,1.5673,5.3516,2.8471
3.4574,1.5622,5.3567,2.8548
3.4676,1.5545,5.349,2.8599
3.4676,1.5622,5.349,2.8548
3.4676,1.5596,5.3388,2.8548
3.4599,1.5647,5.3388,2.8573
3.4548,1.5749,5.3363,2.8624
3.4548,1.5596,5.3286,2.8726
3.4574,1.5673,5.3184,2.8675
3.4625,1.5673,5.3082,2.8701
3.4548,1.5749,5.3082,2.8752
3.4472,1.5698,5.3108,2.8777
3.4472,1.5647,5.3031,2.8854
3.4574,1.5673,5.293,2.8828
3.4599,1.58,5.2904,2.8777
3.4523,1.5775,5.2955,2.8828
3.4446,1.5724,5.2955,2.8828
3.4523,1.5647,5.2904,2.893
3.4574,1.5647,5.2828,2.8854
3.4574,1.5749,5.2828,2.8828
3.4497,1.5775,5.2904,2.8803
3.4421,1.5698,5.298,2.8854
3.4497,1.5647,5.2904,2.893
3.4574,1.5698,5.2853,2.8879
3.4523,1.5775,5.2955,2.8854
3.4472,1.5673,5.3006,2.8879
3.4446,1.5622,5.3031,2.893
3.4523,1.5673,5.298,2.8828
3.4574,1.5749,5.2904,2.8803
3.4497,1.5749,5.3057,2.8777
3.4446,1.5673,5.3057,2.8905
3.4472,1.5647,5.3006,2.8905
3.4574,1.5673,5.293,2.8803
3.4548,1.5749,5.298,2.8777
3.4523,1.5673,5.298,2.8803
3.4523,1.5622,5.3006,2.8879
3.4574,1.5673,5.2955,2.8828
3.4497,1.5698,5.3006,2.8752
3.4421,1.5698,5.3082,2.8828
3.4523,1.5596,5.298,2.8879
3.4574,1.5698,5.298,2.8828
3.4497,1.5749,5.3031,2.8752
3.4446,1.5622,5.3108,2.8879
3.4497,1.5596,5.3082,2.8879
3.4574,1.5622,5.3006,2.8803
3.4574,1.5698,5.3031,2.8752
3.4497,1.5749,5.3082,2.8726
3.4497,1.5673,5.3082,2.8777
3.4497,1.5673,5.3159,2.8803
3.4523,1.5596,5.3108,2.8828
3.4574,1.5673,5.3057,2.8777
3.4497,1.5724,5.3108,2.8701
3.4497,1.5673,5.3133,2.8777
3.4446,1.5673,5.3108,2.8752
3.4523,1.5596,5.3108,2.8828
3.4548,1.5673,5.3057,2.8701
3.4472,1.5673,5.3082,2.8701
3.4497,1.5647,5.3108,2.8752
3.4446,1.5673,5.3159,2.8726
3.4472,1.5622,5.3108,2.8828
3.4574,1.5596,5.3057,2.8777
3.4548,1.5698,5.3082,2.8701
3.4472,1.5724,5.3133,2.8726
3.4421,1.5673,5.321,2.8752
3.4421,1.5622,5.3235,2.8803
3.4548,1.5596,5.3082,2.8803
3.4548,1.5673,5.3108,2.865
3.4497,1.5724,5.3184,2.865
3.4472,1.5647,5.3235,2.8701
3.4497,1.5596,5.321,2.8777
3.4574,1.5673,5.3133,2.865
3.4472,1.5698,5.321,2.865
3.4421,1.5647,5.3286,2.8701
3.4472,1.5596,5.3235,2.8701
3.4548,1.5673,5.3184,2.8701
3.4472,1.5698,5.3235,2.8624
3.4421,1.5647,5.3312,2.8675
3.4472,1.5596,5.3261,2.8752
3.4548,1.5596,5.3184,2.865
3.4497,1.5647,5.3261,2.8624
3.4472,1.5673,5.3286,2.8675
3.4446,1.5673,5.3286,2.865
3.4497,1.5571,5.3286,2.8675
