3.8907,1.5163,3.9089,2.5003
3.8907,1.5189,3.9012,2.4978
3.8907,1.5265,3.9063,2.4952
3.8984,1.524,3.9038,2.4978
3.9009,1.5316,3.9012,2.4952
3.9009,1.5316,3.9038,2.4876
3.8933,1.5341,3.9089,2.4876
3.8933,1.5316,3.9089,2.4876
3.8856,1.5189,3.9165,2.5003
3.8907,1.524,3.9089,2.4952
3.8907,1.5189,3.9114,2.4952
3.8984,1.5189,3.9038,2.5029
3.8984,1.5265,3.9012,2.4952
3.8984,1.5214,3.9038,2.4927
3.8984,1.5316,3.9038,2.4901
3.8907,1.5265,3.9114,2.4876
3.8933,1.5316,3.9114,2.4901
3.8856,1.5316,3.9114,2.4901
3.8907,1.5265,3.9114,2.4952
3.8856,1.524,3.9114,2.4952
3.8856,1.5189,3.9165,2.5003
3.8907,1.5189,3.914,2.5003
3.8882,1.5189,3.9063,2.5003
3.8958,1.5265,3.9063,2.4901
3.8907,1.5265,3.9114,2.4876
3.8907,1.5341,3.9114,2.4952
3.8856,1.5265,3.9191,2.4927
3.8856,1.5189,3.9191,2.5003
3.8958,1.5189,3.914,2.5029
3.8907,1.5265,3.9114,2.4952
3.8984,1.5265,3.9063,2.4901
3.8882,1.5316,3.9114,2.4901
3.8907,1.524,3.9114,2.4952
3.8856,1.524,3.9191,2.4952
3.8856,1.5265,3.9165,2.4952
3.8907,1.5265,3.9114,2.5003
3.8856,1.5265,3.9114,2.4952
3.8984,1.529,3.9063,2.4952
3.8984,1.5341,3.9038,2.4901
3.8907,1.5316,3.9114,2.4901
3.8907,1.5316,3.9191,2.4901
3.8856,1.5265,3.9191,2.4952
3.8907,1.5265,3.9165,2.4952
3.8907,1.5189,3.9114,2.5003
3.8933,1.5265,3.9089,2.4952
3.9009,1.529,3.9038,2.4952
3.8958,1.5265,3.9012,2.4952
3.8882,1.5341,3.9063,2.4952
3.8856,1.5316,3.9165,2.4927
3.8856,1.5265,3.914,2.4978
3.8933,1.5265,3.9089,2.4952
3.8933,1.5214,3.9089,2.5029
3.8984,1.5214,3.9012,2.5029
3.8907,1.5189,3.9012,2.4978
3.8958,1.5265,3.9038,2.4901
3.8907,1.5265,3.9114,2.4901
3.8933,1.5265,3.9114,2.4952
3.8856,1.5341,3.914,2.4978
3.8856,1.5265,3.914,2.5029
3.8907,1.5265,3.9114,2.5054
3.8882,1.5189,3.9089,2.5029
3.8958,1.5214,3.9063,2.4978
3.8984,1.524,3.9012,2.4927
3.8933,1.529,3.9089,2.4927
3.8907,1.5341,3.9114,2.4901
3.8856,1.5341,3.9165,2.4978
3.8856,1.5265,3.9165,2.4978
3.8831,1.5189,3.9165,2.5054
3.8907,1.5214,3.9114,2.5029
3.8984,1.5265,3.9063,2.4978
3.8907,1.5367,3.914,2.4901
3.8856,1.5367,3.9191,2.4927
3.8856,1.5265,3.9165,2.5029
3.8958,1.5214,3.9089,2.5029
3.8907,1.5265,3.9114,2.4978
3.8958,1.5316,3.9063,2.4901
3.8882,1.5341,3.9114,2.4901
3.8907,1.5316,3.9114,2.4952
3.8831,1.529,3.9191,2.4952
3.8831,1.5214,3.9191,2.5003
3.8882,1.5265,3.9165,2.5003
3.8882,1.5214,3.9114,2.5003
3.8907,1.529,3.9114,2.4978
3.8933,1.529,3.9089,2.4952
3.8882,1.529,3.9063,2.4952
3.8958,1.5367,3.9063,2.4876
3.8856,1.5341,3.9216,2.4876
3.8831,1.5265,3.9216,2.4927
3.8882,1.5265,3.914,2.4927
3.8882,1.5214,3.914,2.4952
3.8882,1.5265,3.914,2.4952
3.8933,1.5341,3.9089,2.4901
3.8856,1.5265,3.914,2.4901
3.8856,1.5341,3.9165,2.4825
3.8805,1.5341,3.9216,2.4876
3.8805,1.5265,3.9242,2.4952
3.8933,1.5189,3.9165,2.4978
3.8933,1.524,3.9114,2.4952
3.8933,1.5265,3.914,2.4901
3.8856,1.5265,3.9191,2.485
3.8882,1.5341,3.9242,2.4825
3.8856,1.5265,3.9267,2.4876
3.8805,1.5265,3.9216,2.4876
3.8805,1.5214,3.9267,2.4952
3.8856,1.5214,3.9216,2.4952
3.8856,1.5265,3.9216,2.4876
3.8933,1.5265,3.914,2.4876
3.8907,1.5265,3.914,2.4876
3.8933,1.5341,3.9165,2.4799
3.8856,1.5341,3.9216,2.4901
3.8805,1.5341,3.9293,2.4876
3.8805,1.5265,3.9267,2.4952
3.8856,1.529,3.9216,2.4952
3.8856,1.5265,3.9216,2.4876
3.8933,1.5265,3.9165,2.4901
3.8907,1.5341,3.9165,2.485
3.8882,1.5341,3.9216,2.485
3.8856,1.5265,3.9242,2.4927
3.8831,1.5341,3.9242,2.4901
3.8856,1.5265,3.9216,2.4927
3.8831,1.5214,3.9242,2.4952
3.8958,1.5214,3.9165,2.4901
3.8933,1.5265,3.9165,2.4825
3.8882,1.5367,3.9242,2.4825
3.8856,1.529,3.9216,2.4901
3.8805,1.5265,3.9293,2.4901
3.8805,1.524,3.9267,2.4952
3.8856,1.5214,3.9216,2.4952
3.8882,1.529,3.9216,2.4901
3.8907,1.529,3.9191,2.4901
3.8933,1.5341,3.9165,2.4927
3.8882,1.5341,3.9216,2.485
3.8856,1.5341,3.9293,2.4825
3.8805,1.5265,3.9293,2.4901
3.8856,1.529,3.9216,2.4952
3.8856,1.5214,3.9216,2.4901
3.8933,1.5265,3.914,2.4927
3.8907,1.5367,3.9216,2.485
3.8856,1.529,3.9216,2.485
3.8856,1.5341,3.9242,2.4901
3.8805,1.5367,3.9293,2.4825
3.8805,1.529,3.9293,2.4901
3.8856,1.529,3.9242,2.4901
3.8805,1.529,3.9318,2.4952
3.8856,1.529,3.9242,2.4952
3.8856,1.5214,3.9242,2.4978
3.8856,1.5189,3.9242,2.4901
3.8933,1.524,3.9191,2.4927
3.8958,1.529,3.9191,2.4927
3.8958,1.529,3.9216,2.4927
3.8958,1.5367,3.9191,2.485
3.8856,1.5265,3.9242,2.485
3.8882,1.5341,3.9242,2.485
3.8805,1.5341,3.9318,2.485
3.8805,1.529,3.9318,2.4952
3.8831,1.5214,3.9318,2.4978
3.8856,1.5265,3.9242,2.4927
3.8856,1.5214,3.9267,2.4927
3.8933,1.524,3.9191,2.4901
3.8958,1.5341,3.9191,2.485
3.8882,1.5341,3.9242,2.485
3.8856,1.529,3.9267,2.4901
3.8831,1.5265,3.9344,2.4901
3.8805,1.5214,3.9293,2.4952
3.8856,1.5214,3.9242,2.4952
3.8882,1.529,3.9267,2.4901
3.8933,1.5265,3.9191,2.4927
3.8933,1.529,3.9216,2.4901
3.8933,1.529,3.9267,2.4927
3.8856,1.5392,3.9293,2.485
3.8856,1.5367,3.9267,2.485
3.8856,1.5316,3.9293,2.4901
3.8805,1.529,3.9344,2.4876
3.8831,1.5214,3.9369,2.4952
3.8856,1.524,3.9293,2.4952
3.8856,1.524,3.9318,2.4978
3.8882,1.529,3.9318,2.4876
3.8958,1.529,3.9216,2.4901
3.8882,1.529,3.9293,2.4901
3.8933,1.5367,3.9242,2.4825
3.8882,1.5367,3.9293,2.485
3.8882,1.5367,3.9344,2.4901
3.8831,1.5214,3.9344,2.4978
3.8856,1.5214,3.9267,2.4952
3.8856,1.529,3.9242,2.4901
3.8958,1.529,3.9191,2.4876
3.8958,1.529,3.9191,2.4927
3.8958,1.5341,3.9165,2.485
3.8907,1.5341,3.9293,2.485
3.8882,1.529,3.9191,2.4927
3.8831,1.529,3.9293,2.4952
3.8805,1.529,3.9267,2.4978
3.8882,1.529,3.9216,2.5003
3.8882,1.5214,3.9191,2.4927
3.8933,1.5214,3.914,2.4978
3.8958,1.529,3.9165,2.4876
3.8907,1.529,3.9165,2.4901
3.8882,1.5367,3.9216,2.4876
3.8882,1.529,3.9191,2.4901
3.8882,1.5265,3.9216,2.4952
3.8831,1.5265,3.9267,2.4952
3.8856,1.529,3.9242,2.4978
3.8882,1.5214,3.9191,2.5029
3.8882,1.5214,3.9191,2.5029
3.8882,1.5265,3.9191,2.4978
3.8958,1.524,3.914,2.4952
3.8958,1.529,3.9114,2.4901
3.8958,1.529,3.9114,2.4978
3.8958,1.5341,3.914,2.4901
3.8856,1.5367,3.9191,2.4901
3.8831,1.5341,3.9242,2.4876
3.8831,1.5265,3.9242,2.4952
3.8831,1.529,3.9242,2.4927
3.8831,1.5214,3.9267,2.5003
3.8856,1.5214,3.9191,2.4978
3.8882,1.5265,3.9216,2.4952
3.8958,1.5265,3.914,2.4952
3.8958,1.5341,3.9216,2.4876
3.8805,1.5367,3.9242,2.4876
3.8856,1.5265,3.9267,2.4927
3.8882,1.529,3.9216,2.5029
3.8882,1.524,3.9216,2.5003
3.8958,1.5214,3.914,2.4978
3.8958,1.5265,3.914,2.4876
3.8856,1.529,3.9114,2.485
3.8831,1.5341,3.9216,2.485
3.8882,1.529,3.9191,2.4927
3.8831,1.5265,3.9267,2.4927
3.8831,1.5214,3.9267,2.4978
3.8933,1.5214,3.9216,2.4978
3.8958,1.529,3.9165,2.4952
3.8856,1.529,3.9191,2.4901
3.8882,1.5341,3.9191,2.4927
3.8831,1.5265,3.9267,2.4927
3.8831,1.524,3.9267,2.5003
3.8882,1.5214,3.9216,2.5003
3.8856,1.5265,3.9216,2.4927
3.8958,1.529,3.914,2.4952
3.8907,1.5341,3.9216,2.4901
3.8882,1.5265,3.9216,2.485
3.8907,1.529,3.9216,2.4927
3.8805,1.5265,3.9267,2.4927
3.8856,1.529,3.9293,2.5003
3.8882,1.5214,3.9216,2.5003
3.8882,1.5214,3.9216,2.4978
3.8882,1.529,3.9216,2.4927
3.8958,1.529,3.9191,2.4927
3.8958,1.5341,3.9191,2.4901
3.8907,1.529,3.9242,2.4901
3.8882,1.5341,3.9216,2.4876
3.8856,1.5341,3.9267,2.4876
3.8831,1.529,3.9293,2.5003
3.8882,1.5265,3.9216,2.4952
3.8907,1.5265,3.9216,2.4952
3.8958,1.5214,3.9165,2.4927
3.8958,1.5265,3.9165,2.4901
3.8907,1.5265,3.9216,2.4876
3.8907,1.529,3.9216,2.485
3.8831,1.529,3.9293,2.4927
3.8856,1.5214,3.9293,2.4978
3.8907,1.5214,3.9216,2.5003
3.8882,1.5265,3.9216,2.4927
3.8958,1.529,3.9165,2.4952
3.8958,1.5367,3.9191,2.485
3.8882,1.529,3.9242,2.4927
3.8831,1.529,3.9318,2.4927
3.8856,1.5214,3.9318,2.5029
3.8882,1.5189,3.9242,2.4978
3.8907,1.529,3.9242,2.4978
3.8958,1.529,3.9191,2.485
3.8856,1.5265,3.9242,2.4952
3.8907,1.5265,3.9242,2.485
3.8805,1.5341,3.9293,2.4952
3.8831,1.529,3.9344,2.4978
3.8907,1.5214,3.9242,2.4978
3.8958,1.529,3.9191,2.4927
3.8882,1.529,3.9267,2.4876
3.8907,1.5341,3.9267,2.4952
3.8856,1.529,3.9318,2.4901
3.8831,1.5214,3.9318,2.5003
3.8907,1.524,3.9267,2.4978
3.8907,1.5214,3.9216,2.4927
3.8958,1.5265,3.9216,2.4876
3.8882,1.5367,3.9267,2.485
3.8882,1.5341,3.9267,2.4901
3.8856,1.529,3.9344,2.4927
3.8805,1.5214,3.9344,2.4978
3.8882,1.524,3.9293,2.4978
3.8882,1.529,3.9267,2.4927
3.8958,1.529,3.9216,2.4927
3.8958,1.529,3.9216,2.485
3.8882,1.5341,3.9267,2.485
3.8882,1.5341,3.9267,2.4901
3.8856,1.529,3.9318,2.4927
3.8882,1.5214,3.9267,2.4978
3.8958,1.5214,3.9293,2.4927
3.8958,1.529,3.9191,2.4927
3.8882,1.5341,3.9293,2.485
3.8907,1.5367,3.9344,2.4876
3.8831,1.5214,3.9318,2.4978
3.8882,1.524,3.9267,2.5003
3.8958,1.5214,3.9216,2.4927
3.8958,1.5367,3.9216,2.4901
3.8856,1.5341,3.9318,2.4876
3.8856,1.529,3.9344,2.4952
3.8933,1.524,3.9242,2.5003
3.8933,1.5316,3.9267,2.4952
3.8984,1.5265,3.9267,2.4952
3.8907,1.5367,3.9267,2.4952
3.8856,1.5367,3.9344,2.4952
3.8907,1.529,3.9293,2.4952
3.8907,1.5214,3.9293,2.5029
3.8958,1.524,3.9242,2.5003
3.8984,1.529,3.9242,2.4952
3.8882,1.529,3.9293,2.4876
3.8882,1.529,3.9318,2.4952
3.8856,1.529,3.9369,2.4952
3.8856,1.524,3.9395,2.5029
3.8882,1.5214,3.9242,2.5029
3.8907,1.529,3.9318,2.4952
3.8933,1.529,3.9267,2.4978
3.8984,1.5367,3.9267,2.4876
3.8907,1.5265,3.9242,2.4901
3.8933,1.5341,3.9318,2.4901
3.8907,1.5341,3.9318,2.4901
3.8907,1.5316,3.9318,2.4952
3.8856,1.529,3.9395,2.4952
3.8856,1.5214,3.9395,2.5029
3.8907,1.524,3.9293,2.5029
3.8882,1.529,3.9293,2.4952
3.8984,1.529,3.9293,2.4927
3.8907,1.5367,3.9293,2.4901
3.8933,1.5341,3.9344,2.4901
3.8856,1.529,3.9344,2.5029
3.8856,1.524,3.9344,2.5029
3.8933,1.5214,3.9216,2.5054
3.8984,1.529,3.9242,2.4978
3.9009,1.529,3.9318,2.4901
3.8933,1.5367,3.9293,2.4927
3.8856,1.5341,3.9293,2.4901
3.8907,1.529,3.9293,2.4978
3.8856,1.5316,3.9344,2.4978
3.8933,1.529,3.9318,2.4952
3.8933,1.524,3.9293,2.5054
3.8907,1.5214,3.9293,2.5054
3.8984,1.529,3.9216,2.5003
3.8933,1.529,3.9216,2.4927
3.8933,1.5367,3.9267,2.4927
3.8907,1.5367,3.9344,2.4927
3.8882,1.524,3.9344,2.5054
3.8933,1.5316,3.9267,2.4978
3.8856,1.5214,3.9344,2.5054
3.8933,1.5214,3.9267,2.5054
3.8933,1.5316,3.9293,2.5003
3.8984,1.524,3.9216,2.4978
3.9009,1.529,3.9191,2.4978
3.9009,1.529,3.9216,2.5003
3.8984,1.5392,3.9191,2.4927
3.8933,1.5367,3.9267,2.4927
3.8933,1.5316,3.9293,2.4978
3.8856,1.5392,3.9369,2.4978
3.8856,1.524,3.9369,2.4978
3.8882,1.529,3.9318,2.5003
3.8856,1.524,3.9369,2.5054
3.8933,1.524,3.9293,2.5054
3.8907,1.529,3.9318,2.5003
3.9009,1.529,3.9242,2.5003
3.9009,1.5316,3.9242,2.5003
3.8933,1.5367,3.9293,2.4952
3.8933,1.5316,3.9318,2.5003
3.8856,1.5341,3.9369,2.5003
3.8856,1.5214,3.9369,2.5054
3.8907,1.5214,3.9344,2.5054
3.8958,1.524,3.9242,2.4978
3.9009,1.5316,3.9242,2.4927
3.8907,1.529,3.9293,2.4927
3.8933,1.5367,3.9318,2.5003
3.8856,1.5316,3.9369,2.5003
3.8856,1.524,3.9369,2.5054
3.8933,1.5265,3.9293,2.5054
3.8933,1.5316,3.9318,2.5003
3.9009,1.529,3.9242,2.4978
3.9009,1.5367,3.9242,2.4952
3.8933,1.5367,3.9318,2.4927
3.8882,1.5341,3.9369,2.5003
3.8856,1.5265,3.9369,2.5054
3.8933,1.524,3.9293,2.5054
3.8958,1.529,3.9293,2.5003
3.9009,1.529,3.9267,2.5003
3.8984,1.529,3.9318,2.4927
3.8933,1.5341,3.9293,2.4978
3.8882,1.5392,3.9369,2.5003
3.8882,1.529,3.9369,2.5003
3.8933,1.5316,3.9318,2.5003
3.8958,1.5265,3.9293,2.5105
3.9009,1.5265,3.9318,2.5054
3.8933,1.529,3.9318,2.5003
3.9009,1.529,3.9216,2.4978
3.9009,1.529,3.9216,2.4952
3.8933,1.529,3.9293,2.4952
3.8933,1.5392,3.9242,2.5003
3.8933,1.5392,3.9267,2.4952
3.8958,1.529,3.9344,2.4978
3.8958,1.529,3.9267,2.5029
3.8958,1.5265,3.9242,2.5105
3.8958,1.529,3.9267,2.5003
3.9009,1.529,3.9216,2.5003
3.9009,1.5341,3.9216,2.4952
3.8882,1.5392,3.9318,2.4952
3.8856,1.529,3.9318,2.5003
3.8882,1.5316,3.9242,2.5029
3.8958,1.524,3.9242,2.5054
3.9009,1.524,3.9191,2.5054
3.9009,1.529,3.9191,2.4952
3.9009,1.5316,3.9191,2.4952
3.8958,1.5392,3.9242,2.4952
3.8933,1.529,3.9242,2.5003
3.8882,1.5316,3.9318,2.5003
3.8882,1.524,3.9318,2.508
3.9009,1.524,3.9216,2.508
3.8958,1.5341,3.9267,2.5003
3.8933,1.5316,3.9242,2.5003
3.8984,1.5367,3.9216,2.4952
3.8882,1.5392,3.9242,2.4952
3.8856,1.5341,3.9293,2.5003
3.8882,1.5265,3.9318,2.508
3.8933,1.524,3.9216,2.5029
3.9009,1.5265,3.914,2.5029
3.9009,1.5367,3.9165,2.4978
3.8958,1.5367,3.9216,2.4952
3.8933,1.5316,3.9216,2.5003
3.8882,1.5316,3.9293,2.5003
3.8958,1.5214,3.9216,2.508
3.8958,1.529,3.9191,2.5029
3.9035,1.5316,3.9114,2.5029
3.9009,1.5367,3.9114,2.4978
3.8984,1.5392,3.9191,2.4952
3.8984,1.5316,3.9191,2.5029
3.8907,1.529,3.9267,2.5054
3.8907,1.5316,3.9216,2.5029
3.8882,1.529,3.9191,2.5054
3.8958,1.5214,3.9165,2.5105
3.8958,1.5265,3.9114,2.5105
3.9009,1.529,3.9114,2.5054
3.8984,1.5316,3.9165,2.4978
3.8958,1.5367,3.9165,2.5029
3.8907,1.529,3.9216,2.5054
3.8907,1.5214,3.9216,2.5105
3.8958,1.524,3.914,2.5105
3.8958,1.524,3.9165,2.5029
3.9035,1.524,3.9089,2.5029
3.9035,1.529,3.9114,2.4978
3.8958,1.5316,3.914,2.5054
3.8984,1.5367,3.914,2.4978
3.8907,1.5367,3.9216,2.4952
3.8984,1.529,3.9165,2.5029
3.8933,1.529,3.9242,2.5029
3.8907,1.529,3.9216,2.5105
3.8958,1.524,3.9165,2.5105
3.8958,1.529,3.9165,2.5029
3.9035,1.524,3.9063,2.5029
3.9035,1.529,3.9063,2.5054
3.8984,1.529,3.9063,2.5029
3.9035,1.5341,3.9063,2.4978
3.8984,1.5265,3.9114,2.4978
3.8984,1.5341,3.9114,2.4978
3.8907,1.5367,3.9165,2.4978
3.8984,1.529,3.9089,2.5054
3.8907,1.529,3.9165,2.5029
3.8882,1.5214,3.9165,2.508
3.8958,1.524,3.9114,2.5105
3.8984,1.5214,3.9089,2.5029
3.9009,1.524,3.9012,2.5029
3.9035,1.529,3.9012,2.508
3.9035,1.529,3.9012,2.4978
3.9035,1.5265,3.9063,2.5029
3.9035,1.5341,3.9012,2.4978
3.8984,1.5367,3.9089,2.4978
3.8958,1.5341,3.9089,2.4978
3.9009,1.529,3.9063,2.5054
3.8984,1.529,3.9114,2.5054
3.8933,1.529,3.9114,2.5131
3.8984,1.524,3.9089,2.5131
3.8958,1.5265,3.9063,2.5029
3.9035,1.529,3.8987,2.5054
3.9035,1.5367,3.9012,2.5003
3.8958,1.5341,3.9114,2.4978
3.8907,1.5316,3.9165,2.5054
3.8958,1.5316,3.914,2.5131
3.9009,1.529,3.9063,2.5131
3.8958,1.524,3.9063,2.5054
3.9009,1.524,3.9012,2.5054
3.9035,1.529,3.9012,2.5003
3.8984,1.5367,3.9063,2.5029
3.9009,1.5341,3.9063,2.5003
3.8907,1.529,3.9114,2.5054
3.8958,1.529,3.9038,2.5054
3.8958,1.524,3.9063,2.5131
3.906,1.524,3.9012,2.508
3.906,1.529,3.8961,2.5003
