4.6707,1.0472,3.315,2.225
4.6707,1.0472,3.315,2.225
4.6784,1.0421,3.3099,2.2326
4.6784,1.0549,3.3099,2.2173
4.6682,1.0523,3.315,2.225
4.6656,1.0498,3.3175,2.225
4.6682,1.0472,3.3175,2.225
4.6707,1.0498,3.3175,2.225
4.6682,1.0523,3.315,2.2173
4.6656,1.0472,3.3226,2.225
4.6784,1.0421,3.3175,2.2301
4.6784,1.0523,3.3124,2.2173
4.6707,1.0523,3.3175,2.225
4.6656,1.0472,3.3252,2.225
4.6707,1.0396,3.3175,2.225
4.6733,1.0472,3.3175,2.225
4.6631,1.0472,3.3252,2.225
4.6707,1.0396,3.3175,2.2301
4.6758,1.0549,3.3124,2.2173
4.6631,1.0523,3.3252,2.225
4.6631,1.0421,3.3175,2.2301
4.6784,1.0472,3.3099,2.225
4.6733,1.0523,3.3175,2.225
4.6656,1.0472,3.3226,2.2301
4.6784,1.0396,3.3175,2.225
4.6707,1.0447,3.3175,2.2173
4.6707,1.0472,3.3175,2.2224
4.6707,1.0472,3.3175,2.2326
4.6707,1.0447,3.3175,2.225
4.6707,1.0472,3.3175,2.2173
4.6733,1.0472,3.3201,2.225
4.6707,1.0472,3.3201,2.2301
4.6707,1.0447,3.3175,2.225
4.6707,1.0472,3.3175,2.2275
4.6707,1.0447,3.3201,2.225
4.6707,1.0472,3.3201,2.2301
4.6707,1.0472,3.3175,2.225
4.6707,1.0472,3.3201,2.2173
4.6605,1.0472,3.3277,2.225
4.6707,1.0396,3.3175,2.2301
4.6784,1.0523,3.315,2.2199
4.6707,1.0523,3.3201,2.2199
4.6656,1.0396,3.3252,2.2275
4.6707,1.0396,3.3124,2.2326
4.6784,1.0523,3.3124,2.2199
4.6656,1.0523,3.3277,2.2173
4.6656,1.0472,3.3252,2.2301
4.6733,1.0396,3.3175,2.2301
4.6784,1.0523,3.3124,2.2199
4.6631,1.0523,3.3277,2.2173
4.6656,1.0396,3.3277,2.2301
4.6784,1.037,3.3124,2.225
4.6758,1.0523,3.3201,2.2173
4.6656,1.0472,3.3277,2.2301
4.6784,1.0396,3.3226,2.2301
4.6758,1.0472,3.315,2.2224
4.6784,1.0523,3.3201,2.2173
4.6631,1.0523,3.3252,2.225
4.6758,1.0421,3.3201,2.2301
4.6758,1.0447,3.315,2.225
4.6733,1.0523,3.3226,2.2173
4.6656,1.0523,3.3303,2.225
4.6656,1.0396,3.3303,2.2301
4.6784,1.0396,3.315,2.2224
4.6784,1.0523,3.3175,2.2173
4.6656,1.0523,3.3252,2.2199
4.6656,1.0396,3.3303,2.2301
4.6707,1.037,3.315,2.2275
4.6784,1.0498,3.3175,2.2148
4.6707,1.0523,3.3252,2.2199
4.6656,1.0396,3.3277,2.2301
4.6784,1.0396,3.3252,2.2301
4.6784,1.0523,3.3175,2.2173
4.6733,1.0523,3.3252,2.2199
4.6682,1.0472,3.3303,2.2224
4.6784,1.037,3.3201,2.2301
4.6784,1.0498,3.3175,2.2173
4.6656,1.0498,3.3303,2.225
4.6656,1.0396,3.3303,2.2301
4.6784,1.037,3.3201,2.2224
4.6784,1.0498,3.3201,2.2173
4.6656,1.0498,3.3303,2.2224
4.6656,1.0396,3.3303,2.2275
4.6758,1.0396,3.3201,2.2224
4.6784,1.0523,3.3252,2.2173
4.6656,1.0523,3.3328,2.2224
4.6656,1.0396,3.3328,2.2301
4.6784,1.0396,3.3201,2.2224
4.6784,1.0447,3.3277,2.2173
4.6707,1.0447,3.3252,2.225
4.6707,1.0421,3.3277,2.225
4.6733,1.0447,3.3277,2.2224
4.6733,1.0447,3.3252,2.2224
4.6707,1.0498,3.3277,2.2199
4.6656,1.037,3.3328,2.2224
4.6758,1.0396,3.3277,2.2301
4.6784,1.0396,3.3252,2.2224
4.6707,1.0498,3.3303,2.2173
4.6682,1.0421,3.3353,2.2275
4.6707,1.0396,3.3303,2.2275
4.6809,1.0447,3.3226,2.2224
4.6733,1.0523,3.3303,2.2148
4.6682,1.0447,3.3353,2.2199
4.6733,1.0421,3.3303,2.2275
4.6707,1.0447,3.3328,2.2173
4.6707,1.0421,3.3303,2.2122
4.6758,1.0421,3.3328,2.2199
4.6682,1.037,3.3404,2.2275
4.6758,1.0421,3.3328,2.2199
4.6733,1.0447,3.3353,2.2199
4.6733,1.0498,3.3379,2.2199
4.6682,1.0421,3.343,2.2199
4.6733,1.037,3.3404,2.2301
4.6809,1.0396,3.3303,2.2173
4.6758,1.0472,3.3404,2.2122
4.6707,1.0447,3.3455,2.225
4.6758,1.0345,3.3404,2.225
4.6835,1.0447,3.3353,2.2199
4.6758,1.0498,3.3404,2.2122
4.6758,1.0396,3.3404,2.2173
4.6758,1.0421,3.3455,2.225
4.6784,1.0396,3.3455,2.2173
4.6835,1.0447,3.3404,2.2122
4.6682,1.0498,3.3532,2.2199
4.6682,1.0345,3.3506,2.225
4.6809,1.0345,3.3404,2.2199
4.6835,1.0472,3.3455,2.2097
4.6784,1.0396,3.3506,2.2173
4.6784,1.0345,3.3506,2.225
4.6886,1.0396,3.3455,2.2173
4.6809,1.0396,3.3506,2.2122
4.6682,1.0396,3.3608,2.225
4.686,1.0345,3.3455,2.2224
4.6835,1.0396,3.3481,2.2122
4.6758,1.0447,3.3532,2.2122
4.6758,1.0396,3.3608,2.2199
4.6809,1.0319,3.3557,2.225
4.6835,1.0447,3.3506,2.2097
4.6733,1.0396,3.3608,2.2173
4.6809,1.0319,3.3557,2.2224
4.6886,1.0396,3.3506,2.2173
4.6809,1.0447,3.3557,2.2097
4.6758,1.037,3.3659,2.2173
4.6809,1.0319,3.3583,2.2173
4.6886,1.037,3.3506,2.2173
4.6835,1.0447,3.3659,2.2097
4.6758,1.037,3.3608,2.2173
4.6809,1.0396,3.3634,2.2173
4.6809,1.0396,3.3583,2.2097
4.6758,1.037,3.3634,2.2224
4.6809,1.0319,3.3506,2.2224
4.6911,1.0396,3.3532,2.2097
4.6784,1.0447,3.3659,2.2148
4.6809,1.0319,3.3583,2.2199
4.6886,1.0396,3.3557,2.2148
4.6835,1.0447,3.3583,2.2097
4.6758,1.0396,3.3634,2.2199
4.6809,1.0319,3.3583,2.2224
4.6911,1.037,3.3506,2.2097
4.6758,1.0447,3.3634,2.2148
4.6835,1.0319,3.3557,2.2199
4.6911,1.0396,3.3506,2.2173
4.6835,1.0447,3.3557,2.2173
4.686,1.037,3.3557,2.2122
4.6835,1.0396,3.3557,2.2148
4.6835,1.0396,3.3583,2.2097
4.6835,1.0396,3.3583,2.2148
4.6835,1.0396,3.3583,2.2224
4.6835,1.0396,3.3583,2.2148
4.6911,1.0421,3.3557,2.2097
4.6784,1.037,3.3608,2.2148
4.6835,1.0319,3.3583,2.2224
4.6911,1.037,3.3506,2.2173
4.6835,1.0447,3.3583,2.2148
4.6784,1.0396,3.3608,2.2148
4.6835,1.0294,3.3583,2.2224
4.6911,1.037,3.3532,2.2148
4.686,1.0447,3.3608,2.2148
4.6809,1.0396,3.3634,2.2148
4.686,1.0319,3.3583,2.2224
4.6911,1.0396,3.3583,2.2173
4.6835,1.0396,3.3608,2.2148
4.686,1.0396,3.3659,2.2199
4.686,1.0319,3.3583,2.2224
4.6911,1.037,3.3506,2.2148
4.6835,1.0447,3.3608,2.2097
4.6784,1.037,3.3634,2.2148
4.6835,1.0294,3.3583,2.2199
4.6937,1.0345,3.3532,2.2097
4.6835,1.0447,3.3557,2.2097
4.6809,1.037,3.3634,2.2148
4.686,1.0294,3.3583,2.225
4.6911,1.0447,3.3506,2.2097
4.6809,1.0447,3.3659,2.2173
4.6886,1.0294,3.3583,2.2224
4.6911,1.037,3.3583,2.2173
4.6835,1.037,3.3583,2.2148
4.6886,1.0345,3.3583,2.2199
4.6911,1.037,3.3532,2.2173
4.6835,1.0447,3.3583,2.2097
4.6784,1.0396,3.3659,2.2173
4.6886,1.0319,3.3583,2.2224
4.6937,1.0447,3.3506,2.2097
4.6809,1.0447,3.3634,2.2097
4.6809,1.0319,3.3608,2.225
4.6911,1.0396,3.3481,2.2173
4.686,1.0472,3.3532,2.2199
4.686,1.0396,3.3557,2.2224
4.6937,1.037,3.3506,2.2173
4.6835,1.0472,3.3532,2.2148
4.6784,1.0396,3.3608,2.2173
4.686,1.0345,3.3532,2.2173
4.6911,1.037,3.3481,2.2097
4.6784,1.0472,3.3634,2.2097
4.6784,1.0319,3.3583,2.225
4.6911,1.0345,3.3455,2.225
4.6911,1.0472,3.3481,2.2097
4.6784,1.0472,3.3608,2.2173
4.686,1.0396,3.3532,2.2224
4.6911,1.0396,3.3481,2.2173
4.6835,1.0472,3.3532,2.2097
4.6784,1.037,3.3608,2.2224
4.6809,1.0345,3.3557,2.2224
4.6911,1.0472,3.3455,2.2097
4.6835,1.0447,3.3583,2.2122
4.6784,1.0345,3.3583,2.225
4.6911,1.0345,3.3532,2.2173
4.686,1.0396,3.3532,2.2122
4.6835,1.0396,3.3583,2.2148
4.6835,1.0345,3.3532,2.225
4.6886,1.0396,3.3481,2.2097
4.6809,1.0472,3.3506,2.2122
4.6784,1.0396,3.3583,2.2148
4.6809,1.0396,3.3506,2.2173
4.6911,1.0472,3.3455,2.2097
4.6784,1.0472,3.3583,2.2173
4.6809,1.037,3.3506,2.225
4.6886,1.0396,3.3455,2.2122
4.6835,1.0472,3.3532,2.2097
4.686,1.0396,3.3506,2.2173
4.6835,1.0396,3.3532,2.2173
4.6835,1.0498,3.3557,2.2097
4.6784,1.0396,3.3608,2.2173
4.686,1.0345,3.3557,2.2224
4.6911,1.0396,3.3506,2.2122
4.686,1.0447,3.3557,2.2097
4.6784,1.0319,3.3608,2.225
4.6911,1.037,3.3481,2.2224
4.6809,1.0472,3.3557,2.2173
4.6784,1.037,3.3608,2.2173
4.6835,1.0319,3.3532,2.2199
4.6911,1.0472,3.3506,2.2122
4.6784,1.0472,3.3583,2.2173
4.6809,1.0345,3.3506,2.2224
4.6886,1.0396,3.3455,2.2199
4.6835,1.0472,3.3557,2.2122
4.6784,1.0396,3.3506,2.2173
4.6835,1.037,3.3506,2.2173
4.6835,1.0472,3.3506,2.2122
4.6784,1.0421,3.3557,2.2199
4.6886,1.0345,3.3455,2.225
4.6911,1.0447,3.3455,2.2148
4.6784,1.0396,3.3583,2.2199
4.6835,1.0345,3.3506,2.225
4.6911,1.0421,3.3455,2.2173
4.6809,1.0498,3.3506,2.2199
4.6758,1.0421,3.3583,2.2199
4.6809,1.0345,3.3481,2.2275
4.686,1.0396,3.343,2.2199
4.6809,1.0498,3.3481,2.2122
4.6758,1.0345,3.3532,2.225
4.6835,1.0396,3.3404,2.225
4.686,1.0498,3.3404,2.2148
4.6733,1.0472,3.3506,2.2199
4.6784,1.037,3.3455,2.2301
4.6886,1.0447,3.3404,2.2199
4.6784,1.0421,3.3455,2.2199
4.6809,1.0396,3.3455,2.2199
4.6809,1.0447,3.3455,2.2199
4.6809,1.0498,3.343,2.2173
4.6733,1.037,3.3506,2.2275
4.6886,1.037,3.3379,2.2199
4.6784,1.0498,3.343,2.2148
4.6733,1.0421,3.3481,2.2199
4.6809,1.0345,3.3455,2.2224
4.6809,1.0421,3.343,2.2148
4.6784,1.0447,3.3506,2.2199
4.6784,1.037,3.3455,2.2301
4.686,1.0447,3.343,2.2199
4.6835,1.0421,3.3404,2.2224
4.6809,1.0421,3.343,2.2275
4.6886,1.0421,3.3379,2.2199
4.6809,1.0498,3.343,2.2148
4.6758,1.0421,3.3506,2.2199
4.6784,1.0421,3.343,2.2199
4.6809,1.0523,3.3404,2.2148
4.6758,1.0421,3.3506,2.2199
4.686,1.0345,3.3353,2.2275
4.686,1.0498,3.3353,2.2199
4.6733,1.0447,3.3481,2.2224
4.6784,1.037,3.3353,2.2224
4.6835,1.0498,3.3404,2.2148
4.6733,1.0447,3.3506,2.2224
4.6809,1.037,3.3404,2.2275
4.686,1.0447,3.3303,2.2224
4.6809,1.0498,3.3404,2.2199
4.6784,1.0447,3.3404,2.2199
4.6784,1.0447,3.3404,2.2224
4.6809,1.0421,3.3328,2.2173
4.6758,1.0498,3.3455,2.225
4.6733,1.037,3.3455,2.2275
4.6835,1.0447,3.3328,2.225
4.6809,1.0498,3.3379,2.2173
4.6733,1.0421,3.343,2.2199
4.6809,1.0396,3.3379,2.2275
4.686,1.0447,3.3303,2.2224
4.6784,1.0498,3.3404,2.2148
4.6733,1.0421,3.343,2.2224
4.6809,1.037,3.3404,2.2301
4.686,1.0447,3.3303,2.225
4.6809,1.0447,3.3379,2.2224
4.6784,1.0447,3.3455,2.225
4.6784,1.0421,3.3379,2.2199
4.6784,1.0498,3.3379,2.2148
4.6733,1.0447,3.3455,2.225
4.6809,1.037,3.3328,2.2275
4.686,1.0498,3.3303,2.2148
4.6758,1.0447,3.3455,2.2199
4.6809,1.037,3.3379,2.225
4.6809,1.0421,3.3404,2.2173
4.6758,1.0447,3.3455,2.2199
4.6809,1.037,3.3404,2.2275
4.686,1.0447,3.3328,2.2148
4.6733,1.0447,3.3455,2.2199
4.6809,1.037,3.3404,2.2275
4.6809,1.0447,3.3353,2.2224
4.6809,1.0421,3.343,2.2122
4.6784,1.037,3.343,2.2275
4.6886,1.0421,3.3379,2.2199
4.6809,1.0498,3.3506,2.2148
4.6758,1.0421,3.3455,2.2275
4.686,1.0396,3.3404,2.2199
4.6809,1.0498,3.3455,2.2199
4.6809,1.0421,3.343,2.2199
4.6809,1.0447,3.3481,2.2224
4.6809,1.0472,3.3455,2.2148
4.6758,1.0421,3.3532,2.2199
4.6809,1.0345,3.3404,2.2301
4.6911,1.0498,3.343,2.2122
4.6758,1.0498,3.3557,2.2199
4.6835,1.0345,3.3506,2.2275
4.6911,1.0396,3.3455,2.2199
4.6835,1.0472,3.3506,2.2199
4.6784,1.0396,3.3583,2.2173
4.6835,1.0319,3.3532,2.2301
4.6886,1.0396,3.3532,2.2199
4.686,1.0396,3.3557,2.2199
4.6784,1.037,3.3634,2.2199
4.686,1.0396,3.3557,2.2173
4.6835,1.0396,3.3583,2.2199
4.686,1.0396,3.3583,2.2173
4.6784,1.0319,3.3659,2.2224
4.6937,1.0294,3.3532,2.2173
4.6911,1.0447,3.3532,2.2122
4.6809,1.0421,3.3685,2.2199
4.686,1.0294,3.3608,2.225
4.6937,1.037,3.3557,2.2173
4.686,1.0472,3.3634,2.2122
4.6835,1.037,3.3685,2.2173
4.6886,1.0319,3.3608,2.2275
4.6937,1.037,3.3532,2.2173
4.6886,1.037,3.3608,2.2097
4.6886,1.037,3.3634,2.2173
4.6886,1.037,3.3608,2.225
4.6886,1.0294,3.3583,2.2199
4.6962,1.0421,3.3583,2.2122
4.6911,1.037,3.3634,2.2173
4.6886,1.037,3.3608,2.225
4.6962,1.0345,3.3583,2.2199
4.6886,1.0421,3.3634,2.2097
4.6835,1.037,3.371,2.2173
4.6886,1.0319,3.3634,2.225
4.6962,1.0345,3.3557,2.2097
4.6809,1.0421,3.371,2.2097
4.6835,1.037,3.371,2.2224
4.6886,1.037,3.3634,2.2173
4.6886,1.037,3.3634,2.2097
4.6911,1.037,3.3634,2.2148
4.6886,1.037,3.3608,2.225
4.6886,1.0319,3.3583,2.2173
4.6911,1.0472,3.3659,2.2097
4.6835,1.037,3.3685,2.2173
4.6911,1.037,3.3685,2.2173
4.6911,1.0345,3.3659,2.2097
4.6835,1.0396,3.371,2.2173
4.6962,1.0319,3.3659,2.2224
4.6962,1.0447,3.3583,2.2097
4.6809,1.0345,3.371,2.2173
4.6886,1.0345,3.3659,2.2173
4.6937,1.037,3.3583,2.2173
4.6911,1.037,3.3659,2.2148
4.6886,1.037,3.3685,2.2224
4.6911,1.037,3.3608,2.2173
4.6886,1.0447,3.3659,2.2097
4.6809,1.0319,3.3736,2.2199
4.6937,1.037,3.3634,2.2173
4.6911,1.0447,3.3685,2.2173
4.6886,1.037,3.3685,2.2173
4.6911,1.037,3.3685,2.2173
4.6886,1.037,3.3659,2.2122
4.6911,1.037,3.3685,2.2148
4.6886,1.0319,3.3685,2.2224
4.6937,1.0447,3.3634,2.2097
4.6809,1.0421,3.3685,2.2097
4.6809,1.0294,3.371,2.2199
4.6911,1.0319,3.3608,2.2148
4.6911,1.037,3.3659,2.2097
4.6809,1.037,3.371,2.2173
4.686,1.0319,3.3634,2.2224
4.6911,1.037,3.3557,2.2122
4.686,1.0447,3.3634,2.2097
4.6809,1.0396,3.3685,2.225
4.6835,1.0345,3.3634,2.225
4.6911,1.037,3.3557,2.2148
4.6835,1.0396,3.3608,2.2097
4.6809,1.0396,3.3685,2.2173
4.6835,1.0319,3.3608,2.2224
4.6911,1.0396,3.3532,2.2173
4.686,1.0447,3.3608,2.2097
4.6784,1.037,3.3685,2.2224
4.6911,1.0345,3.3608,2.2224
4.6911,1.0498,3.3532,2.2122
4.6784,1.0396,3.3634,2.2199
4.686,1.0345,3.3583,2.2173
4.6835,1.0396,3.3583,2.2173
4.6835,1.0396,3.3583,2.2173
4.686,1.0345,3.3583,2.2224
4.6886,1.0396,3.3506,2.2122
4.6784,1.0472,3.3634,2.2122
4.6758,1.0345,3.3608,2.225
4.6911,1.0396,3.3481,2.2173
4.6835,1.0472,3.3506,2.2173
4.6809,1.0396,3.3557,2.2173
4.6835,1.0396,3.3532,2.2199
4.6835,1.0396,3.3506,2.2122
4.6784,1.0421,3.3608,2.2199
4.6835,1.0345,3.3532,2.225
4.6886,1.0396,3.3455,2.2173
4.6835,1.0498,3.3506,2.2122
4.6758,1.0421,3.3583,2.2199
4.6835,1.0345,3.3532,2.225
4.6911,1.0396,3.3481,2.2173
4.6835,1.0472,3.3532,2.2122
4.6758,1.0421,3.3608,2.2173
4.686,1.0345,3.3506,2.225
4.6911,1.0396,3.3481,2.2173
4.6835,1.0472,3.3506,2.2097
4.6784,1.0421,3.3583,2.2199
4.6835,1.0345,3.3506,2.225
4.6911,1.0396,3.3455,2.2173
4.6835,1.0472,3.3506,2.2148
4.6758,1.0421,3.3506,2.2173
4.6835,1.0396,3.3506,2.2173
4.6911,1.0396,3.3506,2.2173
4.6835,1.0421,3.3506,2.2173
4.6835,1.0396,3.3506,2.2224
4.6835,1.0396,3.3506,2.2199
4.6809,1.0498,3.3506,2.2122
4.6758,1.0421,3.3583,2.2173
4.6835,1.0345,3.3506,2.225
4.6911,1.0396,3.3404,2.2173
4.6835,1.0472,3.3481,2.2148
4.6784,1.0396,3.3557,2.225
4.6835,1.037,3.3506,2.2224
4.6886,1.0472,3.343,2.2122
4.6809,1.0498,3.3557,2.2122
4.6758,1.0345,3.3532,2.225
4.6886,1.0345,3.3404,2.225
4.6835,1.0396,3.3481,2.2199
4.6809,1.0396,3.3481,2.2173
4.6809,1.0345,3.3506,2.2275
4.6886,1.0421,3.3404,2.2122
4.6809,1.0472,3.3481,2.2122
4.6758,1.0421,3.3532,2.2173
4.6809,1.0345,3.3481,2.225
4.6911,1.0421,3.3404,2.2199
4.6809,1.0498,3.3557,2.2097
4.6733,1.037,3.3532,2.2173
4.6809,1.0345,3.3481,2.2173
4.686,1.0396,3.3481,2.2173
4.6835,1.0498,3.3557,2.2097
4.6809,1.0421,3.3583,2.2199
4.6809,1.0421,3.3506,2.2199
4.6784,1.0421,3.3481,2.2122
4.6809,1.0396,3.3481,2.2173
4.6758,1.0345,3.3532,2.225
4.686,1.0421,3.343,2.2199
4.6809,1.0421,3.3455,2.2173
4.6758,1.0345,3.3557,2.225
4.6886,1.0345,3.343,2.2173
