1.0561,1.2614,2.1501,1.1438
1.0484,1.269,2.1552,1.1361
1.0484,1.2588,2.1628,1.1412
1.051,1.2512,2.1552,1.1489
1.0484,1.2588,2.1552,1.1412
1.0561,1.2639,2.1501,1.1361
1.0459,1.2639,2.1628,1.1412
1.0433,1.2537,2.1628,1.1489
1.0484,1.2537,2.1552,1.1489
1.051,1.2588,2.1501,1.1438
1.051,1.2588,2.1577,1.1412
1.0433,1.2588,2.1603,1.1412
1.0484,1.2639,2.1552,1.1463
1.0561,1.2588,2.1475,1.1412
1.051,1.2639,2.1552,1.1361
1.0459,1.2588,2.1603,1.1412
1.051,1.2537,2.1526,1.1489
1.0561,1.2537,2.1475,1.1412
1.0535,1.2563,2.1552,1.1412
1.0408,1.2639,2.1526,1.1336
1.0408,1.2563,2.1628,1.1438
1.0484,1.2588,2.1552,1.1489
1.0484,1.2588,2.1552,1.1412
1.0535,1.2588,2.1475,1.1438
1.051,1.2588,2.1552,1.1361
1.0433,1.2665,2.1552,1.1361
1.0459,1.2588,2.1552,1.1438
1.0433,1.2537,2.1628,1.1463
1.0561,1.2537,2.1603,1.1489
1.0561,1.2588,2.1501,1.1387
1.051,1.2614,2.1501,1.1361
1.0433,1.2639,2.1628,1.1387
1.051,1.2588,2.1628,1.1438
1.0484,1.2537,2.1552,1.1412
1.0561,1.2588,2.1475,1.1412
1.051,1.2639,2.1577,1.1361
1.0433,1.2588,2.1628,1.1438
1.0484,1.2537,2.1552,1.1489
1.051,1.2537,2.1501,1.1412
1.0535,1.2588,2.1577,1.1438
1.051,1.2665,2.1552,1.1412
1.0433,1.2614,2.1603,1.1412
1.0433,1.2537,2.1628,1.1489
1.0484,1.2563,2.1501,1.1489
1.0535,1.2639,2.1475,1.1387
1.0484,1.2665,2.1577,1.1361
1.0433,1.2614,2.1628,1.1412
1.0484,1.2614,2.1552,1.1489
1.051,1.2614,2.1552,1.1412
1.051,1.2588,2.1526,1.1438
1.0484,1.2639,2.1603,1.1361
1.0433,1.2614,2.1603,1.1438
1.0484,1.2537,2.1501,1.1489
1.051,1.2588,2.1501,1.1438
1.051,1.2588,2.1526,1.1387
1.0484,1.2588,2.1526,1.1361
1.0433,1.2614,2.1577,1.1463
1.051,1.2537,2.1501,1.1489
1.0484,1.2588,2.1526,1.1438
1.0586,1.2614,2.145,1.1412
1.0484,1.2665,2.1501,1.1361
1.0459,1.2665,2.1577,1.1438
1.0459,1.2537,2.1552,1.1489
1.0561,1.2537,2.1424,1.1489
1.0535,1.2665,2.145,1.1361
1.051,1.2639,2.1577,1.1387
1.0433,1.2614,2.1577,1.1489
1.0484,1.2537,2.1526,1.1489
1.0535,1.2614,2.145,1.1412
1.051,1.2614,2.1501,1.1336
1.051,1.2614,2.1526,1.1412
1.051,1.2588,2.1526,1.1438
1.0484,1.2537,2.1526,1.1489
1.0535,1.2588,2.1475,1.1438
1.0484,1.2639,2.1526,1.1361
1.0433,1.2588,2.1577,1.1438
1.0484,1.2563,2.1501,1.1438
1.051,1.2512,2.1552,1.1489
1.0535,1.2537,2.1475,1.1412
1.0561,1.2614,2.145,1.1361
1.0484,1.2665,2.1552,1.1361
1.051,1.2588,2.1552,1.1438
1.0433,1.2588,2.1552,1.1438
1.051,1.2537,2.1526,1.1489
1.0561,1.2537,2.1475,1.1438
1.0561,1.2588,2.1475,1.1361
1.0484,1.2665,2.1526,1.1361
1.0433,1.2588,2.1603,1.1438
1.051,1.2614,2.1577,1.1438
1.051,1.2588,2.1526,1.1438
1.0561,1.2588,2.1475,1.1463
1.0535,1.2665,2.1475,1.1361
1.051,1.2665,2.1552,1.1361
1.0433,1.2614,2.1628,1.1412
1.051,1.2614,2.1526,1.1489
1.051,1.2537,2.1552,1.1489
1.0561,1.2588,2.1475,1.1361
1.0484,1.2665,2.1552,1.1361
1.0535,1.2614,2.1577,1.1438
1.0433,1.2537,2.1628,1.1489
1.0586,1.2563,2.1577,1.1489
1.051,1.2588,2.1552,1.1438
1.0561,1.2614,2.1501,1.1387
1.0433,1.2665,2.1628,1.1361
1.0433,1.2588,2.1654,1.1438
1.051,1.2563,2.1577,1.1514
1.051,1.2614,2.1577,1.1438
1.0561,1.2614,2.1526,1.1438
1.0535,1.269,2.1501,1.1361
1.0433,1.269,2.1654,1.1361
1.0459,1.2614,2.1654,1.1489
1.051,1.2537,2.1603,1.1489
1.0586,1.2639,2.1526,1.1438
1.051,1.269,2.1577,1.1387
1.0484,1.2639,2.1577,1.1438
1.0433,1.2639,2.1654,1.1412
1.0459,1.2563,2.1654,1.1489
1.051,1.2563,2.1603,1.1489
1.051,1.2639,2.1603,1.1361
1.051,1.2614,2.1603,1.1361
1.051,1.2639,2.1577,1.1438
1.051,1.2614,2.1654,1.1438
1.051,1.2563,2.1577,1.1489
1.051,1.2614,2.1603,1.1412
1.051,1.2639,2.1526,1.1438
1.0586,1.269,2.1552,1.1361
1.0433,1.2665,2.1628,1.1361
1.0459,1.2614,2.1654,1.1412
1.051,1.2614,2.1603,1.1489
1.051,1.2588,2.1577,1.1438
1.051,1.2588,2.1577,1.1412
1.0484,1.2639,2.1577,1.1336
1.0459,1.2639,2.1628,1.1387
1.0433,1.2512,2.1654,1.1463
1.051,1.2512,2.1577,1.1489
1.051,1.2537,2.1552,1.1387
1.051,1.2563,2.1501,1.1412
1.0484,1.2639,2.1552,1.1412
1.0433,1.2563,2.1628,1.1438
1.0408,1.2512,2.1628,1.1489
1.0561,1.2486,2.1501,1.1489
1.0561,1.2588,2.1501,1.1361
1.051,1.2614,2.1577,1.131
1.051,1.2563,2.1552,1.1387
1.0433,1.2614,2.1679,1.1412
1.051,1.2512,2.1577,1.1489
1.0561,1.2563,2.1501,1.1336
1.051,1.2639,2.1577,1.1361
1.0484,1.2588,2.1577,1.1412
1.0433,1.2512,2.1654,1.1463
1.051,1.2512,2.1577,1.1489
1.051,1.2588,2.1577,1.1412
1.051,1.2588,2.1501,1.1412
1.0586,1.2639,2.1501,1.1361
1.051,1.2639,2.1603,1.1336
1.0459,1.2563,2.1679,1.1412
1.051,1.2588,2.1577,1.1412
1.051,1.2537,2.1628,1.1489
1.0561,1.2512,2.1552,1.1489
1.0561,1.2614,2.1552,1.1438
1.051,1.2614,2.1628,1.1387
1.051,1.2639,2.1654,1.1412
1.0459,1.2588,2.1679,1.1412
1.0459,1.2537,2.1679,1.1489
1.051,1.2537,2.1628,1.1489
1.0561,1.2588,2.1577,1.1438
1.051,1.2614,2.1654,1.1387
1.051,1.2588,2.1654,1.1463
1.0459,1.2614,2.1705,1.1438
1.0459,1.2537,2.1654,1.1489
1.0561,1.2537,2.1628,1.1514
1.0586,1.2588,2.1577,1.1336
1.051,1.269,2.1654,1.1387
1.051,1.2614,2.1654,1.1412
1.051,1.2588,2.1705,1.1438
1.051,1.2588,2.1654,1.1438
1.0561,1.2588,2.1577,1.1438
1.0535,1.2639,2.1628,1.1387
1.0433,1.2665,2.1705,1.1387
1.0459,1.2614,2.173,1.1438
1.051,1.2537,2.1679,1.1489
1.0586,1.2588,2.1628,1.1438
1.051,1.2639,2.1679,1.1438
1.0433,1.2614,2.173,1.1438
1.0459,1.2537,2.1781,1.1489
1.0561,1.2537,2.1628,1.1489
1.0586,1.2614,2.1654,1.1361
1.051,1.2588,2.1705,1.1387
1.051,1.2614,2.1705,1.1438
1.051,1.2588,2.1781,1.1438
1.051,1.2614,2.1705,1.1463
1.0561,1.2639,2.1628,1.1438
1.0586,1.2665,2.1654,1.1387
1.051,1.269,2.1705,1.1387
1.0459,1.2614,2.1781,1.1438
1.051,1.2639,2.1756,1.1438
1.0535,1.2537,2.173,1.1489
1.0586,1.2614,2.1679,1.1438
1.0586,1.269,2.1679,1.1387
1.0433,1.269,2.173,1.1463
1.051,1.2614,2.1807,1.1438
1.051,1.2639,2.173,1.1438
1.0586,1.2614,2.1679,1.1438
1.0535,1.269,2.1705,1.1387
1.0459,1.2716,2.1756,1.1387
1.0459,1.2614,2.1781,1.1412
1.051,1.2563,2.1705,1.1489
1.051,1.2614,2.173,1.1438
1.0586,1.2588,2.1654,1.1361
1.0484,1.2665,2.1781,1.1361
1.0459,1.2614,2.1781,1.1489
1.0535,1.2537,2.1705,1.1489
1.051,1.2614,2.1679,1.1463
1.0561,1.269,2.1654,1.1387
1.0535,1.269,2.1705,1.1361
1.0459,1.2614,2.1781,1.1438
1.051,1.2614,2.173,1.1489
1.051,1.2537,2.1756,1.1438
1.0586,1.2614,2.1679,1.1438
1.0612,1.2665,2.1654,1.1361
1.051,1.269,2.1781,1.1387
1.0459,1.2639,2.1781,1.1438
1.0484,1.2614,2.1705,1.1438
1.051,1.2537,2.1705,1.1438
1.0612,1.2563,2.1654,1.1438
1.0586,1.2639,2.1679,1.1361
1.051,1.2665,2.173,1.1387
1.051,1.2614,2.173,1.1412
1.051,1.2614,2.173,1.1412
1.051,1.2563,2.1705,1.1438
1.0586,1.2537,2.1654,1.1438
1.0586,1.2639,2.1628,1.1361
1.051,1.2716,2.173,1.1361
1.051,1.2639,2.1705,1.1438
1.0484,1.2639,2.1705,1.1463
1.051,1.2563,2.1705,1.1514
1.0586,1.2563,2.1679,1.1489
1.0612,1.2614,2.1654,1.1361
1.051,1.2639,2.173,1.1361
1.051,1.2639,2.1705,1.1438
1.0459,1.2614,2.1781,1.1438
1.051,1.2614,2.1756,1.1489
1.0586,1.2563,2.1654,1.1514
1.0586,1.2639,2.1654,1.1387
1.0459,1.2716,2.173,1.1438
1.051,1.2639,2.1781,1.1438
1.051,1.2588,2.1705,1.1489
1.0561,1.2639,2.1654,1.1438
1.051,1.2716,2.173,1.1387
1.0433,1.269,2.1807,1.1438
1.0484,1.2665,2.1705,1.1489
1.051,1.2639,2.1705,1.1463
1.051,1.2639,2.1705,1.1438
1.0433,1.2716,2.1781,1.1387
1.0484,1.2563,2.1781,1.1514
1.0612,1.2563,2.173,1.1489
1.0612,1.2639,2.1654,1.1438
1.051,1.2639,2.1705,1.1361
1.0535,1.269,2.1705,1.1438
1.0459,1.2639,2.1781,1.1438
1.051,1.2588,2.1705,1.1489
1.0561,1.2563,2.1679,1.1489
1.0586,1.2741,2.1679,1.1387
1.051,1.2716,2.173,1.1361
1.0459,1.2639,2.1781,1.1438
1.0535,1.2639,2.1705,1.1489
1.051,1.2614,2.173,1.1438
1.0586,1.2639,2.173,1.1463
1.0535,1.269,2.173,1.1387
1.0459,1.269,2.1781,1.1463
1.0484,1.2563,2.1807,1.1489
1.051,1.2588,2.173,1.1514
1.0586,1.2639,2.1679,1.1438
1.0535,1.2639,2.173,1.1438
1.0535,1.2741,2.173,1.1438
1.0459,1.2665,2.173,1.1438
1.0535,1.2588,2.1756,1.1463
1.0586,1.2639,2.1679,1.1463
1.051,1.269,2.173,1.1387
1.0535,1.2665,2.173,1.1463
1.051,1.2665,2.173,1.1438
1.051,1.2639,2.173,1.1514
1.0586,1.2665,2.1654,1.1387
1.0535,1.2741,2.173,1.1387
1.0484,1.2665,2.1781,1.1438
1.0535,1.2614,2.173,1.1514
1.051,1.2639,2.173,1.1438
1.051,1.2639,2.173,1.1387
1.051,1.2639,2.1705,1.1438
1.0459,1.2639,2.1756,1.1463
1.051,1.2588,2.173,1.1438
1.051,1.2639,2.1654,1.1438
1.051,1.2639,2.1705,1.1463
1.051,1.2614,2.1781,1.1463
1.051,1.2639,2.173,1.1438
1.0561,1.2639,2.1679,1.1463
1.051,1.269,2.173,1.1463
1.0459,1.2665,2.1781,1.1463
1.0535,1.2588,2.173,1.1489
1.0612,1.2639,2.1654,1.1387
1.051,1.2716,2.173,1.1387
1.0484,1.2639,2.1781,1.1438
1.051,1.2563,2.173,1.154
1.0586,1.2639,2.1679,1.1463
1.051,1.269,2.1756,1.1387
1.0459,1.2716,2.1781,1.1438
1.051,1.2665,2.173,1.1438
1.0535,1.2588,2.173,1.1463
1.0612,1.2639,2.1679,1.1438
1.0612,1.269,2.1654,1.1387
1.0535,1.2716,2.173,1.1387
1.0459,1.2639,2.1807,1.1412
1.0535,1.2639,2.1756,1.1489
1.051,1.2639,2.173,1.1438
1.0586,1.2639,2.1756,1.1489
1.051,1.2716,2.173,1.1387
1.0459,1.2716,2.1756,1.1438
1.0459,1.2665,2.1832,1.1438
1.051,1.2588,2.1781,1.1514
1.0612,1.2588,2.173,1.1463
1.0586,1.2716,2.1705,1.1387
1.051,1.2716,2.1832,1.1387
1.0484,1.2665,2.1832,1.1463
1.051,1.2665,2.1781,1.1514
1.0535,1.2665,2.1781,1.1463
1.051,1.2639,2.1756,1.1387
1.051,1.2665,2.1781,1.1463
1.0535,1.2665,2.1781,1.1463
1.0535,1.2665,2.1781,1.1438
1.0586,1.2639,2.1705,1.1387
1.0459,1.2716,2.1832,1.1387
1.0484,1.2639,2.1858,1.1489
1.051,1.2614,2.1781,1.1514
1.0586,1.2639,2.173,1.1463
1.051,1.269,2.1781,1.1412
1.0484,1.2665,2.1832,1.1438
1.051,1.2614,2.1781,1.1514
1.0586,1.2639,2.173,1.1438
1.0586,1.2716,2.173,1.1387
1.0535,1.2716,2.1756,1.1463
1.0484,1.2639,2.1781,1.1463
1.0535,1.2563,2.1756,1.1514
1.0586,1.2614,2.173,1.1463
1.0586,1.269,2.1705,1.1387
1.0459,1.2741,2.1781,1.1387
1.0484,1.2665,2.1832,1.1463
1.051,1.269,2.1756,1.1514
1.051,1.2588,2.1756,1.1438
1.0612,1.2665,2.1705,1.1412
1.0535,1.2716,2.1781,1.1387
1.051,1.2639,2.1756,1.1463
1.0433,1.2665,2.1807,1.1463
1.0459,1.2588,2.1807,1.1514
1.0586,1.2588,2.173,1.1514
1.0561,1.2665,2.1679,1.1387
1.0535,1.2716,2.1756,1.1387
1.0459,1.2716,2.1807,1.1387
1.0484,1.2563,2.1781,1.1438
1.051,1.2588,2.1756,1.1514
1.051,1.2639,2.173,1.1438
1.051,1.2639,2.1705,1.1438
1.0535,1.269,2.1705,1.1438
1.0484,1.2716,2.1756,1.1438
1.0484,1.2588,2.1781,1.1489
1.051,1.2563,2.1705,1.1463
1.0586,1.2563,2.1654,1.1463
1.0535,1.2639,2.1679,1.1463
1.051,1.2716,2.1679,1.1438
1.0459,1.2639,2.1756,1.1438
1.0459,1.2588,2.1756,1.1514
1.0586,1.2588,2.1628,1.1463
1.0612,1.269,2.1628,1.1387
1.0459,1.269,2.1781,1.1387
1.0459,1.2639,2.1781,1.1514
1.0586,1.2563,2.1654,1.1514
1.0586,1.2639,2.1628,1.1438
1.051,1.269,2.1679,1.1438
1.051,1.2614,2.1756,1.1463
1.051,1.2563,2.1705,1.1463
1.0586,1.2639,2.1628,1.1463
1.0561,1.269,2.1628,1.1387
1.0459,1.269,2.1705,1.1387
1.0433,1.2639,2.173,1.1514
1.051,1.2563,2.1705,1.1489
1.051,1.2639,2.1679,1.1438
1.051,1.2614,2.1705,1.1361
1.0535,1.2614,2.1679,1.1438
1.0459,1.2614,2.1781,1.1438
1.051,1.2563,2.1679,1.1438
1.0586,1.2588,2.1654,1.1438
1.051,1.2665,2.1705,1.1387
1.0459,1.2665,2.1781,1.1438
1.0459,1.2563,2.1781,1.1514
1.0561,1.2563,2.1654,1.1514
1.0586,1.2665,2.1679,1.1361
1.051,1.269,2.1705,1.1387
1.0459,1.2665,2.1781,1.1463
1.0459,1.2563,2.1781,1.1489
1.0561,1.2537,2.1679,1.1514
1.0586,1.2665,2.1679,1.1361
1.051,1.2639,2.1781,1.1387
1.0459,1.2614,2.1781,1.1438
1.051,1.2537,2.173,1.1489
1.0586,1.2537,2.1654,1.1463
1.051,1.269,2.173,1.1387
1.0459,1.2614,2.1781,1.1438
1.0484,1.2537,2.1705,1.1514
1.0561,1.2639,2.1654,1.1463
1.0561,1.2665,2.1654,1.1387
1.0459,1.269,2.1781,1.1387
1.0459,1.2614,2.1781,1.1514
1.051,1.2563,2.1705,1.1489
1.051,1.2563,2.1654,1.1463
1.0561,1.2665,2.1654,1.1387
1.051,1.2716,2.1705,1.1387
1.0433,1.2639,2.1756,1.1463
1.0459,1.2537,2.1781,1.1514
1.051,1.2563,2.1705,1.1514
1.0561,1.2639,2.1628,1.1438
1.051,1.2614,2.1705,1.1387
1.051,1.2614,2.1679,1.1438
1.051,1.2639,2.1705,1.1514
1.051,1.2614,2.1705,1.1463
1.051,1.2614,2.1705,1.1387
1.051,1.2614,2.1679,1.1463
1.0459,1.2537,2.1781,1.1514
1.0561,1.2537,2.1628,1.1438
1.0586,1.2665,2.1628,1.1387
1.0459,1.269,2.1756,1.1463
1.0433,1.2563,2.1756,1.1514
1.051,1.2614,2.1679,1.1463
1.051,1.269,2.1679,1.1387
1.0459,1.2614,2.173,1.1438
1.0484,1.2563,2.1679,1.1489
1.0586,1.2639,2.1628,1.1438
1.051,1.2716,2.1679,1.1387
1.0459,1.2639,2.1756,1.1438
1.051,1.2563,2.1654,1.1489
1.0561,1.2614,2.1628,1.1438
1.051,1.2614,2.1679,1.1387
1.051,1.2614,2.173,1.1438
1.0459,1.2563,2.1756,1.154
1.0612,1.2563,2.1603,1.1438
1.0561,1.269,2.1628,1.1387
1.0459,1.269,2.1756,1.1387
1.0459,1.2639,2.1679,1.1514
1.051,1.2639,2.1679,1.1463
1.051,1.2716,2.1705,1.1412
1.0459,1.2614,2.1756,1.1438
1.051,1.2639,2.1679,1.1514
1.051,1.2639,2.1679,1.1438
1.051,1.2639,2.1679,1.1387
1.051,1.2639,2.1679,1.1438
1.051,1.2639,2.1705,1.1463
1.051,1.2639,2.1679,1.1463
1.051,1.2639,2.1679,1.1387
1.051,1.2639,2.1705,1.1489
1.051,1.2665,2.1679,1.1463
1.051,1.2665,2.1679,1.1463
1.0586,1.2639,2.1628,1.1463
1.051,1.269,2.1654,1.1387
1.051,1.2665,2.1654,1.1438
1.0459,1.2588,2.173,1.1514
1.0586,1.2588,2.1679,1.1514
1.0612,1.2665,2.1603,1.1387
1.0535,1.2716,2.1679,1.1387
1.0459,1.2639,2.1705,1.1463
1.051,1.2614,2.1628,1.1514
1.051,1.2639,2.1654,1.1463
1.0535,1.2665,2.1628,1.1387
1.0535,1.2665,2.1628,1.1463
1.0484,1.2588,2.1679,1.1514
1.0586,1.2588,2.1654,1.1514
1.0586,1.2741,2.1577,1.1387
1.051,1.269,2.1679,1.1412
1.0459,1.2639,2.1705,1.1489
1.051,1.2588,2.1603,1.154
1.0561,1.2639,2.1552,1.1387
1.0459,1.2741,2.1628,1.1387
1.0459,1.2665,2.1654,1.1489
1.051,1.2563,2.1603,1.1489
1.0586,1.2665,2.1552,1.1463
1.051,1.2716,2.1603,1.1412
1.0459,1.2665,2.1654,1.1463
1.051,1.2665,2.1679,1.1514
1.0586,1.2588,2.1577,1.1489
1.0586,1.2665,2.1552,1.1387
1.0535,1.2716,2.1628,1.1361
1.0459,1.2588,2.1679,1.1514
1.051,1.2563,2.1577,1.1514
1.0561,1.2716,2.1552,1.1463
1.051,1.2639,2.1628,1.1387
1.051,1.2639,2.1603,1.1438
1.0459,1.2665,2.1679,1.1438
1.051,1.2588,2.1628,1.154
1.0484,1.2588,2.1552,1.1489
1.0586,1.2639,2.1577,1.1387
1.0535,1.2716,2.1628,1.1387
1.0459,1.2665,2.1654,1.1514
1.051,1.2588,2.1628,1.1514
