1.9381,1.2588,3.162,4.8234
1.9457,1.2665,3.1569,4.8285
1.9381,1.2741,3.1646,4.8234
1.933,1.2665,3.1697,4.8234
1.9381,1.2588,3.1646,4.8259
1.9483,1.2665,3.162,4.8234
1.9406,1.2665,3.1646,4.8259
1.9355,1.2639,3.162,4.8259
1.9432,1.269,3.1646,4.8259
1.9381,1.2665,3.162,4.8208
1.933,1.2665,3.1697,4.8259
1.9432,1.2614,3.162,4.8336
1.9483,1.2639,3.1569,4.8259
1.933,1.2741,3.162,4.8208
1.9355,1.2614,3.1697,4.8259
1.9406,1.2665,3.162,4.8285
1.9406,1.2741,3.1646,4.8183
1.933,1.269,3.1697,4.8259
1.9406,1.2639,3.1646,4.8259
1.9457,1.2665,3.1569,4.8234
1.9406,1.2665,3.162,4.8234
1.9381,1.269,3.1646,4.831
1.9432,1.2614,3.1569,4.8234
1.9406,1.2741,3.162,4.8259
1.933,1.2665,3.162,4.8259
1.9406,1.2614,3.1646,4.831
1.9457,1.2716,3.1544,4.8183
1.933,1.2741,3.1671,4.8234
1.9381,1.2614,3.162,4.831
1.9483,1.269,3.1544,4.8234
1.9406,1.2741,3.1595,4.8157
1.9355,1.2665,3.1671,4.8234
1.9381,1.2614,3.1646,4.8259
1.9406,1.2665,3.1595,4.8234
1.9406,1.2665,3.1595,4.8208
1.9381,1.2614,3.162,4.8285
1.9457,1.2665,3.1544,4.8208
1.9406,1.2741,3.1595,4.8208
1.9381,1.2665,3.1595,4.8208
1.9381,1.2665,3.1595,4.8208
1.9381,1.269,3.1595,4.8157
1.9304,1.2588,3.1671,4.8285
1.9381,1.2588,3.162,4.8285
1.9483,1.2665,3.1518,4.8208
1.9381,1.2665,3.1595,4.8234
1.9381,1.2614,3.1569,4.8259
1.9457,1.2741,3.1544,4.8157
1.933,1.2665,3.1671,4.8208
1.9406,1.2665,3.162,4.8208
1.9381,1.269,3.162,4.8183
1.933,1.2665,3.1671,4.8208
1.9406,1.2588,3.1595,4.8208
1.9483,1.2639,3.1544,4.8234
1.9406,1.2741,3.1595,4.8234
1.9406,1.269,3.1595,4.8234
1.9381,1.2665,3.1595,4.8234
1.9406,1.2716,3.1595,4.8234
1.9355,1.2588,3.1671,4.831
1.9483,1.2665,3.1544,4.8234
1.9355,1.269,3.1671,4.8183
1.9355,1.2614,3.1671,4.831
1.9483,1.2639,3.1569,4.8234
1.9406,1.2665,3.1569,4.8208
1.9406,1.2588,3.1595,4.831
1.9457,1.2665,3.1544,4.8183
1.9355,1.2741,3.1671,4.8234
1.9406,1.2588,3.1595,4.831
1.9406,1.2665,3.1595,4.8234
1.9381,1.2665,3.1595,4.8208
1.9406,1.2614,3.1569,4.8285
1.9483,1.2665,3.1544,4.8208
1.9381,1.2741,3.1595,4.8183
1.933,1.2639,3.1671,4.8285
1.9432,1.2614,3.1595,4.8183
1.9381,1.269,3.1595,4.8157
1.933,1.2665,3.1671,4.8208
1.9381,1.2614,3.1595,4.831
1.9457,1.2741,3.1518,4.8132
1.9304,1.2741,3.1646,4.8208
1.9381,1.269,3.1544,4.8208
1.9355,1.269,3.1544,4.8157
1.9304,1.269,3.1646,4.8208
1.9355,1.269,3.1595,4.8208
1.9381,1.2741,3.1569,4.8106
1.9279,1.2614,3.162,4.8234
1.9457,1.2665,3.1493,4.8183
1.9381,1.2665,3.1544,4.8183
1.9355,1.2665,3.1569,4.8259
1.9406,1.269,3.1518,4.8183
1.9381,1.2741,3.162,4.8157
1.9381,1.269,3.1569,4.8234
1.9432,1.269,3.1493,4.8208
1.9381,1.2741,3.1569,4.8208
1.9381,1.269,3.1569,4.8259
1.9457,1.269,3.1493,4.8183
1.9381,1.269,3.1569,4.8183
1.9381,1.2639,3.1569,4.8259
1.9457,1.269,3.1518,4.8183
1.9304,1.2741,3.162,4.8208
1.9381,1.2614,3.1595,4.8234
1.9432,1.2665,3.1518,4.8208
1.933,1.2741,3.1646,4.8208
1.9406,1.2614,3.1595,4.8285
1.9381,1.269,3.1595,4.8157
1.933,1.2665,3.1671,4.8208
1.9457,1.2614,3.1518,4.8285
1.9381,1.2741,3.1595,4.8183
1.9381,1.269,3.1646,4.8234
1.9457,1.269,3.1544,4.8234
1.9355,1.2665,3.1671,4.8234
1.9406,1.2665,3.1595,4.8234
1.9355,1.2741,3.1671,4.8183
1.933,1.2639,3.1671,4.8285
1.9457,1.2614,3.1518,4.8208
1.9381,1.2741,3.162,4.8183
1.933,1.269,3.1671,4.8285
1.9432,1.2614,3.1544,4.831
1.9457,1.2741,3.1544,4.8157
1.9355,1.2665,3.1595,4.8234
1.9406,1.2639,3.1595,4.8234
1.9381,1.2741,3.162,4.8183
1.933,1.2614,3.1671,4.831
1.9457,1.2614,3.1518,4.8259
1.9406,1.2716,3.1595,4.8234
1.9304,1.269,3.1671,4.8234
1.9381,1.269,3.162,4.8234
1.9406,1.2665,3.1595,4.8157
1.933,1.2665,3.1671,4.8234
1.9381,1.2639,3.1544,4.831
1.9483,1.2741,3.1544,4.8157
1.933,1.269,3.1595,4.8234
1.9381,1.2614,3.1569,4.8208
1.9381,1.269,3.162,4.8208
1.9381,1.269,3.162,4.8234
1.9355,1.2639,3.1569,4.8285
1.9457,1.269,3.1518,4.8157
1.9355,1.2741,3.162,4.8157
1.933,1.2639,3.1671,4.8285
1.9457,1.269,3.1518,4.8234
1.9381,1.269,3.1595,4.8208
1.9355,1.269,3.1671,4.8234
1.9381,1.269,3.1595,4.8208
1.9381,1.269,3.1595,4.8157
1.933,1.2665,3.1646,4.8285
1.9381,1.2614,3.1595,4.8285
1.9457,1.2741,3.1493,4.8157
1.933,1.2741,3.1646,4.8234
1.9381,1.2614,3.1569,4.8259
1.9457,1.269,3.1518,4.8208
1.9381,1.2639,3.1595,4.8234
1.933,1.2614,3.1646,4.8285
1.9483,1.2614,3.1518,4.8285
1.9457,1.2741,3.1518,4.8157
1.933,1.2741,3.1671,4.8208
1.9381,1.2588,3.1595,4.8285
1.9457,1.2665,3.1518,4.8234
1.9406,1.2741,3.162,4.8183
1.9406,1.2665,3.1671,4.8259
1.9457,1.269,3.1518,4.8234
1.9381,1.2716,3.1595,4.8208
1.9355,1.2665,3.1646,4.8234
1.9406,1.2614,3.1595,4.8234
1.9432,1.2665,3.1595,4.8234
1.9355,1.2665,3.1646,4.8234
1.9406,1.2588,3.1595,4.8208
1.9381,1.2741,3.1569,4.8183
1.933,1.2665,3.1671,4.8234
1.9483,1.2588,3.162,4.831
1.9483,1.2665,3.1544,4.8208
1.9355,1.2665,3.1671,4.8234
1.9406,1.2665,3.162,4.8234
1.9381,1.2665,3.162,4.8234
1.9406,1.2639,3.1646,4.8259
1.9432,1.2665,3.1646,4.831
1.9483,1.2665,3.1544,4.8183
1.9406,1.2741,3.1697,4.8183
1.9355,1.2665,3.162,4.8285
1.9483,1.2665,3.1569,4.8259
1.9432,1.2741,3.1646,4.8208
1.933,1.2588,3.1697,4.831
1.9483,1.2665,3.1569,4.8259
1.9381,1.2741,3.1646,4.8234
1.9355,1.2614,3.1697,4.831
1.9457,1.2639,3.1569,4.8285
1.9406,1.2741,3.162,4.8285
1.9355,1.2665,3.1646,4.8234
1.9381,1.269,3.1646,4.8259
1.9406,1.2741,3.1646,4.8183
1.933,1.2614,3.1697,4.831
1.9457,1.2614,3.1646,4.8234
1.9381,1.2741,3.1646,4.8183
1.9304,1.269,3.1697,4.831
1.9457,1.2614,3.1544,4.831
1.9457,1.2741,3.1569,4.8183
1.933,1.269,3.1697,4.8234
1.9381,1.269,3.1646,4.8259
1.9381,1.2665,3.1646,4.8183
1.933,1.269,3.1697,4.8234
1.9381,1.2716,3.162,4.8234
1.9457,1.2741,3.1595,4.8208
1.933,1.2665,3.1697,4.8234
1.9381,1.2614,3.1646,4.831
1.9483,1.269,3.1569,4.8259
1.9406,1.2741,3.162,4.8183
1.9304,1.2665,3.1697,4.8259
1.9381,1.2614,3.1646,4.831
1.9432,1.269,3.1569,4.8285
1.9304,1.2741,3.1671,4.8183
1.933,1.2614,3.1697,4.831
1.9406,1.2665,3.1646,4.8234
1.9381,1.2741,3.162,4.8208
1.9406,1.2665,3.1697,4.8259
1.9381,1.2614,3.1646,4.8336
1.9457,1.269,3.1569,4.8259
1.9406,1.2741,3.1646,4.8208
1.933,1.269,3.1697,4.8336
1.9457,1.2614,3.1569,4.831
1.9457,1.2741,3.1595,4.8208
1.9355,1.2716,3.1671,4.8259
1.9381,1.2614,3.1671,4.8361
1.9483,1.2665,3.1595,4.8208
1.933,1.2741,3.1697,4.8208
1.933,1.2614,3.1722,4.831
1.9483,1.2665,3.1595,4.8285
1.9406,1.269,3.1671,4.8259
1.9406,1.2665,3.1646,4.8361
1.9483,1.2665,3.1569,4.8285
1.9406,1.2716,3.1671,4.8208
1.9432,1.2639,3.1646,4.8361
1.9457,1.269,3.1595,4.8259
1.9355,1.269,3.1722,4.8285
1.9483,1.2614,3.1595,4.8336
1.9457,1.2716,3.1595,4.8234
1.9355,1.2665,3.1671,4.8259
1.9432,1.2639,3.1671,4.8285
1.9432,1.2716,3.1671,4.8234
1.9381,1.2665,3.1697,4.8285
1.9483,1.2665,3.162,4.8285
1.9457,1.2741,3.1722,4.8234
1.933,1.2614,3.1748,4.8361
1.9483,1.2588,3.1595,4.8285
1.9432,1.2716,3.1671,4.8234
1.9355,1.2665,3.1748,4.8285
1.9432,1.269,3.1697,4.831
1.9432,1.2639,3.1671,4.8285
1.9432,1.2665,3.1671,4.8285
1.9406,1.2614,3.1671,4.8361
1.9483,1.2639,3.1595,4.8285
1.933,1.2741,3.1748,4.8285
1.9432,1.2588,3.1646,4.8336
1.9483,1.269,3.1671,4.8259
1.9381,1.2665,3.1671,4.8259
1.9457,1.2614,3.1646,4.8336
1.9432,1.2741,3.162,4.8208
1.933,1.2665,3.1722,4.8285
1.9381,1.2614,3.1646,4.8285
1.9381,1.2665,3.1646,4.8259
1.9304,1.2767,3.1697,4.8259
1.9381,1.2614,3.1671,4.8234
1.9457,1.269,3.1646,4.8259
1.9381,1.269,3.1722,4.8259
1.9381,1.2614,3.1646,4.831
1.9457,1.269,3.1595,4.8285
1.9304,1.2741,3.1646,4.8183
1.9304,1.269,3.1722,4.831
1.9457,1.2614,3.1569,4.831
1.9432,1.2741,3.1595,4.8183
1.933,1.2741,3.1697,4.8259
1.9381,1.2614,3.1646,4.831
1.9432,1.269,3.1595,4.8234
1.9381,1.2741,3.1646,4.8259
1.9381,1.269,3.1646,4.8285
1.9457,1.269,3.1595,4.8234
1.9381,1.2767,3.1646,4.8183
1.933,1.2665,3.1697,4.831
1.9432,1.2614,3.1595,4.831
1.9432,1.2741,3.1595,4.8183
1.933,1.269,3.1722,4.8259
1.9381,1.2665,3.1646,4.8234
1.9355,1.2741,3.1697,4.8208
1.9304,1.2614,3.1697,4.831
1.9483,1.269,3.1569,4.8234
1.9381,1.269,3.1646,4.8234
1.9381,1.2665,3.1646,4.831
1.9457,1.269,3.1595,4.8259
1.9406,1.2741,3.1646,4.8208
1.933,1.2665,3.1722,4.8361
1.9381,1.2614,3.1671,4.8336
1.9483,1.2741,3.1595,4.8208
1.9355,1.2741,3.1722,4.8259
1.9406,1.2588,3.1671,4.8336
1.9483,1.2665,3.1595,4.8285
1.9381,1.2665,3.1646,4.8259
1.9355,1.2665,3.1671,4.8285
1.9381,1.2665,3.1671,4.8285
1.9432,1.269,3.1646,4.8259
1.9406,1.2665,3.1646,4.8259
1.9406,1.2665,3.1671,4.8336
1.9406,1.269,3.1646,4.8259
1.9381,1.2741,3.1671,4.8208
1.933,1.2665,3.1722,4.8285
1.9432,1.2614,3.1671,4.8361
1.9483,1.2665,3.162,4.8208
1.933,1.2741,3.1722,4.8259
1.9406,1.2614,3.1671,4.8361
1.9483,1.2639,3.162,4.8285
1.9406,1.2741,3.1646,4.8285
1.933,1.269,3.1722,4.831
1.9406,1.2614,3.1569,4.8336
1.9483,1.2665,3.1595,4.8208
1.9355,1.2716,3.1697,4.8285
1.9432,1.2639,3.1646,4.8361
1.9483,1.2665,3.162,4.8208
1.9432,1.2741,3.1671,4.8208
1.9355,1.2614,3.1722,4.8336
1.9483,1.2614,3.1595,4.8285
1.9457,1.2741,3.162,4.8234
1.9355,1.2639,3.1697,4.8285
1.9432,1.2665,3.1671,4.8361
1.9483,1.269,3.1646,4.8285
1.9406,1.2665,3.1671,4.8285
1.9406,1.2665,3.1646,4.8259
1.9432,1.2614,3.1595,4.8336
1.9483,1.2741,3.1595,4.8234
1.9355,1.2665,3.1722,4.8285
1.9432,1.2588,3.1671,4.8285
1.9406,1.2665,3.162,4.8285
1.9406,1.2639,3.1646,4.8285
1.9432,1.2614,3.1569,4.8336
1.9483,1.2716,3.1595,4.8208
1.9355,1.2639,3.1722,4.831
1.9432,1.2665,3.1671,4.8259
1.9483,1.2716,3.1595,4.8234
1.9355,1.269,3.1722,4.8259
1.9432,1.2614,3.1671,4.8285
1.9406,1.2665,3.1646,4.8285
1.9406,1.2665,3.1671,4.8259
1.9432,1.2665,3.1671,4.8285
1.9432,1.2665,3.1671,4.8285
1.9432,1.2665,3.1671,4.8259
1.9457,1.2665,3.1722,4.8259
1.9432,1.2614,3.1671,4.8336
1.9483,1.2639,3.162,4.8285
1.9406,1.2716,3.1671,4.8234
1.9355,1.269,3.1722,4.8285
1.9432,1.2614,3.1671,4.8361
1.9483,1.2665,3.162,4.8285
1.9432,1.2741,3.1646,4.8208
1.9406,1.269,3.1748,4.8361
1.9508,1.2614,3.1595,4.831
1.9483,1.2716,3.162,4.8208
1.9355,1.2741,3.1722,4.8208
1.9355,1.2614,3.1722,4.8336
1.9483,1.2614,3.162,4.8361
1.9483,1.2716,3.1595,4.8208
1.9355,1.2665,3.1697,4.8285
1.9432,1.2614,3.1646,4.8336
1.9483,1.269,3.1646,4.8259
1.9432,1.2741,3.162,4.8208
1.9355,1.2614,3.1722,4.8336
1.9483,1.269,3.1569,4.8285
1.9406,1.2665,3.1646,4.8259
1.9355,1.2614,3.1722,4.8336
1.9483,1.269,3.1569,4.8234
1.9432,1.2741,3.1646,4.8285
1.9355,1.2665,3.1671,4.8259
1.9457,1.2665,3.1544,4.8259
1.9406,1.2665,3.1646,4.8259
1.9381,1.269,3.1646,4.8259
1.9483,1.2639,3.1569,4.8259
1.9432,1.2741,3.1697,4.8208
1.9355,1.2588,3.1722,4.831
1.9508,1.2639,3.1595,4.8259
1.9406,1.2741,3.1646,4.8183
1.9355,1.269,3.1722,4.8259
1.9432,1.2614,3.162,4.8285
1.9432,1.2665,3.1569,4.8259
1.9432,1.2716,3.1646,4.8285
1.9432,1.2665,3.1646,4.8285
1.9432,1.2614,3.1646,4.8361
1.9432,1.2665,3.1569,4.8259
1.9432,1.2741,3.162,4.8259
1.9432,1.269,3.162,4.8285
1.9432,1.2665,3.162,4.8259
1.9432,1.2665,3.1646,4.8285
1.9432,1.2665,3.162,4.8285
1.9432,1.2588,3.1646,4.8361
1.9483,1.2665,3.1544,4.8208
1.9355,1.2741,3.1697,4.8208
1.9355,1.2639,3.1697,4.831
1.9483,1.2665,3.1569,4.8234
1.9406,1.2716,3.1646,4.8208
1.9432,1.2665,3.1671,4.8259
1.9432,1.269,3.162,4.831
1.9483,1.2741,3.162,4.8208
1.9355,1.2665,3.1671,4.8259
1.9432,1.269,3.162,4.8234
1.9483,1.2716,3.1544,4.8208
1.933,1.2665,3.1671,4.8259
1.9432,1.2614,3.1595,4.8336
1.9406,1.2665,3.1544,4.8234
1.9432,1.2741,3.162,4.8183
1.9355,1.2614,3.1671,4.8234
1.9432,1.2614,3.162,4.8285
1.9483,1.2665,3.1544,4.8183
1.9406,1.2741,3.162,4.8183
1.9355,1.2665,3.1671,4.8234
1.9432,1.2614,3.1595,4.8234
1.9483,1.269,3.1544,4.8208
1.9381,1.2665,3.1595,4.8234
1.9381,1.269,3.1671,4.8234
1.9406,1.2665,3.1595,4.8234
1.9381,1.2665,3.1544,4.8234
1.9381,1.2665,3.1595,4.8208
1.9355,1.269,3.1671,4.8208
1.9381,1.2639,3.1595,4.8234
1.9432,1.269,3.1595,4.8208
1.9355,1.2741,3.162,4.8157
1.9381,1.269,3.1671,4.8208
1.9381,1.269,3.1595,4.8208
1.9381,1.269,3.1595,4.8157
1.9304,1.269,3.1671,4.8208
1.9381,1.2614,3.1595,4.8259
1.9457,1.269,3.1544,4.8208
1.9304,1.2741,3.1671,4.8132
1.9304,1.2639,3.1671,4.8259
1.9432,1.269,3.1493,4.8208
1.9381,1.2741,3.1569,4.8183
1.9381,1.2665,3.1595,4.8208
1.9355,1.269,3.1595,4.8183
1.9355,1.2741,3.1646,4.8132
1.9355,1.269,3.1646,4.8234
1.9432,1.2639,3.1493,4.8259
1.9432,1.2741,3.1518,4.8132
1.9279,1.2767,3.162,4.8208
1.9304,1.2639,3.1646,4.8259
1.9432,1.269,3.1518,4.8183
1.9381,1.2741,3.1595,4.8157
1.9304,1.2716,3.1646,4.8234
1.9381,1.2639,3.1544,4.8208
1.9432,1.269,3.1569,4.8183
1.9355,1.269,3.1569,4.8208
1.9355,1.2716,3.1569,4.8183
1.9381,1.269,3.1569,4.8208
1.9355,1.2741,3.1569,4.8132
1.9304,1.269,3.1646,4.8183
1.9355,1.2639,3.1569,4.8285
1.9432,1.2741,3.1493,4.8106
1.9304,1.2716,3.162,4.8208
1.9355,1.2639,3.1569,4.8234
1.9432,1.2741,3.1544,4.8157
1.9304,1.269,3.162,4.8183
1.9381,1.2614,3.1569,4.8259
1.9432,1.2741,3.1518,4.8132
1.9304,1.2767,3.162,4.8132
1.9279,1.2639,3.1646,4.8259
1.9432,1.2716,3.1493,4.8183
1.9381,1.269,3.1569,4.8106
1.9355,1.269,3.162,4.8234
1.9355,1.2639,3.1569,4.8234
1.9406,1.2767,3.1518,4.8157
1.9279,1.2767,3.162,4.8183
1.9304,1.2716,3.1569,4.8234
1.9406,1.269,3.1493,4.8183
1.9355,1.2716,3.1544,4.8132
1.9304,1.269,3.1569,4.8183
1.9355,1.269,3.1569,4.8208
1.9381,1.269,3.1544,4.8132
1.9304,1.269,3.162,4.8259
1.9355,1.2614,3.1544,4.8259
1.9432,1.269,3.1493,4.8157
1.9355,1.2741,3.1646,4.8157
1.9304,1.2614,3.1646,4.8259
1.9432,1.2716,3.1518,4.8208
1.9355,1.2767,3.1544,4.8208
1.9304,1.269,3.1646,4.8208
1.9381,1.2639,3.1544,4.8259
1.9457,1.2741,3.1493,4.8132
1.9381,1.2741,3.1646,4.8132
1.9304,1.2614,3.162,4.8259
1.9457,1.2639,3.1467,4.8259
1.9457,1.2741,3.1518,4.8132
1.933,1.2767,3.162,4.8183
1.9381,1.2639,3.1544,4.8234
1.9432,1.269,3.1493,4.8183
1.9355,1.2741,3.1569,4.8208
1.9304,1.269,3.1646,4.8183
1.9355,1.269,3.1544,4.8183
1.9406,1.2716,3.1493,4.8183
1.9381,1.269,3.1544,4.8183
1.9279,1.269,3.1569,4.8183
1.9355,1.269,3.1544,4.8183
1.9355,1.2716,3.1569,4.8183
1.9355,1.269,3.1569,4.8183
1.9355,1.2639,3.1544,4.8234
1.9406,1.2741,3.1493,4.8106
1.9304,1.2741,3.1595,4.8132
1.9304,1.2639,3.162,4.8234
1.9406,1.269,3.1518,4.8183
1.9355,1.2716,3.1569,4.8157
