3.7429,1.7687,3.7585,3.0205
3.7327,1.7763,3.7661,3.0256
3.7301,1.7636,3.7661,3.0333
3.7454,1.7636,3.7534,3.0256
3.7454,1.7763,3.7534,3.0205
3.7378,1.7763,3.7661,3.018
3.7327,1.7661,3.7661,3.0307
3.7378,1.7661,3.7585,3.0282
3.748,1.7712,3.7508,3.0231
3.7429,1.7814,3.7559,3.0154
3.7378,1.7738,3.7585,3.0205
3.7378,1.7712,3.7559,3.0256
3.748,1.7738,3.7406,3.0205
3.748,1.7865,3.7406,3.0129
3.7378,1.7814,3.7508,3.0154
3.7429,1.7738,3.7457,3.018
3.748,1.7814,3.7381,3.018
3.7429,1.7865,3.7432,3.0129
3.7352,1.7814,3.7483,3.0205
3.7429,1.7814,3.7432,3.0256
3.7429,1.7814,3.7432,3.018
3.7429,1.7814,3.7406,3.0129
3.7429,1.7865,3.7432,3.0154
3.7429,1.784,3.7406,3.0205
3.7429,1.7789,3.7406,3.0154
3.748,1.784,3.7381,3.018
3.7429,1.784,3.7406,3.018
3.7429,1.784,3.7406,3.0154
3.7454,1.784,3.7406,3.0154
3.7429,1.784,3.7381,3.0103
3.7429,1.784,3.7381,3.0154
3.7429,1.784,3.7381,3.0205
3.7531,1.784,3.7304,3.0154
3.7429,1.7916,3.7381,3.0103
3.7378,1.784,3.7432,3.0154
3.7454,1.7789,3.7381,3.0231
3.7505,1.784,3.7279,3.0154
3.7454,1.7916,3.7432,3.0103
3.7378,1.784,3.7432,3.0231
3.7429,1.784,3.7355,3.0231
3.7429,1.784,3.7381,3.018
3.7429,1.784,3.7381,3.018
3.7454,1.784,3.7381,3.0205
3.7429,1.784,3.7406,3.0205
3.7429,1.784,3.7381,3.0205
3.7429,1.7814,3.7381,3.018
3.7429,1.7814,3.7381,3.0205
3.7352,1.784,3.7406,3.0205
3.7429,1.7814,3.7406,3.0205
3.7429,1.7814,3.733,3.0205
3.7429,1.7891,3.7406,3.0205
3.7352,1.7789,3.7483,3.018
3.7403,1.7738,3.7432,3.0205
3.7429,1.7789,3.7355,3.0205
3.7403,1.7789,3.7432,3.0205
3.7429,1.7814,3.7483,3.0282
3.7454,1.7712,3.7381,3.0256
3.748,1.784,3.7381,3.0154
3.7378,1.784,3.7534,3.0205
3.7352,1.7738,3.7534,3.0282
3.748,1.7738,3.7381,3.0205
3.7403,1.784,3.7483,3.0154
3.7327,1.7763,3.7534,3.0231
3.7378,1.7712,3.7483,3.0256
3.7454,1.7789,3.7406,3.0205
3.7429,1.784,3.7457,3.0205
3.7352,1.7789,3.7534,3.0231
3.7403,1.7712,3.7457,3.0282
3.7505,1.7789,3.7406,3.0231
3.7429,1.7865,3.7457,3.0154
3.7327,1.7789,3.7508,3.0205
3.7429,1.7738,3.7432,3.0256
3.748,1.7814,3.7381,3.0205
3.7429,1.784,3.7432,3.018
3.7378,1.7738,3.7483,3.0256
3.7429,1.7738,3.7432,3.0256
3.7505,1.7814,3.7355,3.0205
3.7429,1.7865,3.7406,3.0129
3.7429,1.784,3.7483,3.0205
3.7429,1.784,3.7406,3.0256
3.7505,1.7891,3.733,3.0129
3.7429,1.7891,3.7381,3.0129
3.7378,1.784,3.7457,3.0154
3.7429,1.7789,3.7381,3.0256
3.7505,1.784,3.733,3.0103
3.7352,1.7891,3.7483,3.0129
3.7378,1.7763,3.7457,3.0256
3.7505,1.7789,3.7355,3.018
3.748,1.7916,3.733,3.0129
3.7378,1.7891,3.7457,3.0154
3.7378,1.7789,3.7457,3.0256
3.7505,1.784,3.733,3.018
3.7429,1.7891,3.7406,3.0129
3.7378,1.784,3.7457,3.018
3.7429,1.7763,3.7432,3.0256
3.7429,1.7814,3.7381,3.0205
3.7429,1.7814,3.7406,3.0154
3.7429,1.7814,3.7432,3.0205
3.7429,1.7814,3.7483,3.0205
3.7429,1.7814,3.7457,3.0205
3.7505,1.7865,3.7381,3.0154
3.7429,1.7865,3.7457,3.0205
3.7429,1.7814,3.7457,3.0231
3.7429,1.7712,3.7483,3.0231
3.7454,1.784,3.7406,3.0154
3.7378,1.784,3.7559,3.0154
3.7327,1.7712,3.7585,3.0256
3.7454,1.7712,3.7457,3.0231
3.748,1.7814,3.7534,3.0154
3.7352,1.7763,3.7585,3.0205
3.7403,1.7687,3.7534,3.0205
3.7454,1.7738,3.7483,3.0256
3.7403,1.7789,3.7534,3.0231
3.7378,1.7712,3.7559,3.0231
3.7378,1.7712,3.7559,3.0256
3.7403,1.7789,3.7636,3.018
3.7327,1.7712,3.7661,3.0282
3.7403,1.7636,3.761,3.0307
3.7454,1.7738,3.7559,3.0205
3.7327,1.7763,3.7661,3.0256
3.7327,1.7636,3.7687,3.0333
3.7454,1.761,3.7585,3.0307
3.7454,1.7738,3.7585,3.0205
3.7327,1.7763,3.7712,3.0205
3.7327,1.761,3.7712,3.0307
3.7378,1.7687,3.7661,3.0256
3.7352,1.7661,3.7661,3.0205
3.7378,1.7661,3.7687,3.0256
3.7352,1.7661,3.7687,3.0333
3.7429,1.7661,3.7636,3.0256
3.7378,1.7712,3.7712,3.0205
3.7378,1.7636,3.7738,3.0256
3.7352,1.7636,3.7738,3.0333
3.7378,1.7636,3.7738,3.0256
3.7378,1.7661,3.7738,3.018
3.7327,1.7636,3.7814,3.0307
3.7454,1.7585,3.7661,3.0282
3.7429,1.7661,3.7738,3.0231
3.7403,1.7738,3.7712,3.0205
3.7352,1.7712,3.7687,3.0205
3.7403,1.7687,3.7661,3.0205
3.7429,1.7712,3.7585,3.0205
3.7429,1.7789,3.7636,3.0205
3.7327,1.7636,3.7712,3.0256
3.7429,1.7661,3.7585,3.0256
3.7454,1.7687,3.7585,3.0129
3.7352,1.7763,3.7712,3.0154
3.7327,1.7636,3.7712,3.0282
3.748,1.7636,3.761,3.0282
3.7454,1.7763,3.761,3.0154
3.7327,1.7738,3.7687,3.018
3.7378,1.7661,3.7661,3.0256
3.7403,1.7661,3.7687,3.0231
3.7378,1.7712,3.7687,3.0154
3.7327,1.7661,3.7763,3.0231
3.7454,1.7636,3.7687,3.0282
3.748,1.7763,3.761,3.0129
3.7352,1.7763,3.7763,3.0205
3.7378,1.7636,3.7738,3.0256
3.748,1.7712,3.7585,3.018
3.7429,1.7814,3.7636,3.0154
3.7429,1.7738,3.761,3.018
3.7454,1.7763,3.7585,3.0154
3.7454,1.784,3.7585,3.0052
3.7378,1.7789,3.761,3.0129
3.7429,1.7738,3.7534,3.0205
3.7531,1.7789,3.7457,3.0154
3.7454,1.7865,3.7483,3.0129
3.7454,1.7814,3.7508,3.0154
3.7454,1.7814,3.7483,3.0129
3.748,1.7865,3.7483,3.0052
3.7429,1.7738,3.7534,3.0205
3.7531,1.7789,3.7381,3.0205
3.7531,1.7916,3.7381,3.0052
3.7403,1.784,3.7432,3.0129
3.748,1.7789,3.7432,3.0154
3.7531,1.7942,3.7381,3.0052
3.7378,1.7942,3.7483,3.0103
3.7505,1.7789,3.7432,3.0154
3.7556,1.7865,3.733,3.0052
3.7429,1.7916,3.7457,3.0052
3.7429,1.7814,3.7381,3.018
3.7556,1.7865,3.733,3.0103
3.7505,1.7865,3.7381,3.0129
3.748,1.7865,3.7381,3.0154
3.7531,1.7865,3.733,3.0129
3.748,1.7942,3.7381,3.0129
3.7403,1.7865,3.7457,3.0129
3.748,1.7814,3.7406,3.0129
3.7454,1.7865,3.7381,3.0052
3.7429,1.7865,3.7457,3.0103
3.7531,1.7814,3.7381,3.0154
3.7531,1.7942,3.733,3.0052
3.7429,1.7865,3.7432,3.0129
3.748,1.7814,3.7381,3.0129
3.7556,1.7865,3.733,3.0129
3.7454,1.784,3.7381,3.0078
3.7403,1.7789,3.7432,3.0205
3.748,1.7789,3.733,3.0231
3.7531,1.784,3.7355,3.0078
3.748,1.7891,3.7381,3.0078
3.7403,1.784,3.7457,3.0154
3.7454,1.7789,3.7406,3.0231
3.7531,1.784,3.7355,3.0154
3.7454,1.7916,3.7406,3.0103
3.7403,1.784,3.7508,3.0205
3.7454,1.7763,3.7432,3.0231
3.7531,1.7814,3.7381,3.0154
3.7454,1.7891,3.7432,3.0103
3.7454,1.784,3.7483,3.0154
3.7454,1.7738,3.7432,3.0231
3.7531,1.784,3.7381,3.018
3.7454,1.784,3.7432,3.0103
3.7429,1.7814,3.7483,3.0154
3.7429,1.7789,3.7483,3.0231
3.7531,1.7814,3.7381,3.0154
3.7454,1.7865,3.7457,3.0103
3.7403,1.7763,3.7508,3.0154
3.7429,1.7738,3.7381,3.0205
3.7531,1.7814,3.7406,3.0103
3.7403,1.7865,3.7483,3.0129
3.7403,1.7814,3.7534,3.0231
3.7505,1.7738,3.7432,3.0256
3.7531,1.784,3.7406,3.0129
3.7429,1.784,3.7585,3.0103
3.7378,1.7789,3.7534,3.0256
3.748,1.7712,3.7483,3.0256
3.7505,1.7789,3.7432,3.0154
3.7454,1.784,3.7483,3.0154
3.7454,1.7789,3.7457,3.018
3.7429,1.7712,3.7483,3.018
3.7429,1.7789,3.7483,3.0205
3.7429,1.784,3.7508,3.0205
3.7429,1.7789,3.7483,3.0205
3.7429,1.7763,3.7483,3.018
3.7403,1.7789,3.7508,3.018
3.7454,1.784,3.7483,3.0205
3.7378,1.7789,3.7508,3.0205
3.7429,1.7712,3.7457,3.0205
3.748,1.784,3.7483,3.0103
3.7378,1.7763,3.7585,3.0205
3.7429,1.7712,3.7508,3.0256
3.7505,1.7789,3.7457,3.0205
3.7429,1.784,3.7534,3.0205
3.7378,1.7763,3.7585,3.0205
3.7429,1.7712,3.7534,3.0282
3.7505,1.7738,3.7457,3.0205
3.7429,1.7814,3.7534,3.0129
3.7352,1.7712,3.7585,3.0256
3.748,1.7687,3.7457,3.0205
3.7429,1.784,3.7508,3.0154
3.7429,1.7738,3.7534,3.0205
3.7429,1.7738,3.7534,3.0231
3.7429,1.7738,3.7559,3.0205
3.7454,1.7738,3.7534,3.0205
3.7429,1.7738,3.7559,3.0282
3.748,1.7738,3.7483,3.0231
3.7429,1.7814,3.7559,3.0205
3.7378,1.7763,3.7559,3.0256
3.7429,1.7738,3.7559,3.0205
3.7429,1.7738,3.7559,3.0129
3.7352,1.7763,3.761,3.0205
3.7429,1.7687,3.7559,3.0282
3.7429,1.7738,3.7483,3.0231
3.7429,1.7738,3.7585,3.0154
3.7429,1.7712,3.7559,3.0205
3.7429,1.7738,3.7559,3.0282
3.7403,1.7738,3.7559,3.0231
3.748,1.7738,3.7483,3.0231
3.7429,1.7789,3.7585,3.0154
3.7352,1.7738,3.7636,3.0231
3.7429,1.7661,3.7559,3.0282
3.7454,1.7712,3.7534,3.0231
3.7403,1.7789,3.7585,3.018
3.7378,1.7738,3.7636,3.0205
3.7429,1.7661,3.7585,3.0282
3.748,1.7712,3.7559,3.0231
3.7403,1.7789,3.7585,3.0256
3.7429,1.7712,3.761,3.0307
3.7454,1.7712,3.7534,3.0256
3.7403,1.7789,3.761,3.0154
3.7378,1.7661,3.7687,3.0231
3.748,1.7636,3.7534,3.0307
3.7429,1.7789,3.7585,3.0154
3.7403,1.7712,3.7585,3.0231
3.7403,1.7687,3.7585,3.0231
3.7403,1.7712,3.7585,3.018
3.7429,1.7712,3.7585,3.0256
3.7403,1.7636,3.7585,3.0307
3.7454,1.7712,3.7508,3.0231
3.7429,1.7789,3.7559,3.018
3.7352,1.7712,3.7661,3.0282
3.7403,1.7636,3.7585,3.0282
3.748,1.7789,3.7534,3.018
3.7327,1.7789,3.7636,3.0256
3.7403,1.7636,3.7585,3.0231
3.7454,1.7738,3.7534,3.0154
3.7429,1.7814,3.7636,3.0154
3.7378,1.7738,3.7636,3.0205
3.748,1.7712,3.7483,3.0256
3.7505,1.784,3.7457,3.0154
3.7378,1.784,3.7585,3.0129
3.7378,1.7738,3.7534,3.0231
3.7505,1.7738,3.7406,3.0256
3.7505,1.7814,3.7406,3.0154
3.7429,1.7865,3.7457,3.0154
3.7378,1.7814,3.7508,3.0231
3.7429,1.7763,3.7432,3.0231
3.7531,1.784,3.733,3.0154
3.7531,1.7916,3.7355,3.0078
3.7403,1.7916,3.7457,3.0103
3.7403,1.7865,3.7457,3.0205
3.748,1.7789,3.7304,3.0231
3.7531,1.7916,3.733,3.0078
3.7429,1.7942,3.7432,3.0078
3.7429,1.7789,3.7432,3.0205
3.7556,1.7814,3.7279,3.0154
3.748,1.7942,3.7355,3.0078
3.7403,1.7865,3.7406,3.0154
3.7454,1.7814,3.7355,3.0231
3.7505,1.7916,3.7279,3.0154
3.7454,1.7942,3.7381,3.0078
3.7403,1.7814,3.7432,3.0154
3.7531,1.7814,3.7279,3.0205
3.7531,1.7942,3.7279,3.0078
3.7403,1.7942,3.7406,3.0154
3.7403,1.7814,3.7381,3.0205
3.7454,1.7865,3.733,3.0129
3.7454,1.7865,3.7355,3.0154
3.7454,1.7942,3.733,3.0078
3.7429,1.7865,3.7406,3.0154
3.748,1.7814,3.7355,3.0205
3.7454,1.7865,3.7253,3.0154
3.7429,1.7942,3.7304,3.0078
3.7429,1.7891,3.7381,3.0205
3.7531,1.784,3.733,3.0129
3.7454,1.7891,3.733,3.0078
3.748,1.7891,3.7304,3.0129
3.7429,1.784,3.7355,3.0205
3.7531,1.784,3.7228,3.0205
3.7531,1.7967,3.7228,3.0052
3.7429,1.7967,3.7381,3.0154
3.7403,1.7814,3.7355,3.0205
3.7556,1.784,3.7228,3.0129
3.7531,1.7967,3.7228,3.0078
3.7429,1.7967,3.7355,3.0129
3.7403,1.784,3.7355,3.0205
3.7531,1.784,3.7253,3.0154
3.7531,1.7942,3.7279,3.0078
3.7403,1.7891,3.7355,3.0154
3.7454,1.7814,3.7304,3.0154
3.748,1.7891,3.7279,3.0154
3.7454,1.7891,3.7304,3.0154
3.7454,1.784,3.7304,3.0231
3.7531,1.7865,3.7253,3.0154
3.7454,1.7942,3.733,3.0154
3.7454,1.7865,3.733,3.0205
3.7429,1.7865,3.7253,3.0154
3.7454,1.7942,3.733,3.0129
3.7378,1.784,3.7381,3.018
3.7454,1.784,3.733,3.018
3.7454,1.784,3.733,3.0103
3.7378,1.7865,3.7406,3.0154
3.7429,1.7789,3.7355,3.0231
3.7505,1.7916,3.7304,3.018
3.7403,1.7916,3.7406,3.0103
3.7403,1.7789,3.7355,3.0256
3.7505,1.7865,3.7355,3.0154
3.7454,1.7942,3.7355,3.0154
3.7454,1.784,3.7355,3.0256
3.7531,1.7789,3.7279,3.0205
3.7505,1.7942,3.7279,3.0129
3.7403,1.7865,3.7406,3.0154
3.7429,1.7814,3.733,3.0256
3.7505,1.784,3.7279,3.0103
3.7429,1.7942,3.7355,3.0129
3.7378,1.7865,3.7406,3.0256
3.7454,1.7789,3.733,3.018
3.7429,1.7865,3.7355,3.0205
3.7429,1.7865,3.733,3.018
3.7454,1.7865,3.733,3.0256
3.7505,1.7891,3.7253,3.018
3.7454,1.7942,3.733,3.0103
3.7378,1.7865,3.7406,3.0231
3.7531,1.7814,3.733,3.0231
3.7505,1.7865,3.7253,3.0103
3.7454,1.7916,3.7381,3.0103
3.7403,1.7814,3.7381,3.0231
3.7531,1.7814,3.7279,3.0154
3.7429,1.7942,3.733,3.0129
3.7403,1.7865,3.7381,3.0154
3.7429,1.7789,3.7355,3.0256
3.7505,1.784,3.7279,3.018
3.7429,1.7942,3.7355,3.018
3.7378,1.7865,3.7381,3.0154
3.7429,1.7865,3.733,3.018
3.7429,1.784,3.7304,3.0103
3.7378,1.7891,3.7381,3.0205
3.7429,1.7814,3.733,3.018
3.7454,1.7865,3.7253,3.0205
3.7454,1.7865,3.7304,3.018
3.7429,1.7865,3.7355,3.0256
3.7505,1.784,3.7253,3.018
3.7429,1.7942,3.7304,3.0129
3.7378,1.7814,3.7381,3.0256
3.7505,1.7814,3.7253,3.0205
3.7429,1.7942,3.733,3.0129
3.7378,1.7891,3.7381,3.018
3.7429,1.7814,3.7304,3.0154
3.748,1.7865,3.7253,3.018
3.7429,1.7942,3.7279,3.0103
3.7378,1.7814,3.7381,3.0231
3.7505,1.7814,3.7228,3.0231
3.7505,1.7967,3.7228,3.0103
3.7429,1.7916,3.7279,3.0154
3.7429,1.784,3.7253,3.0231
3.7505,1.7891,3.7228,3.0154
3.7429,1.7942,3.7253,3.0154
3.7378,1.7942,3.7253,3.0154
3.7429,1.7916,3.7253,3.0154
3.7429,1.7891,3.7253,3.0103
3.7403,1.7916,3.7304,3.0154
3.7454,1.784,3.7253,3.0231
3.7505,1.7916,3.7177,3.0154
3.7429,1.7967,3.7228,3.0103
3.7378,1.784,3.733,3.0205
3.7505,1.784,3.7177,3.0154
3.7429,1.7993,3.7228,3.0078
3.7378,1.7942,3.7304,3.0231
3.7505,1.7865,3.7177,3.0154
3.7505,1.7993,3.7151,3.0103
3.7454,1.7916,3.7228,3.0154
3.7454,1.784,3.7228,3.0231
3.7505,1.7993,3.7177,3.0078
3.7378,1.7993,3.7304,3.0078
3.7378,1.7865,3.7304,3.0231
3.7505,1.7942,3.7177,3.0154
3.7429,1.7967,3.7253,3.0103
3.7429,1.7891,3.7253,3.0154
3.7429,1.7916,3.7279,3.018
3.7429,1.7967,3.7279,3.0078
3.7378,1.7891,3.733,3.0231
3.748,1.784,3.7177,3.0154
3.7454,1.7993,3.7279,3.0078
3.7378,1.784,3.7304,3.0231
3.748,1.7891,3.7202,3.0154
3.7429,1.7942,3.7253,3.0154
3.7403,1.7891,3.7253,3.0154
3.7429,1.7891,3.7228,3.018
3.7429,1.7916,3.7253,3.0129
3.7352,1.7916,3.733,3.0205
3.7429,1.784,3.7253,3.0231
3.7505,1.7916,3.7177,3.018
3.7378,1.7942,3.733,3.0103
3.7378,1.784,3.733,3.0231
3.748,1.784,3.7228,3.0231
3.748,1.7942,3.7202,3.0103
3.7352,1.7865,3.7355,3.018
3.7429,1.7814,3.7304,3.0256
3.748,1.7865,3.7228,3.0154
3.7429,1.7865,3.7304,3.018
3.7429,1.7891,3.7279,3.0154
3.7429,1.7891,3.733,3.0154
3.748,1.7916,3.7253,3.0129
3.7352,1.7942,3.7381,3.0205
3.7352,1.7814,3.7381,3.0256
3.748,1.7865,3.7253,3.018
3.7403,1.7942,3.733,3.0129
3.7352,1.7814,3.7381,3.018
3.748,1.7789,3.733,3.0256
3.748,1.7916,3.7304,3.0129
3.7403,1.7891,3.7355,3.0129
3.7352,1.784,3.7432,3.0205
3.7403,1.7789,3.7381,3.0205
3.7454,1.784,3.7381,3.0231
3.7403,1.7891,3.7432,3.0129
3.7327,1.7763,3.7457,3.0256
3.7454,1.784,3.733,3.0205
3.7403,1.7891,3.7381,3.0129
3.7327,1.784,3.7483,3.018
3.7403,1.7763,3.7406,3.0256
3.748,1.784,3.7355,3.0205
3.7403,1.7814,3.7381,3.0231
3.7403,1.7814,3.7432,3.0256
3.7454,1.7814,3.7381,3.0205
3.7403,1.7891,3.7508,3.0154
3.7327,1.7738,3.7508,3.0282
3.7454,1.7738,3.7381,3.0282
3.7454,1.7865,3.7381,3.0154
3.7327,1.784,3.7508,3.0231
3.7378,1.7712,3.7457,3.0282
3.7429,1.7814,3.7381,3.0231
3.7378,1.784,3.7534,3.0154
3.7378,1.7712,3.7483,3.0256
3.7429,1.7763,3.7406,3.0154
3.7301,1.784,3.7559,3.0154
3.7327,1.7712,3.7559,3.0256
3.7429,1.7738,3.7457,3.0231
3.7378,1.7814,3.7534,3.0154
3.7327,1.7763,3.7585,3.0256
