4.4796,0.79486,3.1136,1.97
4.4872,0.80251,3.1059,1.9649
4.4796,0.81016,3.1136,1.9649
4.4745,0.80506,3.111,1.9649
4.4847,0.79741,3.1059,1.9649
4.4872,0.81016,3.1085,1.9598
4.4745,0.80251,3.1212,1.9649
4.4821,0.79741,3.1136,1.9649
4.4796,0.80251,3.1085,1.9649
4.4796,0.80506,3.1136,1.9572
4.4745,0.79486,3.1187,1.97
4.4872,0.79486,3.1059,1.9649
4.4796,0.80761,3.1136,1.9598
4.4796,0.80251,3.1212,1.9649
4.4821,0.80251,3.1161,1.9649
4.4796,0.80251,3.1059,1.9572
4.4745,0.80761,3.1212,1.9598
4.4745,0.79486,3.1212,1.97
4.4872,0.79486,3.1085,1.9649
4.4821,0.80761,3.1136,1.9598
4.4821,0.80251,3.1161,1.9649
4.4796,0.80251,3.1136,1.9649
4.4796,0.80251,3.1136,1.9649
4.4796,0.79996,3.1136,1.9649
4.4796,0.80251,3.1136,1.9649
4.4796,0.80251,3.1136,1.9649
4.4796,0.80251,3.1136,1.9572
4.4821,0.80251,3.1136,1.9649
4.4796,0.80251,3.1136,1.9725
4.4872,0.79996,3.1085,1.9649
4.4796,0.81016,3.1136,1.9598
4.4821,0.80251,3.1161,1.9623
4.4847,0.80506,3.1136,1.97
4.4821,0.80251,3.1059,1.9649
4.4821,0.80761,3.1136,1.9572
4.477,0.80251,3.1212,1.9649
4.4796,0.79486,3.1136,1.97
4.4872,0.80251,3.1059,1.9649
4.4821,0.81016,3.111,1.9547
4.477,0.80251,3.1187,1.9725
4.4821,0.79486,3.1059,1.97
4.4898,0.80761,3.1059,1.9598
4.477,0.81016,3.1212,1.9598
4.477,0.79486,3.1187,1.97
4.4898,0.79741,3.1059,1.9649
4.4923,0.80761,3.1136,1.9598
4.477,0.80251,3.1187,1.9649
4.4821,0.79741,3.1059,1.97
4.4872,0.80251,3.1059,1.9649
4.4821,0.81016,3.1161,1.9598
4.4745,0.80251,3.1212,1.97
4.4821,0.79486,3.1059,1.97
4.4872,0.80251,3.1059,1.9572
4.477,0.80761,3.1212,1.9598
4.477,0.79486,3.1212,1.9725
4.4872,0.79741,3.1059,1.9725
4.4872,0.81016,3.1059,1.9572
4.4821,0.80761,3.1136,1.9649
4.4821,0.80251,3.1136,1.9649
4.4847,0.79741,3.1136,1.9649
4.4872,0.80251,3.1059,1.9649
4.4847,0.80506,3.1136,1.9623
4.4821,0.80251,3.1136,1.9649
4.4847,0.80506,3.1085,1.9649
4.4821,0.80761,3.1136,1.9598
4.477,0.79741,3.1212,1.97
4.4872,0.79486,3.1136,1.9725
4.4872,0.80251,3.1059,1.9598
4.4821,0.80761,3.1212,1.9572
4.477,0.79741,3.1212,1.97
4.4796,0.79741,3.1136,1.97
4.4872,0.80251,3.1085,1.9598
4.4796,0.81016,3.1136,1.9598
4.4745,0.80251,3.1212,1.9649
4.4796,0.79486,3.1136,1.9674
4.4872,0.79996,3.1085,1.9649
4.4796,0.80761,3.1136,1.9598
4.4745,0.80251,3.1238,1.9649
4.477,0.79741,3.1212,1.9674
4.4872,0.79486,3.1059,1.9649
4.4872,0.80506,3.1085,1.9547
4.477,0.80761,3.1238,1.9649
4.4796,0.79741,3.1161,1.97
4.4821,0.80506,3.1085,1.9649
4.4821,0.80251,3.1136,1.9649
4.477,0.79486,3.1212,1.97
4.4872,0.80251,3.1085,1.9649
4.4821,0.80251,3.1136,1.9649
4.4821,0.80506,3.1161,1.97
4.4872,0.80251,3.1059,1.9623
4.4796,0.80506,3.1161,1.9598
4.477,0.79486,3.1212,1.97
4.4872,0.80251,3.1085,1.9649
4.4796,0.80506,3.1136,1.9649
4.4821,0.80251,3.1161,1.9623
4.4872,0.80251,3.1085,1.9572
4.4796,0.80761,3.1161,1.9598
4.477,0.80251,3.1212,1.97
4.4872,0.79486,3.1059,1.97
4.4821,0.80251,3.1161,1.9598
4.4745,0.80251,3.1212,1.97
4.4796,0.79486,3.1161,1.97
4.4872,0.80251,3.111,1.9649
4.4796,0.80251,3.1161,1.9649
4.4796,0.80506,3.1136,1.9623
4.4796,0.80506,3.1161,1.9623
4.4821,0.80251,3.1085,1.9649
4.4821,0.80761,3.1212,1.9572
4.477,0.79741,3.1212,1.97
4.4872,0.80506,3.1085,1.9649
4.477,0.80761,3.1161,1.9598
4.4745,0.79741,3.1212,1.9623
4.4796,0.79741,3.1136,1.97
4.4821,0.80251,3.1085,1.9649
4.4821,0.81016,3.1161,1.9649
4.4745,0.80251,3.1238,1.9649
4.4796,0.79741,3.1136,1.9623
4.4872,0.79996,3.1085,1.9623
4.4821,0.80506,3.1161,1.9649
4.4745,0.80506,3.1161,1.9649
4.4796,0.80251,3.1136,1.9623
4.4796,0.80251,3.1161,1.9572
4.4745,0.80251,3.1238,1.9649
4.4821,0.79741,3.1136,1.97
4.4872,0.80506,3.1085,1.9547
4.4745,0.80761,3.1161,1.9572
4.4745,0.79741,3.1212,1.9725
4.4872,0.79741,3.1085,1.9649
4.4796,0.81016,3.1161,1.9598
4.4745,0.80506,3.1238,1.9623
4.4796,0.79741,3.1161,1.9649
4.4821,0.80251,3.1187,1.9572
4.4821,0.80251,3.1161,1.9649
4.4796,0.79486,3.1161,1.9725
4.4872,0.79996,3.111,1.9649
4.4745,0.80761,3.1263,1.9649
4.4796,0.79486,3.1161,1.97
4.4847,0.80251,3.111,1.9572
4.477,0.80506,3.1238,1.9547
4.4745,0.79486,3.1238,1.97
4.4872,0.80251,3.111,1.9623
4.4796,0.80761,3.1161,1.9598
4.4719,0.80506,3.1187,1.9649
4.477,0.80251,3.1187,1.9623
4.4796,0.80761,3.1187,1.9572
4.4745,0.80506,3.1263,1.9649
4.477,0.79486,3.1187,1.97
4.4872,0.79996,3.1136,1.9649
4.4796,0.80761,3.1238,1.9572
4.4745,0.79741,3.1238,1.97
4.4847,0.79741,3.1136,1.9649
4.4796,0.80506,3.1136,1.9598
4.4745,0.81016,3.1238,1.9649
4.477,0.79486,3.1187,1.97
4.4847,0.80251,3.1136,1.9649
4.477,0.80506,3.1212,1.9649
4.4796,0.80251,3.1263,1.9649
4.477,0.79996,3.1212,1.97
4.4847,0.80761,3.1136,1.9598
4.4719,0.80761,3.1263,1.9598
4.4745,0.79486,3.1263,1.97
4.4821,0.80251,3.1136,1.9649
4.477,0.80761,3.1161,1.9572
4.4719,0.79741,3.1263,1.9649
4.477,0.79486,3.1212,1.9649
4.4847,0.79996,3.1136,1.9649
4.477,0.80251,3.1212,1.9598
4.4796,0.80251,3.1212,1.9649
4.477,0.80251,3.1212,1.9649
4.4847,0.80251,3.1136,1.9649
4.477,0.80506,3.1212,1.9649
4.4719,0.80251,3.1263,1.9649
4.477,0.79486,3.1212,1.97
4.4847,0.79996,3.1136,1.9649
4.477,0.81016,3.1212,1.9572
4.4719,0.79996,3.1263,1.9649
4.477,0.79486,3.1212,1.9725
4.4821,0.80251,3.1136,1.9623
4.477,0.80506,3.1187,1.9572
4.4719,0.80251,3.1263,1.9674
4.477,0.79486,3.1212,1.97
4.4847,0.80251,3.1136,1.9649
4.477,0.80251,3.1212,1.9649
4.477,0.80251,3.1212,1.9623
4.477,0.79996,3.1212,1.9623
4.4796,0.79996,3.1136,1.9598
4.4719,0.80506,3.1289,1.9649
4.4719,0.79231,3.1263,1.9674
4.4872,0.79741,3.1136,1.9623
4.4796,0.80761,3.1212,1.9572
4.4719,0.79996,3.1263,1.9649
4.477,0.79486,3.1212,1.97
4.4847,0.79996,3.1136,1.9649
4.4796,0.80761,3.1187,1.9572
4.4745,0.80251,3.1263,1.9649
4.4796,0.79486,3.1187,1.9649
4.4872,0.80251,3.1136,1.9649
4.4796,0.80761,3.1161,1.9572
4.4745,0.80251,3.1187,1.9649
4.4796,0.79486,3.1187,1.9649
4.4796,0.79996,3.111,1.9649
4.4821,0.80251,3.1161,1.9649
4.4821,0.80506,3.1161,1.9623
4.4821,0.79231,3.1161,1.9649
4.4847,0.80251,3.1161,1.9598
4.4847,0.80761,3.1212,1.9598
4.477,0.80251,3.1161,1.9649
4.4821,0.79486,3.1136,1.9649
4.4898,0.80251,3.1085,1.9674
4.4872,0.80761,3.1161,1.9649
4.4796,0.80251,3.1238,1.9649
4.4847,0.79741,3.1136,1.97
4.4923,0.80251,3.1085,1.9649
4.4923,0.80761,3.1085,1.9598
4.4796,0.81016,3.1212,1.9598
4.4796,0.80251,3.1212,1.9649
4.4872,0.80251,3.1136,1.9649
4.4949,0.80251,3.1085,1.9674
4.4847,0.80761,3.1136,1.9598
4.4796,0.80506,3.1212,1.9649
4.4821,0.79486,3.1136,1.9725
4.4923,0.79996,3.1085,1.9649
4.4847,0.80761,3.1161,1.9649
4.4796,0.80251,3.1136,1.9649
4.4847,0.79996,3.1161,1.9725
4.4898,0.80761,3.1085,1.9623
4.477,0.80761,3.1212,1.9649
4.4847,0.80251,3.1161,1.9674
4.4872,0.79996,3.1085,1.9649
4.4847,0.80761,3.1136,1.9598
4.477,0.80251,3.1238,1.9649
4.4821,0.79741,3.1161,1.97
4.4847,0.80251,3.1161,1.9649
4.4847,0.80251,3.1161,1.9649
4.477,0.80251,3.1212,1.9649
4.4821,0.79486,3.1161,1.9649
4.4898,0.80251,3.111,1.9649
4.4821,0.80761,3.1187,1.9623
4.477,0.79996,3.1238,1.9649
4.4821,0.79486,3.1187,1.9649
4.4872,0.80251,3.111,1.9649
4.4847,0.80761,3.1161,1.9598
4.4745,0.79996,3.1238,1.9649
4.4821,0.79231,3.1161,1.97
4.4796,0.79996,3.1187,1.9649
4.4821,0.79996,3.1187,1.9649
4.4821,0.80251,3.1187,1.9598
4.4745,0.79486,3.1238,1.97
4.4872,0.79486,3.111,1.97
4.4872,0.80506,3.1136,1.9572
4.4796,0.80761,3.1187,1.9572
4.477,0.79996,3.1263,1.97
4.4796,0.79486,3.1187,1.97
4.4872,0.80251,3.1136,1.9598
4.4796,0.80761,3.1212,1.9598
4.4745,0.80251,3.1263,1.97
4.4872,0.79486,3.1187,1.9725
4.4872,0.79996,3.1136,1.9674
4.4821,0.80506,3.1187,1.9572
4.4745,0.80251,3.1238,1.9725
4.4872,0.79486,3.111,1.97
4.4872,0.80761,3.1136,1.9572
4.4719,0.80761,3.1212,1.9649
4.4796,0.79996,3.1187,1.9623
4.4847,0.79486,3.1136,1.9649
4.4796,0.80761,3.1161,1.9572
4.4745,0.79996,3.1238,1.9649
4.4796,0.79486,3.1187,1.97
4.4872,0.79996,3.1136,1.9649
4.4796,0.80251,3.1212,1.9649
4.4745,0.80251,3.1263,1.9649
4.4796,0.79486,3.1212,1.97
4.4872,0.80761,3.1136,1.9572
4.4719,0.80251,3.1263,1.9649
4.4796,0.79486,3.1238,1.97
4.4847,0.79996,3.1161,1.9623
4.4796,0.79996,3.1212,1.9649
4.477,0.79996,3.1212,1.97
4.477,0.79996,3.1136,1.9649
4.477,0.80506,3.1212,1.9572
4.4745,0.80251,3.1289,1.9649
4.4872,0.79486,3.1212,1.97
4.4872,0.80506,3.1136,1.9572
4.4719,0.80761,3.1289,1.9572
4.4745,0.79486,3.1263,1.9674
4.4796,0.79486,3.1136,1.9649
4.4847,0.80506,3.1212,1.9572
4.4745,0.79996,3.1263,1.9623
4.4719,0.79486,3.1263,1.97
4.4872,0.79486,3.1136,1.9649
4.4872,0.79996,3.1212,1.9572
4.477,0.80251,3.1212,1.9649
4.4796,0.79996,3.1212,1.97
4.4796,0.79486,3.1161,1.97
4.4872,0.79996,3.1136,1.9572
4.4796,0.80761,3.1187,1.9598
4.4745,0.79486,3.1238,1.9725
4.4872,0.79486,3.1136,1.97
4.4872,0.80251,3.1136,1.9572
4.477,0.80761,3.1238,1.9598
4.477,0.79741,3.1263,1.97
4.4796,0.79486,3.1136,1.97
4.4821,0.79996,3.1187,1.9649
4.4821,0.79996,3.1187,1.9649
4.4745,0.79996,3.1238,1.9649
4.4821,0.80251,3.1187,1.9649
4.4821,0.79996,3.1136,1.9649
4.4847,0.80506,3.1187,1.9598
4.4821,0.80251,3.1238,1.9649
4.4796,0.79486,3.1187,1.9649
4.4847,0.80251,3.1187,1.9649
4.4821,0.80506,3.1161,1.9649
4.4821,0.79486,3.1187,1.97
4.4872,0.79996,3.1136,1.9649
4.4821,0.80761,3.1187,1.9598
4.477,0.79996,3.1263,1.9649
4.4796,0.79996,3.1187,1.9649
4.4796,0.79996,3.1161,1.9572
4.4821,0.80251,3.1263,1.9649
4.4821,0.79486,3.1212,1.9725
4.4872,0.79996,3.1136,1.9649
4.4745,0.80506,3.1187,1.9598
4.4745,0.79996,3.1212,1.9649
4.4796,0.80251,3.1212,1.9649
4.4821,0.79996,3.1212,1.9598
4.4821,0.80251,3.1187,1.9649
4.4821,0.80251,3.1212,1.9725
4.4796,0.80251,3.1187,1.9649
4.4821,0.79996,3.1187,1.9598
4.477,0.80251,3.1238,1.9649
4.4821,0.79486,3.1212,1.9649
4.4898,0.80251,3.111,1.9649
4.4847,0.80506,3.1212,1.9649
4.477,0.79996,3.1263,1.9649
4.4821,0.80251,3.1212,1.9649
4.4821,0.79996,3.1212,1.9572
4.4796,0.80251,3.1187,1.9649
4.4796,0.80251,3.1212,1.97
4.4796,0.79996,3.1136,1.9649
4.4821,0.80761,3.1212,1.9598
4.4745,0.79996,3.1263,1.9649
4.4796,0.79231,3.1238,1.9674
4.4872,0.79996,3.1136,1.9649
4.4796,0.80506,3.1212,1.9547
4.4745,0.79231,3.1263,1.9674
4.4872,0.79486,3.1136,1.9623
4.4796,0.80506,3.1212,1.9598
4.477,0.80251,3.1289,1.9649
4.477,0.80251,3.1212,1.9649
4.4796,0.79996,3.1212,1.9572
4.4745,0.79996,3.1263,1.9623
4.4796,0.79231,3.1212,1.97
4.4872,0.80761,3.1161,1.9598
4.4745,0.80506,3.1263,1.9547
4.4745,0.79486,3.1263,1.97
4.4872,0.80251,3.1136,1.9649
4.4796,0.80761,3.1212,1.9572
4.4745,0.79996,3.1263,1.9649
4.4796,0.79486,3.1212,1.97
4.4872,0.79996,3.1136,1.9649
4.4796,0.80506,3.1238,1.9572
4.4745,0.80251,3.1263,1.9649
4.477,0.79231,3.1263,1.97
4.4898,0.79486,3.1161,1.9649
4.4898,0.80761,3.1136,1.9572
4.4821,0.79996,3.1212,1.9649
4.4821,0.80251,3.1212,1.97
4.4898,0.79996,3.1136,1.9623
4.4821,0.80761,3.1212,1.9572
4.4745,0.79996,3.1263,1.9649
4.4796,0.79486,3.1187,1.97
4.4872,0.79996,3.1136,1.9649
4.4796,0.80506,3.1212,1.9572
4.4847,0.80251,3.1187,1.9623
4.4796,0.79996,3.1212,1.9725
4.4898,0.80251,3.1136,1.9649
4.4821,0.80761,3.1187,1.9598
4.477,0.80251,3.1238,1.9649
4.4821,0.79486,3.1212,1.9725
4.4872,0.79231,3.1136,1.9649
4.4898,0.80761,3.1187,1.9598
4.477,0.80506,3.1263,1.9674
4.477,0.79486,3.1263,1.97
4.4872,0.79486,3.1187,1.9649
4.4821,0.80251,3.1136,1.9649
4.4847,0.80251,3.1238,1.9649
4.4745,0.80251,3.1187,1.9649
4.4898,0.79486,3.1212,1.9623
4.4898,0.80251,3.1187,1.9649
4.4847,0.79996,3.1161,1.9649
4.4821,0.80251,3.1212,1.97
4.4898,0.79996,3.1136,1.9649
4.4847,0.80761,3.1187,1.9598
4.477,0.79996,3.1263,1.9725
4.4847,0.79486,3.1212,1.97
4.4898,0.79996,3.1136,1.9572
4.4796,0.80506,3.1238,1.9572
4.477,0.79231,3.1238,1.9725
4.4923,0.79486,3.1136,1.97
4.4923,0.79996,3.111,1.9598
4.477,0.80506,3.1161,1.9649
4.4796,0.80251,3.1238,1.9649
4.4872,0.79996,3.1187,1.9649
4.4847,0.80251,3.111,1.9649
4.4872,0.80761,3.1161,1.9598
4.4821,0.79996,3.1238,1.9649
4.4847,0.79231,3.1187,1.9725
4.4923,0.79741,3.1136,1.9649
4.4923,0.80506,3.1187,1.9598
4.477,0.79996,3.1238,1.9649
4.4847,0.79231,3.1187,1.97
4.4898,0.79996,3.111,1.9649
4.4923,0.80506,3.1136,1.9598
4.4796,0.80761,3.1263,1.9649
4.477,0.79486,3.1263,1.9725
4.4898,0.79231,3.1136,1.9649
4.4898,0.80506,3.1136,1.9598
4.477,0.80506,3.1263,1.9649
4.477,0.79486,3.1263,1.9725
4.4847,0.79996,3.1187,1.9649
4.4847,0.79996,3.1212,1.9598
4.4872,0.79996,3.1263,1.9649
4.4847,0.79486,3.1212,1.9725
4.4898,0.79996,3.1136,1.9649
4.4847,0.79996,3.1212,1.9598
4.4796,0.79486,3.1263,1.9725
4.4898,0.79486,3.1136,1.9649
4.4847,0.80506,3.1212,1.9598
4.4796,0.80251,3.1212,1.9649
4.4821,0.79486,3.1187,1.9649
4.4847,0.80251,3.1187,1.9649
4.4847,0.79996,3.1212,1.9649
4.4821,0.80251,3.1212,1.9725
4.4821,0.79996,3.1212,1.9649
4.4847,0.80251,3.1212,1.9598
4.477,0.79996,3.1263,1.9649
4.4821,0.79486,3.1212,1.97
4.4872,0.80251,3.1136,1.9572
4.477,0.80506,3.1263,1.9572
4.477,0.79486,3.1263,1.97
4.4872,0.79996,3.1136,1.9649
4.4847,0.80506,3.1212,1.9572
4.477,0.79996,3.1238,1.9725
4.4821,0.79231,3.1212,1.9674
4.4898,0.79996,3.1136,1.9572
4.4821,0.80761,3.1212,1.9572
4.477,0.79996,3.1263,1.97
4.4821,0.79486,3.1212,1.97
4.4872,0.79996,3.1136,1.9649
4.4821,0.79996,3.1212,1.9649
4.4745,0.80251,3.1212,1.9623
4.4796,0.79741,3.1212,1.97
4.4872,0.79996,3.1136,1.9649
4.477,0.80506,3.1238,1.9572
4.477,0.79996,3.1289,1.9725
4.4872,0.79231,3.1238,1.97
4.4898,0.79996,3.1136,1.9598
4.4745,0.80761,3.1238,1.9572
4.477,0.79231,3.1263,1.97
4.4872,0.79486,3.1161,1.9674
4.4898,0.80506,3.1136,1.9598
4.477,0.79996,3.1263,1.9649
4.4821,0.79486,3.1212,1.9649
4.4796,0.80251,3.1212,1.9572
4.477,0.79996,3.1263,1.9649
4.4796,0.79486,3.1212,1.97
4.4898,0.79996,3.1161,1.9598
4.4745,0.80506,3.1289,1.9649
4.4821,0.79231,3.1238,1.9649
4.4872,0.79996,3.1212,1.9623
4.4796,0.79996,3.1212,1.9649
4.4796,0.80251,3.1238,1.9623
4.4796,0.79996,3.1238,1.9649
4.4872,0.79996,3.1238,1.9623
4.4821,0.79996,3.1238,1.9649
4.4796,0.80251,3.1289,1.9649
4.477,0.79996,3.1238,1.9623
4.4872,0.79996,3.1161,1.9623
4.4796,0.80761,3.1238,1.9572
4.4719,0.79996,3.1289,1.9649
4.4745,0.79486,3.1212,1.9725
4.4872,0.79486,3.1161,1.9623
4.4872,0.80506,3.1187,1.9572
4.4796,0.80506,3.1212,1.9572
4.4745,0.79486,3.1314,1.97
4.4872,0.79486,3.1161,1.9674
4.4847,0.80506,3.1212,1.9572
4.4796,0.80506,3.1238,1.9572
4.4719,0.80251,3.1314,1.9649
4.477,0.79231,3.1238,1.97
4.4872,0.79996,3.1187,1.9598
4.4796,0.80506,3.1238,1.9598
4.4719,0.79996,3.1289,1.9623
4.477,0.79996,3.1238,1.97
4.4872,0.79486,3.1161,1.9649
4.4847,0.80506,3.1161,1.9572
4.4719,0.80761,3.1289,1.9598
4.4745,0.79486,3.1289,1.97
4.4847,0.79486,3.1238,1.9649
4.4796,0.79996,3.1161,1.9547
