0.27607,2.819,3.5928,2.021
0.28116,2.8113,3.5851,2.0261
0.28881,2.8266,3.58,2.0133
0.27352,2.8266,3.5902,2.0184
0.28116,2.8113,3.5851,2.0159
0.28626,2.819,3.5851,2.0159
0.27861,2.819,3.5902,2.0159
0.28116,2.8139,3.5826,2.0235
0.28626,2.8164,3.5826,2.0108
0.27607,2.8241,3.5902,2.0159
0.28371,2.8088,3.5902,2.021
0.28881,2.819,3.5851,2.0159
0.27607,2.8241,3.5979,2.0082
0.27607,2.8113,3.5979,2.021
0.28626,2.8164,3.5928,2.0159
0.28116,2.8241,3.5953,2.0082
0.28116,2.8164,3.5953,2.0133
0.28371,2.8164,3.5953,2.0133
0.28371,2.8241,3.5953,2.0082
0.27607,2.8139,3.603,2.0108
0.28881,2.8113,3.5953,2.021
0.28881,2.819,3.5902,2.0133
0.28371,2.8241,3.6055,2.0057
0.27607,2.819,3.603,2.0133
0.28116,2.8113,3.5979,2.0184
0.29136,2.819,3.5928,2.0057
0.28371,2.8241,3.5979,2.0108
0.28371,2.8164,3.5979,2.0133
0.28626,2.8164,3.5979,2.0133
0.28371,2.8164,3.5979,2.0057
0.27861,2.8164,3.6055,2.0133
0.28371,2.8113,3.5979,2.0159
0.29136,2.8215,3.5902,2.0057
0.27861,2.8241,3.6055,2.0133
0.28626,2.8113,3.5979,2.0184
0.28371,2.8164,3.5979,2.0108
0.28371,2.819,3.6055,2.0133
0.29136,2.8113,3.5979,2.0184
0.29136,2.8241,3.5928,2.0057
0.27607,2.819,3.6055,2.0108
0.28116,2.8164,3.6004,2.0108
0.29136,2.8164,3.5979,2.0133
0.28371,2.819,3.5979,2.0108
0.28626,2.8113,3.6004,2.0159
0.29136,2.8164,3.5953,2.0133
0.28626,2.8241,3.5979,2.0057
0.27861,2.8164,3.6055,2.0159
0.29136,2.8113,3.5953,2.0108
0.29136,2.8241,3.5953,2.0057
0.27607,2.819,3.6055,2.0108
0.28626,2.8113,3.603,2.0159
0.29136,2.8164,3.5953,2.0108
0.28626,2.8164,3.6004,2.0082
0.28371,2.819,3.603,2.0133
0.29136,2.819,3.5953,2.0082
0.27607,2.8241,3.603,2.0031
0.27861,2.819,3.6081,2.0133
0.29136,2.8113,3.5953,2.0082
0.28626,2.8241,3.6055,2.0057
0.27861,2.8139,3.6106,2.0082
0.28626,2.8164,3.603,2.0082
0.29136,2.8241,3.6004,2.0006
0.27861,2.8215,3.6106,2.0057
0.27861,2.8113,3.6055,2.0133
0.29136,2.8139,3.6004,2.0057
0.28626,2.8215,3.6055,2.0057
0.28116,2.819,3.6132,2.0057
0.28626,2.8164,3.6106,2.0057
0.29136,2.8164,3.6004,2.0057
0.28371,2.8215,3.6081,2.0082
0.28116,2.8164,3.6055,2.0057
0.28626,2.8113,3.6081,2.0108
0.29136,2.8139,3.603,2.0057
0.28626,2.8215,3.6157,2.0006
0.28116,2.8164,3.6157,2.0133
0.28626,2.8088,3.6081,2.0108
0.29646,2.8164,3.603,2.0057
0.28626,2.8139,3.6106,1.998
0.28626,2.8164,3.6106,2.0057
0.28626,2.819,3.6106,2.0082
0.28881,2.8139,3.6106,2.0057
0.28626,2.8139,3.6106,1.998
0.28881,2.8139,3.6106,2.0031
0.28626,2.8139,3.6132,2.0082
0.28881,2.8139,3.6132,2.0031
0.28626,2.8164,3.6157,1.998
0.28626,2.8164,3.6132,2.0031
0.28116,2.8113,3.6208,2.0082
0.29646,2.8139,3.6106,2.0031
0.28626,2.8215,3.6132,1.9955
0.28116,2.8164,3.6208,2.0057
0.28881,2.8113,3.6081,2.0082
0.29391,2.8215,3.6106,1.9955
0.28116,2.8164,3.6208,2.0006
0.28626,2.8062,3.6157,2.0057
0.29646,2.8164,3.6081,2.0006
0.28626,2.8164,3.6157,2.0031
0.28881,2.8088,3.6157,2.0057
0.29646,2.8139,3.6055,2.0031
0.28881,2.8215,3.6132,1.9955
0.28116,2.8164,3.6183,2.0006
0.28881,2.8113,3.6055,2.0031
0.28881,2.8215,3.6106,2.0031
0.28626,2.8164,3.6183,2.0031
0.28881,2.8164,3.6132,2.0031
0.28626,2.8241,3.6106,1.998
0.28371,2.8088,3.6183,2.0108
0.29391,2.8113,3.6055,2.0108
0.29646,2.8241,3.6055,1.9955
0.28116,2.8164,3.6208,2.0031
0.28881,2.8113,3.6157,2.0082
0.29391,2.8215,3.6081,1.9955
0.28116,2.8164,3.6208,2.0031
0.28626,2.8113,3.6157,2.0057
0.28626,2.8164,3.6106,2.0006
0.28881,2.8139,3.6132,2.0006
0.28881,2.8164,3.6132,2.0006
0.28881,2.8139,3.6157,2.0006
0.28881,2.819,3.6157,1.9929
0.28881,2.8139,3.6132,2.0006
0.28881,2.8113,3.6157,2.0082
0.29391,2.8139,3.6081,2.0031
0.28626,2.8241,3.6157,1.9955
0.28371,2.8164,3.6208,2.0006
0.28881,2.8113,3.6157,2.0082
0.29391,2.8241,3.6055,1.9955
0.28371,2.8164,3.6208,2.0031
0.28881,2.8088,3.6132,2.0006
0.29646,2.8164,3.6055,2.0031
0.28881,2.8241,3.6106,1.998
0.28371,2.819,3.6208,2.0006
0.28626,2.8164,3.6132,2.0006
0.28881,2.8164,3.6132,1.9955
0.28881,2.8164,3.6106,2.0031
0.28626,2.8113,3.6132,2.0057
0.29391,2.8241,3.6081,1.9955
0.28116,2.8241,3.6106,1.9929
0.28371,2.8113,3.6183,2.0057
0.29391,2.8113,3.6055,2.0006
0.28881,2.8215,3.6132,1.9955
0.28116,2.8164,3.6208,2.0057
0.28881,2.8113,3.6055,2.0082
0.29646,2.8215,3.6081,1.9955
0.28371,2.8215,3.6183,2.0031
0.28116,2.8088,3.6183,2.0082
0.29136,2.819,3.6132,2.0006
0.29136,2.8241,3.6132,1.9955
0.28371,2.8164,3.6208,2.0031
0.29136,2.8113,3.6132,2.0082
0.29646,2.8139,3.6081,2.0006
0.29136,2.8241,3.6157,1.9955
0.28626,2.819,3.6183,2.0006
0.28626,2.8113,3.6157,2.0082
0.28881,2.8164,3.6132,2.0006
0.29136,2.8241,3.6132,1.9929
0.28881,2.8164,3.6132,2.0031
0.28371,2.8113,3.6183,2.0082
0.29646,2.8113,3.6081,2.0031
0.28881,2.8215,3.6132,1.9955
0.28116,2.8139,3.6183,2.0006
0.29136,2.819,3.6132,2.0057
0.29136,2.8139,3.6157,2.0006
0.28881,2.819,3.6132,1.9929
0.29136,2.8164,3.6157,2.0031
0.28371,2.8113,3.6208,2.0057
0.29646,2.8113,3.6106,2.0057
0.29646,2.8241,3.6106,1.9955
0.29136,2.8241,3.6208,1.9955
0.28116,2.8113,3.6234,2.0057
0.29136,2.8113,3.6106,2.0057
0.29646,2.8164,3.6106,1.9955
0.28371,2.8241,3.6208,2.0006
0.28371,2.8113,3.6208,2.0057
0.29646,2.8164,3.6106,2.0006
0.29136,2.8241,3.6157,1.9955
0.28116,2.8164,3.6208,2.0006
0.28881,2.8113,3.6132,2.0057
0.29391,2.8113,3.6081,2.0006
0.29646,2.8215,3.6081,1.9955
0.28371,2.8215,3.6183,1.9955
0.28116,2.819,3.6132,2.0006
0.28881,2.8164,3.6132,2.0031
0.29646,2.8241,3.6055,1.998
0.28116,2.8241,3.6157,2.0006
0.28371,2.8113,3.6132,2.0108
0.29391,2.8164,3.603,2.0031
0.29136,2.8241,3.6132,1.9955
0.28371,2.819,3.6183,2.0031
0.28881,2.8113,3.6106,2.0108
0.29391,2.8164,3.6081,1.998
0.28881,2.8215,3.6106,1.998
0.28371,2.8164,3.6157,2.0031
0.28881,2.8113,3.6132,2.0082
0.29646,2.8164,3.6055,1.9955
0.28881,2.8215,3.6106,1.998
0.28371,2.819,3.6157,2.0082
0.28626,2.8113,3.6106,2.0057
0.29391,2.819,3.603,2.0031
0.28626,2.8241,3.6106,1.998
0.28881,2.8164,3.6132,2.0057
0.28626,2.8164,3.6132,2.0082
0.29646,2.8113,3.6055,2.0057
0.29646,2.8241,3.6055,1.9955
0.28371,2.8215,3.6183,1.998
0.28371,2.8088,3.6183,2.0057
0.29646,2.8113,3.6055,2.0082
0.28881,2.8215,3.6157,1.9955
0.28116,2.8164,3.6208,2.0006
0.29136,2.8113,3.6157,2.0057
0.29646,2.8215,3.6081,1.998
0.28116,2.8215,3.6208,2.0031
0.28626,2.8113,3.6132,2.0031
0.29391,2.8164,3.603,2.0057
0.28626,2.8215,3.6157,1.998
0.28116,2.8113,3.6157,2.0108
0.29136,2.8113,3.603,2.0133
0.29391,2.8241,3.603,2.0006
0.28116,2.8241,3.6157,2.0057
0.28626,2.8113,3.6081,2.0108
0.29391,2.8164,3.6004,2.0057
0.28626,2.819,3.6055,2.0006
0.28371,2.8164,3.6132,2.0133
0.28626,2.8113,3.603,2.0133
0.29136,2.8164,3.5979,2.0082
0.28626,2.8241,3.6106,2.0006
0.28116,2.8113,3.6106,2.0133
0.29136,2.8113,3.6004,2.0133
0.29391,2.8215,3.5979,2.0006
0.27861,2.8241,3.6106,2.0057
0.28626,2.8113,3.603,2.0159
0.29136,2.8241,3.5953,2.0031
0.27607,2.8241,3.6081,2.0031
0.27861,2.8113,3.6055,2.0159
0.29136,2.8113,3.5953,2.0082
0.28626,2.8241,3.603,2.0057
0.27861,2.8164,3.6081,2.0082
0.28371,2.8088,3.6004,2.0159
0.29136,2.8215,3.5928,2.0031
0.27607,2.8241,3.6004,2.0031
0.27861,2.819,3.6055,2.0184
0.28371,2.8139,3.5979,2.0159
0.29136,2.819,3.5902,2.0108
0.28371,2.819,3.5953,2.0057
0.28371,2.8164,3.5979,2.0133
0.28371,2.819,3.5979,2.0184
0.28371,2.819,3.5953,2.0133
0.28881,2.8241,3.5902,2.0057
0.27607,2.8241,3.603,2.0057
0.27607,2.819,3.603,2.021
0.28626,2.8139,3.5953,2.021
0.29136,2.8241,3.5928,2.0057
0.27607,2.8241,3.5953,2.0082
0.27861,2.819,3.603,2.0184
0.28371,2.8113,3.5953,2.021
0.29136,2.819,3.5928,2.0133
0.28626,2.8241,3.5979,2.0057
0.27861,2.8164,3.603,2.0108
0.28371,2.8113,3.6004,2.0184
0.29136,2.819,3.5928,2.0108
0.28371,2.8241,3.6004,2.0057
0.27607,2.819,3.6081,2.0108
0.28116,2.8164,3.6004,2.0108
0.28626,2.819,3.603,2.0057
0.27861,2.819,3.6055,2.0082
0.28626,2.8113,3.5953,2.0159
0.28626,2.819,3.603,2.0108
0.28626,2.8241,3.603,2.0057
0.28626,2.819,3.603,2.0082
0.28371,2.819,3.6055,2.0082
0.28626,2.8164,3.6055,2.0031
0.28371,2.819,3.603,2.0082
0.28371,2.8164,3.603,2.0159
0.28371,2.8164,3.6055,2.0082
0.28371,2.8241,3.603,2.0031
0.27861,2.819,3.6106,2.0082
0.28371,2.8113,3.603,2.0133
0.28626,2.8164,3.5953,2.0082
0.28371,2.8164,3.603,2.0082
0.28626,2.8164,3.6004,2.0082
0.28116,2.819,3.6004,2.0108
0.28881,2.8164,3.603,2.0108
0.28371,2.819,3.5979,2.0108
0.28116,2.819,3.6004,2.0108
0.28371,2.819,3.5979,2.0133
0.29136,2.819,3.5928,2.0133
0.28371,2.8164,3.5979,2.0108
0.28371,2.819,3.6004,2.0184
0.28371,2.8164,3.5928,2.0108
0.28371,2.8164,3.5953,2.0057
0.27607,2.819,3.6055,2.0108
0.28371,2.8139,3.5979,2.021
0.28881,2.8139,3.5928,2.0133
0.27607,2.8266,3.6004,2.0057
0.27861,2.8113,3.6055,2.0184
0.28881,2.819,3.5928,2.0108
0.28371,2.8241,3.5979,2.0057
0.27607,2.8164,3.6055,2.0133
0.28371,2.8113,3.5979,2.0133
0.28371,2.819,3.6004,2.0133
0.28371,2.8164,3.5979,2.0108
0.28371,2.819,3.5979,2.021
0.29136,2.819,3.5928,2.0082
0.28626,2.8241,3.6004,2.0031
0.27861,2.8164,3.6055,2.0108
0.28371,2.8113,3.6004,2.0184
0.28881,2.819,3.5928,2.0108
0.27607,2.8241,3.6004,2.0057
0.27607,2.819,3.6004,2.0108
0.28371,2.819,3.6004,2.0133
0.28371,2.8164,3.5928,2.0031
0.28116,2.8241,3.6081,2.0057
0.27607,2.8113,3.6081,2.0159
0.28881,2.8113,3.5953,2.0108
0.28626,2.8241,3.5979,2.0057
0.27861,2.8164,3.6081,2.0108
0.27861,2.8113,3.6081,2.0159
0.29136,2.8113,3.5953,2.0082
0.29136,2.8241,3.5953,2.0031
0.27861,2.8241,3.6106,2.0082
0.27861,2.8113,3.6106,2.0159
0.29136,2.8113,3.5979,2.0082
0.29136,2.8241,3.5979,2.0031
0.27861,2.8215,3.6132,2.0031
0.27607,2.8113,3.6132,2.0133
0.28626,2.8088,3.603,2.0133
0.29136,2.819,3.6004,2.0006
0.27861,2.8241,3.6157,2.0006
0.28116,2.8088,3.6132,2.0133
0.29136,2.8113,3.6055,2.0133
0.29136,2.8241,3.603,2.0006
0.27861,2.8241,3.6157,2.0031
0.28626,2.8139,3.6106,2.0082
0.29136,2.8139,3.6055,2.0031
0.28626,2.8215,3.6106,2.0006
0.27861,2.8164,3.6183,2.0108
0.28626,2.8088,3.6132,2.0108
0.29136,2.8139,3.6081,1.998
0.28626,2.8215,3.6132,1.998
0.28116,2.8139,3.6208,2.0057
0.28626,2.8062,3.6157,2.0082
0.29391,2.8139,3.6106,2.0031
0.28626,2.8215,3.6157,1.998
0.28116,2.8139,3.6234,2.0006
0.28626,2.8088,3.6157,2.0082
0.29391,2.8139,3.6132,2.0031
0.28881,2.8215,3.6208,1.9955
0.28371,2.8139,3.6259,2.0006
0.28881,2.8062,3.6234,2.0082
0.29391,2.8139,3.6132,1.9955
0.28116,2.8215,3.6259,1.9929
0.28371,2.8088,3.6285,2.0057
0.29391,2.8139,3.6157,2.0006
0.28881,2.8215,3.6234,1.998
0.28881,2.8164,3.6234,2.0006
0.29646,2.8088,3.6234,1.998
0.28881,2.819,3.6234,1.9929
0.28116,2.8088,3.631,1.998
0.29646,2.8088,3.6157,2.0057
0.29391,2.819,3.6157,1.9929
0.28371,2.8139,3.631,1.998
0.28881,2.8062,3.6259,1.998
0.29646,2.8139,3.6259,2.0006
0.28881,2.8139,3.6234,2.0006
0.28371,2.8139,3.6259,1.9955
0.29136,2.8139,3.6259,1.9955
0.29391,2.8139,3.6259,1.9929
0.29136,2.8139,3.6285,1.9955
0.28881,2.8139,3.6285,2.0031
0.28881,2.8139,3.631,1.9878
0.28881,2.8215,3.631,1.9878
0.28371,2.8113,3.6387,2.0006
0.29901,2.8088,3.6259,2.0006
0.29646,2.819,3.631,1.9853
0.28626,2.8139,3.6387,1.9955
0.29136,2.8037,3.6361,1.9929
0.29391,2.8139,3.6361,1.9929
0.29391,2.8113,3.6361,1.9955
0.29136,2.8113,3.6463,1.9955
0.29646,2.8037,3.6361,1.998
0.29646,2.8164,3.631,1.9853
0.29136,2.819,3.6438,1.9853
0.28371,2.8037,3.6438,1.9955
0.29136,2.8037,3.631,2.0006
0.29901,2.819,3.6336,1.9853
0.29136,2.8113,3.6412,1.9929
0.29136,2.8139,3.6387,1.9878
0.29391,2.8139,3.6412,1.9904
0.29391,2.8113,3.6387,1.9904
0.29391,2.8139,3.6387,1.9904
0.29136,2.8139,3.6438,1.998
0.29136,2.8113,3.6361,1.9904
0.29136,2.819,3.6412,1.9827
0.28626,2.8113,3.6489,1.9904
0.29136,2.8062,3.6361,1.9955
0.29646,2.819,3.6361,1.9827
0.28626,2.8139,3.6438,1.9878
0.29136,2.8037,3.6438,1.9955
0.29646,2.8164,3.6361,1.9827
0.28626,2.819,3.6463,1.9827
0.28881,2.8062,3.6463,1.9929
0.29646,2.8037,3.6361,1.9878
0.29646,2.8164,3.6361,1.9827
0.28626,2.819,3.6463,1.9878
0.29391,2.8037,3.6438,1.9955
0.29646,2.8113,3.6361,1.9904
0.29391,2.8164,3.6412,1.9827
0.28626,2.8113,3.6489,1.9878
0.29391,2.8062,3.6361,1.9955
0.29901,2.819,3.6361,1.9827
0.28626,2.8139,3.6463,1.9904
0.29391,2.8037,3.6412,1.9955
0.29646,2.8139,3.6361,1.9904
0.29136,2.819,3.6412,1.9904
0.28626,2.8113,3.6438,1.9904
0.29136,2.8037,3.6387,1.9929
0.29901,2.8139,3.6336,1.9929
0.29391,2.819,3.6361,1.9904
0.29136,2.8113,3.6361,1.9929
0.29391,2.8037,3.631,1.9929
0.29391,2.819,3.6361,1.9929
0.28626,2.8139,3.6361,1.9955
0.29136,2.8139,3.6361,1.9929
0.29136,2.8215,3.6361,1.9853
0.28371,2.8139,3.6412,1.9929
0.29901,2.8062,3.631,2.0006
0.29136,2.819,3.6361,1.9853
0.28626,2.8113,3.6412,1.9955
0.29136,2.8139,3.6361,1.9929
0.29646,2.8139,3.6336,1.9955
0.29136,2.8139,3.6361,1.9878
0.28626,2.8062,3.6412,1.998
0.29646,2.8062,3.6285,1.9955
0.29646,2.819,3.6285,1.9878
0.28626,2.8215,3.6361,1.9955
0.29136,2.8062,3.6336,2.0031
0.29646,2.8139,3.6259,1.9955
0.29136,2.8215,3.6387,1.9904
0.28626,2.8139,3.6361,2.0031
0.29646,2.8088,3.6336,2.0006
0.29901,2.8139,3.6259,1.9904
0.28626,2.8215,3.6361,1.9904
0.28626,2.8164,3.6361,2.0031
0.29136,2.8062,3.6234,2.0031
0.29901,2.8139,3.6234,1.9904
0.29136,2.8215,3.6285,1.9904
0.28371,2.8139,3.6336,1.998
0.28371,2.8088,3.6361,2.0031
0.29901,2.8139,3.6208,1.998
0.29136,2.819,3.6259,1.9904
0.28371,2.8139,3.6361,2.0006
0.28881,2.8088,3.6259,2.0031
0.29646,2.8139,3.6208,1.9955
0.28881,2.8215,3.6259,1.9904
0.29136,2.8139,3.6259,1.998
0.29136,2.8139,3.6157,1.998
0.28881,2.8215,3.6234,1.9955
0.28371,2.8164,3.6259,1.998
0.29136,2.8164,3.6183,1.9955
0.28881,2.8215,3.6208,1.9929
0.28371,2.8164,3.631,2.0057
0.29136,2.8113,3.6234,2.0057
0.29646,2.8139,3.6183,1.998
0.28881,2.8241,3.6259,1.998
0.28371,2.8164,3.6234,1.998
0.28881,2.8139,3.6234,1.998
0.29136,2.8164,3.6234,1.9929
0.29136,2.8164,3.6234,2.0006
0.29136,2.8139,3.6259,2.0031
0.28881,2.8139,3.6234,1.998
0.28881,2.8215,3.6259,1.9904
0.28371,2.8164,3.631,2.0031
0.29646,2.8113,3.6183,2.0057
0.28881,2.819,3.6259,1.9929
0.28371,2.8164,3.6336,1.998
0.29136,2.8113,3.6259,2.0031
0.29646,2.8215,3.6208,1.9904
0.28371,2.8139,3.6336,1.9955
0.29136,2.8139,3.6285,1.9955
0.29136,2.8139,3.6285,1.9929
0.28116,2.8139,3.6336,2.0006
0.29646,2.8088,3.6234,1.9955
0.29136,2.819,3.6285,1.9955
0.29136,2.8139,3.6285,1.9955
0.28881,2.8088,3.6285,1.9955
0.29391,2.8139,3.6285,1.9955
0.28881,2.8164,3.631,1.9955
0.29136,2.8139,3.6285,2.0006
0.29136,2.8139,3.631,1.9955
0.29646,2.8215,3.6234,1.9878
0.28371,2.8215,3.6361,1.9878
0.28881,2.8139,3.631,1.9955
0.29136,2.8113,3.631,1.9929
0.29136,2.8139,3.631,1.9904
0.29136,2.8139,3.631,1.9955
0.28881,2.8139,3.631,1.998
0.29646,2.8139,3.6259,1.9955
0.29136,2.8215,3.631,1.9853
0.28371,2.8088,3.6361,1.998
0.29646,2.8139,3.6259,1.9955
0.28626,2.8215,3.6361,1.9878
