4.4133,0.87389,3.3583,2.1536
4.4235,0.86879,3.343,2.1536
4.4209,0.88154,3.3506,2.1434
4.4133,0.87389,3.3583,2.1485
4.4158,0.87389,3.3532,2.1485
4.4184,0.88154,3.3506,2.1434
4.4133,0.86879,3.3506,2.1561
4.426,0.87389,3.3506,2.1485
4.4209,0.87644,3.3506,2.1485
4.4184,0.87389,3.3532,2.1587
4.426,0.87389,3.3481,2.151
4.4209,0.88154,3.3506,2.1459
4.4158,0.86879,3.3557,2.1485
4.426,0.86879,3.3506,2.1485
4.4209,0.87644,3.3506,2.1485
4.4235,0.87644,3.3506,2.1485
4.4209,0.87134,3.3506,2.1561
4.426,0.87644,3.3455,2.1485
4.4184,0.88154,3.3506,2.1434
4.4158,0.87644,3.3557,2.1485
4.4235,0.87134,3.343,2.1561
4.426,0.88154,3.343,2.1459
4.4133,0.88154,3.3557,2.1485
4.4158,0.86879,3.3532,2.1561
4.426,0.87389,3.343,2.1485
4.4209,0.88154,3.3481,2.1485
4.4209,0.87644,3.3506,2.1485
4.4235,0.87389,3.3481,2.1485
4.426,0.88154,3.3481,2.1459
4.4158,0.87644,3.3506,2.1485
4.4209,0.87134,3.343,2.1561
4.4286,0.87389,3.3404,2.1434
4.4235,0.87899,3.3481,2.1459
4.4158,0.87389,3.3532,2.1561
4.4235,0.86879,3.3404,2.1587
4.4311,0.88154,3.3379,2.1434
4.4184,0.87389,3.3557,2.151
4.4235,0.86879,3.3481,2.1561
4.4235,0.87644,3.3481,2.1459
4.4184,0.87644,3.3506,2.151
4.4311,0.86624,3.3404,2.1485
4.4235,0.87389,3.3455,2.1459
4.4184,0.87389,3.3506,2.151
4.426,0.87134,3.3481,2.1561
4.4311,0.88154,3.3404,2.1459
4.4184,0.87644,3.3532,2.1485
4.426,0.87389,3.3481,2.1485
4.4235,0.87389,3.3455,2.1459
4.4184,0.87389,3.3532,2.151
4.426,0.86879,3.3404,2.1587
4.4311,0.87644,3.3481,2.1459
4.4209,0.87389,3.3532,2.1561
4.4337,0.86879,3.3404,2.151
4.426,0.88154,3.3481,2.1485
4.426,0.87644,3.3481,2.151
4.426,0.87644,3.3404,2.151
4.426,0.88409,3.3481,2.1459
4.4209,0.86879,3.3532,2.1587
4.4337,0.87644,3.3404,2.1485
4.426,0.87644,3.3455,2.151
4.4235,0.86879,3.3481,2.1561
4.4337,0.88154,3.343,2.1434
4.4209,0.87389,3.3532,2.1485
4.4286,0.87644,3.3481,2.151
4.426,0.87899,3.3455,2.1459
4.4184,0.86624,3.3557,2.1536
4.4311,0.87644,3.3404,2.1536
4.426,0.88154,3.3481,2.151
4.4235,0.86879,3.3481,2.1587
4.4311,0.87644,3.3404,2.1459
4.4158,0.88154,3.3557,2.151
4.4235,0.87134,3.3481,2.1561
4.4235,0.87644,3.3506,2.1434
4.4158,0.87644,3.3557,2.1485
4.4209,0.86879,3.3506,2.1587
4.4286,0.88409,3.343,2.151
4.4235,0.87644,3.3506,2.1485
4.4209,0.87644,3.3506,2.1561
4.426,0.87389,3.3455,2.1434
4.4235,0.88154,3.3481,2.1459
4.4158,0.87644,3.3557,2.151
4.4235,0.87389,3.3506,2.1485
4.4209,0.87389,3.3481,2.1434
4.4209,0.87389,3.3506,2.1485
4.4209,0.87644,3.3506,2.1536
4.426,0.87389,3.3455,2.151
4.4209,0.88154,3.3506,2.1434
4.4158,0.86879,3.3583,2.1561
4.426,0.87134,3.3455,2.1587
4.426,0.88154,3.3455,2.1434
4.4158,0.88409,3.3583,2.1485
4.4209,0.86879,3.3506,2.1587
4.4235,0.87389,3.3506,2.151
4.4209,0.87899,3.3506,2.1459
4.4158,0.87644,3.3506,2.1485
4.4209,0.87644,3.3532,2.151
4.4235,0.87644,3.3506,2.1459
4.4158,0.87644,3.3557,2.1485
4.4184,0.87644,3.3506,2.1485
4.4184,0.87134,3.3506,2.1459
4.4158,0.87644,3.3583,2.1485
4.4209,0.87134,3.343,2.1561
4.4286,0.88409,3.3455,2.151
4.4209,0.87644,3.3506,2.1485
4.4184,0.87644,3.3532,2.1561
4.4209,0.87389,3.3506,2.1485
4.426,0.88154,3.3455,2.1434
4.4158,0.88154,3.3557,2.1485
4.4133,0.86879,3.3583,2.1561
4.426,0.87389,3.3455,2.1485
4.4184,0.88409,3.3506,2.1408
4.4133,0.87644,3.3583,2.1485
4.4184,0.86879,3.3506,2.1561
4.4235,0.87644,3.3455,2.151
4.4184,0.87899,3.3506,2.1485
4.4209,0.87644,3.3506,2.1485
4.4184,0.87389,3.3506,2.1459
4.4184,0.87644,3.3506,2.1434
4.4133,0.87644,3.3583,2.1485
4.4235,0.87389,3.3481,2.1561
4.4184,0.88154,3.3506,2.1459
4.4184,0.87644,3.3506,2.1485
4.426,0.87899,3.343,2.1408
4.4133,0.88154,3.3583,2.1459
4.4184,0.87134,3.3506,2.1536
4.4235,0.88154,3.343,2.1408
4.4107,0.87389,3.3583,2.1485
4.4158,0.86879,3.3506,2.1485
4.4158,0.87389,3.3455,2.1408
4.4082,0.87389,3.3583,2.1485
4.4158,0.86879,3.3506,2.1485
4.4158,0.87644,3.3532,2.1459
4.4158,0.87389,3.3532,2.1459
4.4133,0.86879,3.3506,2.151
4.4209,0.88154,3.3481,2.1408
4.4107,0.87644,3.3608,2.1434
4.4158,0.86879,3.3532,2.151
4.4209,0.88154,3.3481,2.1408
4.4107,0.87389,3.3506,2.1459
4.4133,0.87644,3.3532,2.1459
4.4158,0.88154,3.3532,2.1408
4.4107,0.86879,3.3608,2.1459
4.4209,0.86879,3.3455,2.1459
4.4184,0.88409,3.3532,2.1459
4.4158,0.87389,3.3532,2.1459
4.4209,0.87389,3.3481,2.1408
4.4158,0.88154,3.3506,2.1383
4.4107,0.86879,3.3583,2.1536
4.4209,0.87644,3.3455,2.1485
4.4158,0.88154,3.3532,2.1383
4.4158,0.87389,3.3506,2.1536
4.4235,0.87644,3.3455,2.1459
4.4184,0.88154,3.3506,2.1383
4.4107,0.86879,3.3557,2.1536
4.4235,0.87644,3.3455,2.1459
4.4184,0.87644,3.3506,2.1459
4.4158,0.86879,3.3506,2.1536
4.426,0.87644,3.3455,2.1434
4.4133,0.87389,3.3557,2.1459
4.4209,0.86879,3.3506,2.1561
4.4184,0.87644,3.3506,2.1459
4.4133,0.87389,3.3506,2.1485
4.426,0.87134,3.3404,2.1536
4.426,0.88409,3.3404,2.1434
4.4158,0.87389,3.3557,2.1485
4.4209,0.86624,3.3404,2.1561
4.4286,0.88154,3.3404,2.1434
4.4158,0.87644,3.3532,2.1485
4.4235,0.87389,3.3481,2.1485
4.4311,0.87389,3.3481,2.151
4.4158,0.87389,3.3532,2.1561
4.4286,0.86879,3.3404,2.1485
4.4235,0.88154,3.3455,2.1459
4.4158,0.86624,3.3506,2.1561
4.4286,0.87389,3.3404,2.151
4.4209,0.87644,3.3481,2.1485
4.4235,0.87389,3.343,2.1485
4.4286,0.87644,3.3379,2.1485
4.4209,0.88154,3.343,2.1434
4.4184,0.86879,3.3506,2.1587
4.4311,0.87389,3.3404,2.151
4.4158,0.87389,3.3506,2.1485
4.4311,0.86879,3.3379,2.1485
4.426,0.88154,3.3455,2.1434
4.4235,0.87389,3.3506,2.1485
4.4235,0.87389,3.3455,2.1485
4.426,0.88154,3.3404,2.1434
4.4209,0.87389,3.3481,2.1561
4.4286,0.86879,3.3379,2.151
4.4235,0.88154,3.3455,2.1434
4.4158,0.87389,3.3506,2.1561
4.4311,0.86624,3.3353,2.1561
4.4337,0.88154,3.3455,2.1434
4.4184,0.87389,3.3506,2.1485
4.426,0.87389,3.3455,2.1485
4.4235,0.88154,3.3455,2.1434
4.4184,0.87644,3.3506,2.1561
4.4311,0.87389,3.3379,2.1434
4.4184,0.88154,3.3532,2.1485
4.4235,0.86879,3.3404,2.1561
4.4286,0.87389,3.3404,2.151
4.4235,0.87389,3.3455,2.1485
4.426,0.86879,3.343,2.1561
4.4311,0.87899,3.3379,2.1434
4.4184,0.88154,3.3455,2.1459
4.4209,0.86879,3.3481,2.1561
4.4311,0.87389,3.3379,2.151
4.426,0.88154,3.3404,2.1434
4.4209,0.87644,3.3506,2.1561
4.4311,0.86624,3.3379,2.1485
4.426,0.88154,3.343,2.1434
4.4184,0.86879,3.3506,2.1561
4.4311,0.87389,3.3353,2.1485
4.4235,0.88154,3.3404,2.1434
4.426,0.86624,3.343,2.1587
4.4311,0.87389,3.3379,2.1434
4.4209,0.87644,3.3481,2.151
4.4235,0.86879,3.343,2.1561
4.426,0.87389,3.343,2.151
4.4184,0.87389,3.3506,2.1485
4.4337,0.86879,3.343,2.1587
4.4337,0.87899,3.3353,2.1434
4.4158,0.87389,3.3506,2.1485
4.4235,0.87389,3.343,2.1485
4.4235,0.88154,3.343,2.1485
4.4235,0.87389,3.343,2.1561
4.4311,0.87389,3.3379,2.1485
4.4184,0.88154,3.3481,2.1485
4.4235,0.87134,3.343,2.1485
4.426,0.87389,3.3404,2.1434
4.4158,0.87644,3.3506,2.1587
4.4311,0.86624,3.3379,2.1561
4.4235,0.88154,3.3455,2.1434
4.4158,0.86624,3.3506,2.1587
4.4286,0.86879,3.3379,2.1485
4.4235,0.88154,3.3455,2.1434
4.4184,0.87644,3.3455,2.1561
4.4311,0.87389,3.3379,2.1408
4.4209,0.88154,3.3532,2.1434
4.426,0.86624,3.343,2.1561
4.426,0.87389,3.3455,2.1485
4.4158,0.87389,3.3506,2.151
4.426,0.87389,3.3455,2.1485
4.426,0.88154,3.343,2.1459
4.4184,0.86624,3.3506,2.1587
4.4311,0.87389,3.3353,2.151
4.426,0.87389,3.343,2.1485
4.426,0.86879,3.343,2.1561
4.4337,0.88154,3.3328,2.1434
4.4184,0.87389,3.3506,2.1485
4.426,0.86879,3.3404,2.1536
4.4337,0.88154,3.3379,2.1434
4.4209,0.87389,3.343,2.151
4.426,0.87389,3.343,2.151
4.4235,0.88154,3.3481,2.1459
4.4209,0.86879,3.3506,2.1587
4.4337,0.87389,3.3379,2.1485
4.426,0.87389,3.343,2.1485
4.426,0.86879,3.343,2.1587
4.4337,0.87899,3.3353,2.1434
4.4184,0.87389,3.3481,2.1485
4.4311,0.87389,3.3404,2.151
4.4286,0.87899,3.343,2.1434
4.4184,0.86879,3.3506,2.1561
4.4362,0.87389,3.3404,2.1485
4.4184,0.87389,3.3481,2.151
4.4337,0.86624,3.3353,2.151
4.426,0.87899,3.3404,2.1485
4.4286,0.87389,3.3404,2.1561
4.4311,0.87389,3.3353,2.1485
4.4184,0.88154,3.3455,2.1485
4.426,0.86879,3.343,2.1561
4.426,0.87389,3.3404,2.1434
4.4184,0.87389,3.3455,2.1587
4.4337,0.87389,3.3353,2.1485
4.4286,0.87134,3.3404,2.1485
4.426,0.86624,3.3404,2.1485
4.426,0.87644,3.3404,2.1434
4.4184,0.86624,3.3404,2.1536
4.426,0.87389,3.343,2.1485
4.4209,0.87389,3.3506,2.1536
4.4337,0.86624,3.3379,2.1485
4.4235,0.88154,3.3404,2.1485
4.4158,0.86624,3.3481,2.1536
4.4286,0.87389,3.3379,2.1485
4.4235,0.87389,3.3506,2.1485
4.4235,0.86624,3.3379,2.1561
4.4286,0.88154,3.3379,2.1434
4.4158,0.87389,3.3481,2.1485
4.4286,0.86879,3.3404,2.1459
4.4235,0.87389,3.3455,2.1459
4.4184,0.86879,3.3455,2.1561
4.4235,0.87899,3.3404,2.1408
4.4133,0.87389,3.3481,2.1485
4.4158,0.87389,3.3481,2.1485
4.4184,0.88154,3.3481,2.1408
4.4107,0.86624,3.3557,2.151
4.4235,0.87389,3.3404,2.1459
4.4107,0.88154,3.3506,2.1459
4.4158,0.87389,3.3506,2.1485
4.4235,0.87389,3.343,2.1434
4.4107,0.88154,3.3532,2.1408
4.4158,0.86624,3.3481,2.151
4.4209,0.87389,3.3404,2.1383
4.4107,0.88409,3.3557,2.1434
4.4158,0.86879,3.3506,2.1434
4.4158,0.87644,3.343,2.1434
4.4158,0.87389,3.3506,2.1459
4.4133,0.86879,3.3506,2.1485
4.4158,0.87389,3.3506,2.1383
4.4107,0.87644,3.3583,2.1434
4.4209,0.86624,3.3455,2.1459
4.4133,0.88154,3.3506,2.1459
4.4133,0.87389,3.3506,2.1485
4.4209,0.87389,3.343,2.1357
4.4082,0.88154,3.3557,2.1434
4.4158,0.86624,3.3481,2.151
4.4158,0.87389,3.3506,2.1459
4.4082,0.87644,3.3557,2.1485
4.4158,0.86624,3.343,2.151
4.4235,0.87899,3.3455,2.1383
4.4107,0.87644,3.3532,2.1459
4.4133,0.87389,3.3506,2.1459
4.4209,0.88154,3.343,2.1408
4.4082,0.87644,3.3557,2.1459
4.4209,0.86624,3.3506,2.1536
4.4235,0.88154,3.343,2.1383
4.4107,0.87389,3.3557,2.1459
4.4158,0.86624,3.343,2.151
4.4235,0.87899,3.343,2.1408
4.4107,0.87389,3.3557,2.151
4.4158,0.86879,3.343,2.1536
4.4184,0.87389,3.3506,2.1408
4.4107,0.87644,3.3583,2.1485
4.4209,0.87134,3.343,2.151
4.4235,0.88154,3.343,2.1434
4.4107,0.87389,3.3557,2.1459
4.4184,0.87389,3.3506,2.1459
4.4158,0.87389,3.3506,2.1408
4.4107,0.87644,3.3557,2.1459
4.4184,0.87644,3.3506,2.1459
4.4158,0.87389,3.3506,2.1383
4.4107,0.87389,3.3557,2.151
4.4158,0.86879,3.3506,2.1536
4.4209,0.88154,3.343,2.1383
4.4107,0.88409,3.3557,2.1485
4.4184,0.86879,3.3506,2.1536
4.4235,0.87644,3.3404,2.1459
4.4184,0.87644,3.3506,2.1459
4.4158,0.87389,3.3481,2.151
4.4209,0.87644,3.3455,2.1459
4.4158,0.87389,3.3506,2.1485
4.4158,0.87389,3.3481,2.1536
4.4235,0.87644,3.3455,2.1485
4.4184,0.88154,3.3506,2.1408
4.4107,0.86879,3.3532,2.151
4.4235,0.87389,3.343,2.1459
4.4158,0.88154,3.3481,2.1408
4.4107,0.86879,3.3481,2.1536
4.4235,0.87644,3.3455,2.1459
4.4158,0.87899,3.3506,2.1485
4.4158,0.86879,3.3506,2.151
4.4209,0.88154,3.3455,2.1383
4.4133,0.88154,3.3557,2.1459
4.4158,0.87134,3.3481,2.151
4.426,0.87389,3.3455,2.1459
4.4158,0.87389,3.3506,2.1459
4.4158,0.86879,3.343,2.151
4.4235,0.88154,3.3455,2.1383
4.4107,0.87389,3.3557,2.1459
4.4158,0.87389,3.3506,2.1459
4.4184,0.88154,3.3506,2.1408
4.4107,0.87389,3.3481,2.1459
4.4235,0.87644,3.343,2.1459
4.4133,0.88154,3.3532,2.1408
4.4184,0.86879,3.3506,2.151
4.4235,0.87389,3.3455,2.1459
4.4184,0.87644,3.3506,2.1459
4.4184,0.86624,3.3506,2.1536
4.426,0.88154,3.343,2.1434
4.4133,0.87389,3.3557,2.1485
4.4209,0.87389,3.3455,2.1459
4.4107,0.88154,3.3557,2.1434
4.4209,0.86624,3.3506,2.1561
4.426,0.88154,3.343,2.1408
4.4133,0.87389,3.3557,2.1459
4.4184,0.87389,3.3481,2.1459
4.4184,0.88154,3.3506,2.1408
4.4133,0.86879,3.3583,2.1561
4.426,0.87389,3.343,2.1485
4.4184,0.87389,3.3481,2.1485
4.4158,0.86879,3.3506,2.1561
4.426,0.87389,3.343,2.1459
4.4209,0.87389,3.3481,2.1459
4.4184,0.87389,3.3506,2.1459
4.4209,0.87389,3.343,2.1485
4.4209,0.87899,3.3532,2.1434
4.4158,0.86879,3.3532,2.1536
4.4286,0.86879,3.3455,2.1485
4.4158,0.88154,3.3481,2.1408
4.4133,0.86624,3.3532,2.1536
4.426,0.87389,3.3404,2.1485
4.4184,0.87644,3.3506,2.1485
4.4184,0.86879,3.3481,2.1536
4.426,0.87389,3.343,2.1408
4.4133,0.87644,3.3532,2.1459
4.4209,0.87389,3.3481,2.1485
4.4184,0.87644,3.3506,2.1408
4.4133,0.87389,3.3532,2.1536
4.426,0.86879,3.3455,2.1536
4.426,0.88154,3.3506,2.1434
4.4133,0.87644,3.3506,2.1485
4.4184,0.87644,3.3506,2.1485
4.4184,0.88154,3.3506,2.1408
4.4133,0.86879,3.3557,2.1536
4.4235,0.87644,3.3455,2.1485
4.4184,0.87644,3.3532,2.1485
4.4158,0.87389,3.3506,2.151
4.4184,0.87389,3.3506,2.1485
4.4133,0.87389,3.3583,2.151
4.4235,0.86879,3.3455,2.1459
4.4158,0.88154,3.3506,2.1408
4.4133,0.87644,3.3557,2.151
4.4235,0.86879,3.3455,2.1485
4.4184,0.87389,3.3506,2.1485
4.4158,0.87644,3.3532,2.1561
4.4235,0.87644,3.3455,2.1434
4.4158,0.88154,3.3557,2.1408
4.4184,0.86879,3.3506,2.151
4.4209,0.87389,3.3506,2.1485
4.4107,0.87389,3.3583,2.1459
4.4209,0.86879,3.3455,2.1536
4.426,0.88154,3.3455,2.1408
4.4133,0.87644,3.3583,2.1485
4.4184,0.87644,3.3506,2.1485
4.4209,0.88154,3.3506,2.1434
4.4209,0.86879,3.3506,2.1561
4.426,0.87644,3.343,2.1459
4.4133,0.87389,3.3583,2.1485
4.4235,0.87134,3.343,2.1561
4.4184,0.87644,3.3506,2.1485
4.4184,0.87389,3.3506,2.1561
4.4235,0.87389,3.3455,2.1434
4.4133,0.87389,3.3557,2.1485
4.4158,0.87389,3.3506,2.1485
4.4158,0.88154,3.3506,2.1408
4.4133,0.86624,3.3583,2.1536
4.4235,0.87389,3.3455,2.1485
4.4184,0.87389,3.3506,2.1459
4.4184,0.86879,3.3506,2.1536
4.426,0.87899,3.3455,2.1434
4.4133,0.87644,3.3557,2.1485
4.4158,0.87389,3.3532,2.1485
4.4209,0.88154,3.3506,2.1434
4.4133,0.87644,3.3557,2.1561
4.426,0.86624,3.3506,2.1485
4.4184,0.88154,3.3506,2.1434
4.4158,0.86879,3.3583,2.1561
4.426,0.87389,3.3455,2.1459
4.4235,0.87389,3.3506,2.1434
4.4133,0.86624,3.3557,2.1536
4.426,0.87644,3.3481,2.151
4.4184,0.87389,3.3506,2.1485
4.4235,0.86879,3.3506,2.1561
4.426,0.88409,3.343,2.1434
4.4133,0.88154,3.3557,2.1485
4.4286,0.86879,3.3404,2.1561
4.4235,0.88154,3.3506,2.1434
4.4158,0.87644,3.3583,2.1485
4.4209,0.87644,3.3506,2.1536
4.4235,0.88154,3.3506,2.1434
4.4209,0.87644,3.3506,2.1561
4.4209,0.87389,3.3481,2.1485
4.4133,0.87644,3.3557,2.1485
4.4209,0.86879,3.3506,2.1536
4.4311,0.88154,3.3455,2.1434
4.4158,0.87644,3.3481,2.1485
4.4209,0.87644,3.3506,2.1485
4.426,0.88154,3.343,2.1434
4.4158,0.87644,3.3532,2.151
4.4235,0.87644,3.3506,2.1485
4.4235,0.88154,3.3506,2.1434
4.4184,0.87389,3.3557,2.1485
4.4235,0.87389,3.3481,2.1485
4.4235,0.88154,3.3481,2.1434
4.4184,0.87389,3.3532,2.151
4.4235,0.87389,3.3481,2.151
4.4235,0.88154,3.3506,2.1434
4.4184,0.86879,3.3557,2.1561
4.4337,0.86879,3.343,2.1485
4.4235,0.88154,3.3481,2.151
4.4184,0.87644,3.3532,2.1485
4.426,0.87644,3.3506,2.151
4.4235,0.88409,3.3481,2.1434
4.4184,0.86879,3.3557,2.1587
4.4311,0.87389,3.343,2.1485
4.4235,0.87389,3.3481,2.1485
4.426,0.86879,3.3481,2.151
4.4311,0.87389,3.3481,2.151
4.4184,0.87389,3.3532,2.1485
