0.72981,1.8656,2.7058,1.3758
0.74255,1.8732,2.693,1.3707
0.73746,1.8757,2.7007,1.3707
0.73746,1.8757,2.6981,1.3733
0.7451,1.8732,2.693,1.3631
0.73746,1.8808,2.7058,1.3656
0.73236,1.8757,2.7058,1.3733
0.73491,1.8757,2.7007,1.3733
0.73746,1.8808,2.6981,1.3656
0.73236,1.8732,2.7058,1.3707
0.74,1.8732,2.7007,1.3733
0.73491,1.8808,2.6981,1.3656
0.73236,1.8681,2.7058,1.3758
0.74255,1.8757,2.693,1.3733
0.73746,1.8834,2.7058,1.3682
0.73491,1.8681,2.7007,1.3758
0.73746,1.8706,2.693,1.3733
0.72981,1.8732,2.7058,1.3733
0.73491,1.8681,2.6905,1.3758
0.73746,1.8783,2.6981,1.3682
0.73236,1.8656,2.7058,1.3758
0.73746,1.8732,2.693,1.3707
0.73491,1.8732,2.6981,1.3656
0.73491,1.8656,2.6981,1.3758
0.73491,1.8732,2.693,1.3707
0.73236,1.8808,2.7058,1.3707
0.73491,1.8681,2.6981,1.3707
0.74,1.8732,2.6981,1.3707
0.73746,1.8757,2.6981,1.3707
0.73491,1.8656,2.6981,1.3784
0.74255,1.8757,2.693,1.3631
0.73236,1.8834,2.7058,1.3707
0.73491,1.8681,2.7007,1.3784
0.74255,1.8808,2.693,1.3631
0.72981,1.8808,2.7032,1.3733
0.73746,1.8681,2.7007,1.3707
0.73746,1.8757,2.7007,1.3707
0.72981,1.8757,2.7058,1.3707
0.73746,1.8656,2.6981,1.3733
0.74255,1.8808,2.693,1.3656
0.72981,1.8808,2.7083,1.3707
0.72981,1.8656,2.7083,1.3758
0.74255,1.8757,2.693,1.3707
0.73746,1.8757,2.6981,1.3656
0.73491,1.8656,2.7007,1.3707
0.74255,1.8757,2.6956,1.3733
0.74,1.8808,2.6981,1.3707
0.73491,1.8757,2.7007,1.3758
0.74255,1.8757,2.6956,1.3733
0.73491,1.8808,2.7083,1.3656
0.73236,1.8681,2.7058,1.3784
0.74255,1.8757,2.6956,1.3631
0.72981,1.8783,2.7083,1.3682
0.72981,1.8681,2.7083,1.3784
0.7451,1.8757,2.6956,1.3707
0.73746,1.8757,2.7032,1.3733
0.73491,1.8732,2.7007,1.3784
0.7451,1.8732,2.6981,1.3656
0.72981,1.8808,2.7083,1.3656
0.72981,1.8706,2.7032,1.3784
0.7451,1.8732,2.6956,1.3733
0.73746,1.8757,2.7032,1.3733
0.74,1.8681,2.7007,1.3733
0.7451,1.8757,2.6981,1.3707
0.73746,1.8757,2.7032,1.3733
0.73746,1.8681,2.7058,1.3733
0.73746,1.8757,2.7032,1.3733
0.73236,1.8757,2.7083,1.3707
0.74,1.8681,2.7058,1.3707
0.73491,1.8757,2.7032,1.3631
0.72981,1.8757,2.7083,1.3733
0.73746,1.8681,2.7032,1.3784
0.74255,1.8732,2.6956,1.3631
0.72981,1.8834,2.7109,1.3707
0.73491,1.8656,2.7058,1.3733
0.73746,1.8757,2.7032,1.3656
0.72981,1.8757,2.7083,1.3784
0.7451,1.8757,2.6981,1.3733
0.73746,1.8834,2.7058,1.3707
0.73746,1.8681,2.7032,1.3758
0.74255,1.8808,2.6981,1.3631
0.74,1.8757,2.7109,1.3707
0.73746,1.8757,2.7032,1.3733
0.73491,1.8808,2.7032,1.3656
0.73236,1.8681,2.7109,1.3758
0.73746,1.8757,2.7058,1.3707
0.72981,1.8757,2.7109,1.3707
0.74255,1.8732,2.6981,1.3707
0.73491,1.8808,2.7032,1.3707
0.73746,1.8681,2.7058,1.3784
0.7451,1.8732,2.6981,1.3656
0.73236,1.8834,2.7083,1.3733
0.73491,1.8681,2.7032,1.3758
0.73491,1.8757,2.7032,1.3733
0.73746,1.8757,2.7058,1.3733
0.73491,1.8706,2.7058,1.3784
0.74255,1.8757,2.6981,1.3656
0.73236,1.8808,2.7134,1.3656
0.73746,1.8656,2.7083,1.3758
0.7451,1.8834,2.6981,1.3656
0.73236,1.8808,2.7134,1.3656
0.72981,1.8681,2.7134,1.3784
0.7451,1.8757,2.6981,1.3733
0.73746,1.8757,2.7083,1.3733
0.73746,1.8681,2.7058,1.3784
0.7451,1.8808,2.7007,1.3631
0.72981,1.8757,2.7109,1.3733
0.73746,1.8681,2.7058,1.3733
0.73746,1.8732,2.7058,1.3682
0.73746,1.8732,2.7109,1.3733
0.73491,1.8681,2.7058,1.3784
0.7451,1.8808,2.6981,1.3656
0.72981,1.8834,2.716,1.3707
0.73491,1.8681,2.7083,1.3707
0.7451,1.8732,2.7083,1.3733
0.73746,1.8732,2.7083,1.3707
0.73491,1.8681,2.7058,1.3758
0.7451,1.8757,2.6981,1.3707
0.73236,1.8834,2.7083,1.3656
0.73236,1.8681,2.716,1.3784
0.74255,1.8783,2.7007,1.3733
0.73491,1.8808,2.7134,1.3656
0.73236,1.8681,2.7134,1.3758
0.74,1.8757,2.7007,1.3707
0.73746,1.8808,2.7058,1.3656
0.73236,1.8681,2.716,1.3809
0.7451,1.8732,2.6981,1.3733
0.74,1.8808,2.7134,1.3656
0.72981,1.8656,2.7134,1.3784
0.7451,1.8732,2.6981,1.3656
0.73236,1.8808,2.7134,1.3631
0.72981,1.8681,2.7134,1.3758
0.7451,1.8757,2.7007,1.3733
0.74,1.8834,2.7058,1.3707
0.73746,1.8681,2.7058,1.3758
0.7451,1.8808,2.7007,1.3656
0.73236,1.8757,2.7134,1.3733
0.74,1.8757,2.7083,1.3733
0.73491,1.8757,2.7058,1.3631
0.73236,1.8757,2.7134,1.3733
0.74,1.8681,2.7058,1.3758
0.7451,1.8757,2.7007,1.3656
0.73236,1.8834,2.7109,1.3733
0.73746,1.8681,2.7058,1.3758
0.7451,1.8757,2.7007,1.3707
0.73746,1.8757,2.7058,1.3733
0.73746,1.8681,2.7058,1.3784
0.7451,1.8757,2.7007,1.3733
0.73236,1.8808,2.7083,1.3707
0.73746,1.8681,2.7083,1.3758
0.7451,1.8732,2.6981,1.3656
0.73236,1.8808,2.7134,1.3707
0.73746,1.8681,2.7083,1.3784
0.73491,1.8732,2.7083,1.3733
0.73236,1.8757,2.7083,1.3733
0.73491,1.8757,2.7058,1.3733
0.73746,1.8808,2.716,1.3682
0.73236,1.8681,2.716,1.3784
0.74255,1.8757,2.7007,1.3733
0.73236,1.8757,2.7134,1.3707
0.73746,1.8706,2.7083,1.3784
0.7451,1.8808,2.7058,1.3656
0.72981,1.8757,2.7109,1.3733
0.7451,1.8757,2.7007,1.3733
0.73236,1.8808,2.7058,1.3656
0.73746,1.8681,2.7058,1.3758
0.7451,1.8808,2.6981,1.3656
0.73236,1.8757,2.7109,1.3733
0.73746,1.8757,2.7058,1.3733
0.74,1.8757,2.7058,1.3682
0.72981,1.8681,2.7134,1.3733
0.7451,1.8681,2.7007,1.3784
0.74255,1.8808,2.7007,1.3656
0.73236,1.8757,2.7134,1.3733
0.74,1.8757,2.7083,1.3707
0.73491,1.8757,2.7058,1.3656
0.73236,1.8757,2.7134,1.3784
0.7451,1.8656,2.7058,1.3784
0.7451,1.8808,2.6981,1.3656
0.73236,1.8757,2.7058,1.3733
0.73746,1.8732,2.7058,1.3733
0.74,1.8834,2.7058,1.3682
0.73236,1.8681,2.7134,1.3758
0.7451,1.8757,2.6981,1.3733
0.73746,1.8834,2.7109,1.3656
0.74,1.8706,2.7058,1.3784
0.7451,1.8757,2.7007,1.3733
0.73746,1.8757,2.7032,1.3733
0.74,1.8681,2.7058,1.3784
0.7451,1.8732,2.6981,1.3631
0.73236,1.8808,2.7109,1.3733
0.74,1.8757,2.7058,1.3733
0.74,1.8757,2.7058,1.3656
0.73236,1.8757,2.7109,1.3733
0.74,1.8732,2.7007,1.3733
0.73746,1.8757,2.7032,1.3682
0.73236,1.8757,2.7083,1.3758
0.73746,1.8757,2.7058,1.3733
0.73746,1.8732,2.7032,1.3733
0.73491,1.8757,2.7109,1.3707
0.73746,1.8681,2.7058,1.3784
0.7451,1.8834,2.6981,1.3656
0.73236,1.8757,2.7083,1.3707
0.73491,1.8681,2.7032,1.3784
0.7451,1.8808,2.6981,1.3656
0.73236,1.8757,2.7109,1.3733
0.73746,1.8681,2.6981,1.3809
0.7451,1.8808,2.7032,1.3656
0.74,1.8732,2.7083,1.3733
0.74,1.8732,2.7032,1.3733
0.73746,1.8808,2.7032,1.3631
0.73236,1.8732,2.7083,1.3784
0.7451,1.8681,2.6981,1.3758
0.74255,1.8834,2.7032,1.3656
0.73236,1.8757,2.7109,1.3733
0.73746,1.8681,2.7058,1.3733
0.73746,1.8732,2.7032,1.3656
0.73236,1.8757,2.7109,1.3733
0.7451,1.8681,2.7032,1.3707
0.74,1.8783,2.7032,1.3656
0.73236,1.8681,2.7083,1.3758
0.7451,1.8732,2.6981,1.3733
0.74,1.8732,2.7032,1.3707
0.73746,1.8757,2.7058,1.3784
0.7451,1.8732,2.6956,1.3733
0.73746,1.8732,2.7058,1.3707
0.74,1.8681,2.7058,1.3784
0.7451,1.8732,2.6981,1.3733
0.73236,1.8808,2.7109,1.3733
0.73746,1.8656,2.7032,1.3784
0.7451,1.8808,2.6981,1.3682
0.73236,1.8757,2.7083,1.3733
0.74,1.8757,2.7058,1.3733
0.73746,1.8757,2.7032,1.3656
0.73236,1.8757,2.7109,1.3784
0.7451,1.8681,2.6981,1.3733
0.74,1.8834,2.7032,1.3682
0.74,1.8732,2.7032,1.3784
0.7451,1.8757,2.6981,1.3733
0.73236,1.8808,2.7083,1.3733
0.73746,1.8681,2.7058,1.3733
0.74,1.8757,2.7032,1.3682
0.73236,1.8757,2.7109,1.3733
0.7451,1.8656,2.6981,1.3809
0.74,1.8808,2.7058,1.3656
0.73491,1.8757,2.7083,1.3733
0.74,1.8757,2.7058,1.3707
0.74,1.8834,2.7032,1.3682
0.73491,1.8757,2.7083,1.3784
0.7451,1.8681,2.6981,1.3758
0.74,1.8808,2.7032,1.3682
0.74,1.8757,2.7058,1.3809
0.7451,1.8808,2.6981,1.3682
0.73491,1.8757,2.7083,1.3733
0.73746,1.8732,2.7032,1.3733
0.74,1.8808,2.7109,1.3682
0.73491,1.8681,2.7134,1.3733
0.74,1.8757,2.7032,1.3733
0.73491,1.8757,2.7083,1.3733
0.7451,1.8681,2.7007,1.3733
0.73746,1.8834,2.7032,1.3733
0.74,1.8656,2.7058,1.3784
0.7451,1.8808,2.6981,1.3682
0.73236,1.8757,2.7032,1.3733
0.7451,1.8757,2.6981,1.3656
0.73746,1.8732,2.7032,1.3733
0.73746,1.8681,2.6981,1.3784
0.7451,1.8834,2.6981,1.3656
0.73236,1.8757,2.7083,1.3784
0.74,1.8757,2.6981,1.3733
0.74,1.8757,2.7032,1.3733
0.74,1.8681,2.7032,1.3809
0.7451,1.8808,2.6981,1.3656
0.73491,1.8757,2.7032,1.3707
0.73746,1.8732,2.7032,1.3733
0.74,1.8808,2.7083,1.3656
0.74,1.8706,2.7032,1.3733
0.73746,1.8757,2.7058,1.3733
0.73236,1.8681,2.7109,1.3758
0.7451,1.8656,2.6981,1.3733
0.73491,1.8732,2.7032,1.3707
0.74,1.8681,2.7032,1.3784
0.73746,1.8808,2.7032,1.3656
0.74,1.8732,2.7058,1.3758
0.7451,1.8808,2.6981,1.3631
0.73236,1.8783,2.7083,1.3733
0.73746,1.8681,2.7058,1.3733
0.7451,1.8732,2.7032,1.3733
0.73491,1.8732,2.7032,1.3733
0.74,1.8681,2.7007,1.3758
0.7451,1.8783,2.6956,1.3656
0.74,1.8808,2.7083,1.3733
0.73746,1.8757,2.7032,1.3758
0.74,1.8732,2.7007,1.3656
0.73236,1.8732,2.7083,1.3784
0.74255,1.8656,2.6956,1.3733
0.73746,1.8808,2.7007,1.3707
0.73746,1.8757,2.7007,1.3707
0.7451,1.8681,2.6956,1.3733
0.73746,1.8808,2.7083,1.3656
0.73236,1.8681,2.7058,1.3758
0.74255,1.8757,2.6956,1.3733
0.73746,1.8757,2.7007,1.3733
0.74,1.8681,2.7032,1.3784
0.73746,1.8808,2.6981,1.3682
0.73746,1.8732,2.7032,1.3733
0.7451,1.8732,2.6956,1.3707
0.73746,1.8732,2.7032,1.3707
0.73746,1.8656,2.6956,1.3784
0.73491,1.8808,2.7007,1.3656
0.73236,1.8732,2.7083,1.3784
0.7451,1.8681,2.6956,1.3707
0.74,1.8834,2.7007,1.3656
0.73746,1.8732,2.7083,1.3733
0.7451,1.8757,2.6956,1.3733
0.73746,1.8808,2.6981,1.3656
0.73236,1.8681,2.7083,1.3784
0.7451,1.8757,2.6956,1.3707
0.74,1.8757,2.7007,1.3707
0.74,1.8681,2.7032,1.3758
0.7451,1.8757,2.6956,1.3707
0.73236,1.8757,2.7083,1.3707
0.73746,1.8681,2.6956,1.3758
0.74255,1.8808,2.6981,1.3656
0.73236,1.8757,2.7083,1.3733
0.74,1.8757,2.7032,1.3733
0.73491,1.8757,2.6981,1.3656
0.73236,1.8757,2.7083,1.3707
0.74255,1.8656,2.6956,1.3784
0.7451,1.8808,2.6956,1.3656
0.73236,1.8732,2.7007,1.3733
0.73491,1.8757,2.7007,1.3758
0.74,1.8808,2.6981,1.3631
0.73236,1.8656,2.7083,1.3784
0.7451,1.8732,2.6956,1.3733
0.73746,1.8757,2.6981,1.3707
0.74,1.8656,2.6956,1.3784
0.73746,1.8808,2.7007,1.3682
0.73746,1.8757,2.7007,1.3784
0.7451,1.8808,2.693,1.3656
0.73746,1.8757,2.6981,1.3733
0.74,1.8681,2.6981,1.3784
0.74255,1.8808,2.693,1.3656
0.73236,1.8757,2.7058,1.3707
0.73491,1.8681,2.6981,1.3733
0.74,1.8757,2.6981,1.3656
0.73491,1.8757,2.7058,1.3733
0.74,1.8757,2.7007,1.3733
0.73746,1.8808,2.6981,1.3631
0.73236,1.8681,2.7058,1.3758
0.7451,1.8732,2.6956,1.3733
0.73236,1.8757,2.7058,1.3733
0.7451,1.8681,2.693,1.3809
0.74255,1.8808,2.7007,1.3656
0.73236,1.8732,2.7032,1.3733
0.7451,1.8757,2.693,1.3733
0.72981,1.8808,2.7032,1.3656
0.74,1.8681,2.6981,1.3733
0.7451,1.8757,2.693,1.3707
0.74,1.8757,2.7007,1.3733
0.73491,1.8681,2.6981,1.3784
0.7451,1.8808,2.693,1.3682
0.73236,1.8732,2.7032,1.3733
0.74,1.8681,2.6981,1.3733
0.73746,1.8757,2.7007,1.3656
0.73236,1.8757,2.7058,1.3733
0.7451,1.8706,2.693,1.3784
0.73746,1.8757,2.6905,1.3656
0.72981,1.8783,2.7058,1.3707
0.74,1.8681,2.6981,1.3784
0.7451,1.8757,2.693,1.3733
0.73746,1.8808,2.6981,1.3733
0.73746,1.8681,2.6981,1.3784
0.7451,1.8808,2.693,1.3733
0.73236,1.8783,2.7058,1.3682
0.73746,1.8681,2.7007,1.3784
0.7451,1.8757,2.6981,1.3733
0.74,1.8732,2.6981,1.3707
0.74,1.8681,2.7007,1.3784
0.7451,1.8808,2.6956,1.3656
0.73236,1.8732,2.7083,1.3733
0.73746,1.8681,2.7007,1.3733
0.74,1.8808,2.6981,1.3656
0.73236,1.8656,2.7083,1.3784
0.7451,1.8757,2.693,1.3733
0.73746,1.8808,2.7007,1.3682
0.73236,1.8757,2.6981,1.3733
0.74,1.8757,2.7007,1.3733
0.73746,1.8808,2.7007,1.3656
0.73746,1.8732,2.7007,1.3707
0.7451,1.8757,2.6956,1.3733
0.73236,1.8808,2.6981,1.3656
0.73236,1.8681,2.7083,1.3784
0.7451,1.8732,2.6905,1.3707
0.73746,1.8732,2.6981,1.3707
0.73236,1.8681,2.7058,1.3809
0.7451,1.8757,2.6956,1.3733
0.73491,1.8808,2.7058,1.3631
0.73746,1.8681,2.7007,1.3784
0.74255,1.8757,2.6981,1.3733
0.73236,1.8732,2.7083,1.3707
0.7451,1.8681,2.693,1.3707
0.73746,1.8808,2.7007,1.3631
0.73236,1.8656,2.7058,1.3784
0.7451,1.8706,2.6981,1.3733
0.73746,1.8732,2.7083,1.3733
0.73746,1.8681,2.693,1.3784
0.73746,1.8808,2.6981,1.3656
0.73746,1.8757,2.7032,1.3733
0.73746,1.8757,2.7007,1.3707
0.74,1.8808,2.6981,1.3631
0.72981,1.8732,2.7007,1.3707
0.73746,1.8757,2.7007,1.3733
0.73746,1.8808,2.6981,1.3656
0.73236,1.8757,2.7083,1.3784
0.74255,1.8656,2.693,1.3733
0.73746,1.8783,2.6981,1.3733
0.73236,1.8757,2.7058,1.3707
0.74,1.8706,2.7007,1.3784
0.7451,1.8808,2.7007,1.3707
0.73236,1.8757,2.7058,1.3707
0.74,1.8681,2.6956,1.3758
0.7451,1.8808,2.6956,1.3656
0.73236,1.8757,2.7058,1.3733
0.73746,1.8681,2.6956,1.3784
0.74255,1.8808,2.6956,1.3631
0.73236,1.8757,2.7083,1.3733
0.73746,1.8706,2.7032,1.3784
0.73746,1.8757,2.6981,1.3656
0.72981,1.8757,2.7058,1.3733
0.7451,1.8681,2.693,1.3809
0.7451,1.8808,2.6981,1.3656
0.73236,1.8732,2.7007,1.3733
0.73746,1.8732,2.7007,1.3707
0.74,1.8808,2.7007,1.3656
0.73746,1.8732,2.7007,1.3707
0.73746,1.8732,2.693,1.3707
0.73746,1.8834,2.6981,1.3682
0.73236,1.8757,2.7083,1.3784
0.73746,1.8757,2.7007,1.3733
0.73236,1.8834,2.7058,1.3656
0.73236,1.8681,2.7083,1.3784
0.74255,1.8656,2.693,1.3733
0.73746,1.8808,2.7007,1.3656
0.73236,1.8757,2.7083,1.3758
0.74255,1.8681,2.6956,1.3733
0.73746,1.8834,2.6981,1.3707
0.74,1.8757,2.7032,1.3784
0.7451,1.8732,2.6956,1.3656
0.73236,1.8834,2.7007,1.3682
0.73236,1.8681,2.7007,1.3809
0.7451,1.8732,2.6956,1.3707
0.73746,1.8757,2.7007,1.3707
0.73746,1.8681,2.7032,1.3758
0.7451,1.8808,2.7032,1.3656
0.73491,1.8757,2.7109,1.3733
0.7451,1.8757,2.6956,1.3707
0.72981,1.8783,2.7083,1.3707
0.74,1.8757,2.7007,1.3784
0.73746,1.8757,2.7032,1.3733
0.72981,1.8732,2.7109,1.3707
0.73746,1.8681,2.7032,1.3707
0.73746,1.8808,2.7007,1.3656
0.72981,1.8757,2.7083,1.3707
0.74255,1.8757,2.6981,1.3707
0.73746,1.8808,2.7032,1.3656
0.73746,1.8757,2.7083,1.3733
0.73746,1.8757,2.7032,1.3733
0.73491,1.8808,2.7083,1.3682
0.73236,1.8706,2.7083,1.3758
0.74255,1.8732,2.6956,1.3656
0.72981,1.8808,2.7083,1.3656
0.74,1.8656,2.7032,1.3758
0.74255,1.8808,2.6956,1.3631
0.73236,1.8757,2.7109,1.3707
0.73491,1.8732,2.7032,1.3733
0.73491,1.8808,2.7083,1.3656
0.72981,1.8681,2.7083,1.3784
0.74255,1.8757,2.7032,1.3707
0.73236,1.8732,2.7083,1.3707
0.73491,1.8656,2.6956,1.3758
0.74255,1.8808,2.7032,1.3656
0.72981,1.8732,2.7083,1.3707
0.74255,1.8681,2.6956,1.3784
0.74255,1.8808,2.6981,1.3631
0.73236,1.8732,2.7083,1.3707
0.73746,1.8757,2.7032,1.3733
0.73746,1.8757,2.7032,1.3631
0.73236,1.8757,2.7083,1.3733
0.73746,1.8757,2.7058,1.3707
0.73746,1.8834,2.7032,1.3631
0.72981,1.8732,2.7083,1.3784
0.7451,1.8681,2.6956,1.3733
0.73491,1.8808,2.7032,1.3631
0.72981,1.8732,2.7083,1.3707
0.73746,1.8732,2.7032,1.3707
0.73746,1.8808,2.7032,1.3631
0.72981,1.8681,2.7109,1.3784
0.74255,1.8757,2.6981,1.3733
0.73491,1.8732,2.7032,1.3707
