3.4778,1.1288,3.1722,1.9547
3.4803,1.1237,3.1722,1.9623
3.4854,1.1339,3.1646,1.947
3.4752,1.1339,3.1773,1.9572
3.4803,1.1288,3.1748,1.9598
3.488,1.1288,3.1722,1.9547
3.4803,1.1314,3.1722,1.9547
3.4778,1.1314,3.1722,1.9547
3.4803,1.1263,3.1722,1.9547
3.488,1.1339,3.1722,1.947
3.4727,1.1288,3.1799,1.9547
3.4778,1.1263,3.1722,1.9623
3.488,1.1339,3.1671,1.9496
3.4727,1.1339,3.1799,1.9547
3.4778,1.1237,3.1722,1.9623
3.4829,1.1314,3.1671,1.9496
3.4752,1.1365,3.1799,1.9547
3.4803,1.1237,3.1748,1.9598
3.4854,1.1288,3.1671,1.9547
3.4778,1.1288,3.1722,1.9547
3.4778,1.1314,3.1722,1.9598
3.4778,1.1288,3.1722,1.9521
3.4778,1.1339,3.1722,1.947
3.4752,1.1237,3.1824,1.9547
3.4803,1.1237,3.1748,1.9547
3.4803,1.1288,3.1722,1.9521
3.4727,1.1288,3.1773,1.9547
3.4803,1.1237,3.1722,1.9598
3.4854,1.1288,3.1671,1.9547
3.4803,1.1339,3.1773,1.9496
3.4752,1.1263,3.1799,1.9623
3.488,1.1288,3.1671,1.9547
3.4778,1.1339,3.1722,1.947
3.4752,1.1237,3.1773,1.9598
3.4854,1.1237,3.1646,1.9547
3.4778,1.1339,3.1722,1.9547
3.4778,1.1314,3.1722,1.9623
3.4854,1.1288,3.1671,1.9547
3.4803,1.1365,3.1722,1.9521
3.4778,1.1288,3.1722,1.9521
3.4778,1.1314,3.1671,1.9547
3.4778,1.1339,3.1722,1.9445
3.4727,1.1212,3.1799,1.9598
3.4829,1.1237,3.1671,1.9521
3.4778,1.1365,3.1722,1.947
3.4701,1.1314,3.1773,1.9521
3.4778,1.1314,3.1722,1.9547
3.4778,1.1288,3.1722,1.9445
3.4778,1.1288,3.1799,1.9547
3.4778,1.1237,3.1748,1.9598
3.4854,1.1365,3.1671,1.9445
3.4727,1.1365,3.1722,1.9521
3.4778,1.1212,3.1697,1.9598
3.4829,1.1314,3.1646,1.947
3.4727,1.1339,3.1773,1.947
3.4727,1.1212,3.1773,1.9598
3.4854,1.1314,3.1646,1.9547
3.4778,1.1339,3.1773,1.947
3.4752,1.1263,3.1773,1.9598
3.4854,1.1288,3.1671,1.9547
3.4778,1.1365,3.1671,1.9547
3.4803,1.1314,3.1697,1.9547
3.4803,1.1288,3.1671,1.9521
3.4803,1.1339,3.1697,1.947
3.4752,1.1288,3.1773,1.9598
3.4803,1.1212,3.1697,1.9598
3.488,1.1339,3.1646,1.947
3.4752,1.1288,3.1773,1.9547
3.4803,1.1237,3.1697,1.9623
3.4854,1.1263,3.1646,1.9521
3.4803,1.1339,3.1671,1.9547
3.4752,1.1288,3.1773,1.9547
3.4803,1.1186,3.1671,1.9623
3.4803,1.1263,3.1646,1.9547
3.4803,1.1288,3.1697,1.9547
3.4752,1.1314,3.1697,1.9547
3.4829,1.1288,3.1671,1.9547
3.4803,1.1288,3.162,1.9547
3.4829,1.1365,3.1671,1.9547
3.4778,1.1288,3.1773,1.9547
3.4803,1.1212,3.1671,1.9623
3.488,1.1314,3.162,1.9547
3.488,1.1339,3.1671,1.9496
3.4752,1.1288,3.1773,1.9547
3.4803,1.1237,3.1671,1.9598
3.488,1.1263,3.162,1.9521
3.4803,1.1339,3.1671,1.9547
3.4803,1.1288,3.1671,1.9547
3.4829,1.1263,3.1671,1.9547
3.488,1.1314,3.1697,1.9521
3.4854,1.1339,3.1748,1.9496
3.4778,1.1288,3.1748,1.9598
3.4854,1.1237,3.162,1.9623
3.4854,1.1339,3.1646,1.947
3.4752,1.1339,3.1748,1.9547
3.4752,1.1212,3.1748,1.9623
3.488,1.1288,3.1646,1.9547
3.4803,1.1339,3.1671,1.9496
3.4752,1.1288,3.1748,1.9598
3.4778,1.1212,3.162,1.9598
3.4854,1.1339,3.162,1.947
3.4778,1.1339,3.1697,1.947
3.4752,1.1288,3.1773,1.9598
3.4778,1.1237,3.1697,1.9598
3.4854,1.1288,3.162,1.9547
3.4803,1.1339,3.1697,1.947
3.4752,1.1288,3.1748,1.9547
3.4778,1.1237,3.1697,1.9572
3.4854,1.1288,3.1646,1.9547
3.4778,1.1365,3.1773,1.947
3.4752,1.1212,3.1773,1.9598
3.4778,1.1212,3.1646,1.9623
3.4778,1.1263,3.1646,1.9547
3.4778,1.1339,3.1722,1.9547
3.4727,1.1263,3.1722,1.9521
3.4778,1.1237,3.1697,1.9521
3.4778,1.1314,3.1722,1.947
3.4727,1.1288,3.1773,1.9521
3.4778,1.1212,3.1697,1.9598
3.4854,1.1288,3.1671,1.9445
3.4778,1.1365,3.1697,1.9521
3.4727,1.1288,3.1697,1.9521
3.4778,1.1288,3.1722,1.9547
3.4778,1.1339,3.1697,1.947
3.4727,1.1288,3.1773,1.9521
3.4778,1.1288,3.1722,1.9547
3.4778,1.1288,3.1697,1.9445
3.4727,1.1314,3.1773,1.9598
3.4778,1.1288,3.1697,1.9547
3.4778,1.1314,3.1722,1.9445
3.4778,1.1288,3.1748,1.9521
3.4778,1.1212,3.1697,1.9521
3.4854,1.1288,3.162,1.9547
3.4803,1.1365,3.1722,1.947
3.4727,1.1314,3.1773,1.9521
3.4778,1.1212,3.1722,1.9623
3.4854,1.1288,3.1646,1.9547
3.4803,1.1365,3.1773,1.9521
3.4803,1.1263,3.1697,1.9547
3.488,1.1288,3.1697,1.9547
3.4803,1.1288,3.1697,1.9496
3.4778,1.1212,3.1722,1.9572
3.4854,1.1314,3.1646,1.947
3.4727,1.1365,3.1722,1.9547
3.4803,1.1237,3.1697,1.9598
3.488,1.1339,3.1646,1.947
3.4752,1.1339,3.1773,1.9547
3.4829,1.1263,3.1697,1.9598
3.488,1.1288,3.1646,1.9547
3.4803,1.1288,3.1722,1.9547
3.4803,1.1288,3.1722,1.9623
3.4829,1.1314,3.1697,1.9547
3.4803,1.1288,3.1697,1.947
3.4778,1.1288,3.1773,1.9547
3.4778,1.1212,3.1697,1.9623
3.4905,1.1263,3.1646,1.9547
3.4829,1.1339,3.1697,1.9496
3.4778,1.1314,3.1773,1.9572
3.4854,1.1212,3.1697,1.9623
3.4905,1.1314,3.1646,1.9547
3.4854,1.1339,3.1697,1.9496
3.4752,1.1288,3.1773,1.9547
3.4829,1.1212,3.1697,1.9623
3.488,1.1288,3.1697,1.9547
3.4854,1.1339,3.1722,1.947
3.4778,1.1288,3.1773,1.9649
3.4829,1.1212,3.1697,1.9623
3.4905,1.1339,3.1646,1.947
3.4778,1.1365,3.1773,1.9547
3.4829,1.1212,3.1697,1.9623
3.4905,1.1314,3.1646,1.9496
3.4778,1.1365,3.1773,1.9496
3.4778,1.1263,3.1773,1.9649
3.4905,1.1237,3.1646,1.9572
3.4854,1.1365,3.1722,1.9496
3.4778,1.1314,3.1773,1.9623
3.4905,1.1212,3.1697,1.9547
3.4854,1.1339,3.1697,1.9496
3.4854,1.1288,3.1697,1.9547
3.4854,1.1237,3.1697,1.9572
3.493,1.1288,3.1646,1.9547
3.4854,1.1339,3.1671,1.9521
3.4829,1.1314,3.1773,1.9623
3.488,1.1212,3.1697,1.9649
3.4905,1.1288,3.1646,1.9521
3.4854,1.1365,3.1697,1.9547
3.4778,1.1288,3.1697,1.9547
3.4854,1.1288,3.1697,1.9572
3.4854,1.1288,3.1697,1.9572
3.4854,1.1288,3.1697,1.9572
3.4778,1.1288,3.1773,1.9572
3.4854,1.1263,3.1722,1.9547
3.4854,1.1288,3.1646,1.9547
3.4854,1.1288,3.1697,1.9572
3.4803,1.1288,3.1773,1.9547
3.488,1.1288,3.1697,1.9547
3.493,1.1288,3.162,1.9572
3.488,1.1365,3.1671,1.9521
3.4803,1.1288,3.1748,1.9547
3.4854,1.1288,3.1671,1.9572
3.488,1.1288,3.1671,1.9572
3.4854,1.1314,3.1671,1.9572
3.4854,1.1212,3.1671,1.9649
3.493,1.1314,3.162,1.9496
3.4854,1.1365,3.1671,1.9547
3.4829,1.1263,3.1722,1.9649
3.493,1.1212,3.162,1.9572
3.488,1.1339,3.1697,1.9496
3.4829,1.1314,3.1722,1.9572
3.488,1.1288,3.1671,1.9572
3.488,1.1288,3.1671,1.9521
3.4854,1.1288,3.1722,1.9572
3.4956,1.1237,3.1671,1.9649
3.4956,1.1263,3.1569,1.9496
3.488,1.1339,3.1748,1.9521
3.4803,1.1212,3.1722,1.9649
3.4956,1.1237,3.1595,1.9572
3.4905,1.1314,3.1671,1.9521
3.4829,1.1288,3.1697,1.9572
3.4905,1.1314,3.1671,1.9598
3.4981,1.1288,3.1595,1.9598
3.4905,1.1339,3.1722,1.9547
3.4854,1.1212,3.1697,1.9649
3.4981,1.1288,3.162,1.9598
3.493,1.1314,3.1646,1.9547
3.4829,1.1288,3.1722,1.9598
3.4854,1.1288,3.1671,1.9649
3.4905,1.1288,3.1671,1.9598
3.4905,1.1288,3.1646,1.9598
3.4905,1.1339,3.1671,1.9598
3.4854,1.1263,3.1748,1.9572
3.488,1.1237,3.1671,1.9572
3.4981,1.1288,3.162,1.9598
3.4905,1.1288,3.1671,1.9547
3.4854,1.1263,3.1748,1.9598
3.488,1.1212,3.1671,1.9649
3.4981,1.1263,3.1671,1.9598
3.4905,1.1339,3.1671,1.9572
3.493,1.1288,3.1697,1.9598
3.493,1.1237,3.1671,1.9598
3.4981,1.1288,3.162,1.9623
3.4905,1.1365,3.1671,1.9521
3.488,1.1288,3.1748,1.9572
3.488,1.1237,3.1748,1.9649
3.4981,1.1212,3.1671,1.9598
3.493,1.1263,3.1671,1.9521
3.493,1.1288,3.1646,1.9598
3.493,1.1288,3.1671,1.9598
3.493,1.1314,3.1671,1.9598
3.493,1.1314,3.1671,1.9598
3.4905,1.1365,3.1722,1.9547
3.4854,1.1288,3.1722,1.9649
3.493,1.1212,3.1671,1.9598
3.493,1.1288,3.162,1.9623
3.4905,1.1365,3.1671,1.9598
3.4854,1.1288,3.1671,1.9598
3.493,1.1314,3.1671,1.9598
3.4981,1.1263,3.1671,1.9598
3.493,1.1288,3.1671,1.9598
3.4905,1.1288,3.1671,1.9674
3.493,1.1288,3.162,1.9598
3.493,1.1314,3.1671,1.9547
3.493,1.1288,3.1671,1.9598
3.4854,1.1212,3.1748,1.9649
3.5007,1.1212,3.1646,1.9649
3.4981,1.1288,3.1671,1.9547
3.493,1.1288,3.1671,1.9598
3.493,1.1288,3.1646,1.9572
3.493,1.1288,3.1671,1.9598
3.4981,1.1288,3.1646,1.9598
3.493,1.1365,3.1671,1.9521
3.4854,1.1263,3.1748,1.9649
3.4905,1.1212,3.1697,1.9674
3.493,1.1237,3.162,1.9649
3.4981,1.1365,3.162,1.9521
3.4829,1.1365,3.1748,1.9521
3.4854,1.1212,3.1773,1.9649
3.4981,1.1263,3.1646,1.9598
3.488,1.1365,3.1671,1.9521
3.4854,1.1288,3.1773,1.9598
3.4829,1.1237,3.1773,1.9649
3.4956,1.1237,3.1646,1.9649
3.4956,1.1365,3.1646,1.9521
3.4905,1.1365,3.1697,1.9521
3.4829,1.1237,3.1773,1.9649
3.488,1.1212,3.1697,1.9649
3.4956,1.1288,3.1646,1.9521
3.488,1.1365,3.1697,1.9521
3.4829,1.1314,3.1773,1.9623
3.488,1.1237,3.1722,1.9649
3.4956,1.1339,3.1646,1.9521
3.4854,1.1365,3.1799,1.9521
3.4803,1.1314,3.1799,1.9649
3.4854,1.1263,3.1722,1.9649
3.4905,1.1288,3.1646,1.9572
3.4854,1.1365,3.1773,1.9521
3.4803,1.1288,3.1799,1.9649
3.4854,1.1237,3.1697,1.9623
3.493,1.1314,3.1671,1.9547
3.4854,1.1365,3.1748,1.9496
3.4854,1.1314,3.1697,1.9547
3.4854,1.1237,3.1697,1.9649
3.493,1.1314,3.1671,1.9496
3.4778,1.1365,3.1773,1.9496
3.4829,1.1314,3.1697,1.9649
3.4905,1.1288,3.1671,1.9547
3.4854,1.1339,3.1722,1.9547
3.4854,1.1314,3.1697,1.9572
3.4854,1.1288,3.1748,1.9547
3.4854,1.1288,3.1722,1.9572
3.4854,1.1314,3.1722,1.9547
3.4829,1.1288,3.1748,1.9598
3.4829,1.1314,3.1722,1.9572
3.4854,1.1288,3.1697,1.9572
3.4829,1.1288,3.1748,1.9547
3.4829,1.1314,3.1748,1.9623
3.4854,1.1288,3.1646,1.9572
3.4829,1.1365,3.1722,1.9496
3.4752,1.1288,3.1773,1.9598
3.4829,1.1263,3.1722,1.9598
3.488,1.1314,3.1671,1.9521
3.4854,1.1365,3.1697,1.9547
3.4778,1.1212,3.1773,1.9598
3.488,1.1237,3.1646,1.9547
3.4829,1.1339,3.1722,1.9496
3.4778,1.1288,3.1773,1.9547
3.4829,1.1237,3.1722,1.9521
3.488,1.1288,3.1646,1.9547
3.4854,1.1314,3.1722,1.9547
3.4778,1.1314,3.1773,1.9547
3.4829,1.1212,3.1722,1.9623
3.4905,1.1288,3.1646,1.9496
3.4803,1.1365,3.1722,1.947
3.4752,1.1288,3.1773,1.9598
3.4829,1.1237,3.1722,1.9598
3.488,1.1288,3.1671,1.947
3.4803,1.1365,3.1697,1.9496
3.4752,1.1288,3.1773,1.9547
3.4803,1.1212,3.1697,1.9547
3.4905,1.1288,3.1722,1.9547
3.4829,1.1288,3.1722,1.9547
3.4803,1.1314,3.1722,1.9598
3.488,1.1263,3.1646,1.9547
3.4829,1.1339,3.1722,1.947
3.4778,1.1314,3.1773,1.9521
3.488,1.1237,3.1671,1.9598
3.488,1.1339,3.1671,1.9496
3.4778,1.1314,3.1773,1.9547
3.4803,1.1212,3.1697,1.9598
3.488,1.1288,3.1671,1.9547
3.4803,1.1365,3.1697,1.9496
3.4752,1.1288,3.1799,1.9547
3.4803,1.1212,3.1697,1.9623
3.488,1.1288,3.1646,1.9547
3.4778,1.1339,3.1722,1.9496
3.4778,1.1314,3.1773,1.9598
3.4905,1.1237,3.1646,1.9598
3.488,1.1365,3.1671,1.947
3.4803,1.1339,3.1799,1.9496
3.4752,1.1237,3.1773,1.9623
3.4905,1.1237,3.1646,1.9649
3.488,1.139,3.1671,1.9496
3.4829,1.1339,3.1773,1.9496
3.4752,1.1237,3.1773,1.9598
3.4829,1.1288,3.1722,1.9521
3.4905,1.1288,3.1697,1.9547
3.4854,1.1288,3.1697,1.9496
3.4778,1.1237,3.1773,1.9598
3.488,1.1212,3.1646,1.9623
3.4905,1.1339,3.1646,1.9496
3.4778,1.1365,3.1773,1.9572
3.4752,1.1237,3.1799,1.9623
3.4854,1.1314,3.1722,1.9572
3.488,1.1263,3.1697,1.9496
3.4803,1.1288,3.1722,1.9547
3.4829,1.1314,3.1697,1.9623
3.4905,1.1288,3.1646,1.9496
3.4803,1.1339,3.1722,1.947
3.4778,1.1288,3.1773,1.9547
3.4803,1.1237,3.1697,1.9598
3.488,1.1288,3.1671,1.9547
3.4854,1.1339,3.1773,1.947
3.4778,1.1288,3.1773,1.9547
3.4829,1.1212,3.1722,1.9598
3.488,1.1288,3.1646,1.9547
3.4803,1.1365,3.1697,1.9572
3.4803,1.1314,3.1773,1.9547
3.4803,1.1237,3.1722,1.9547
3.488,1.1288,3.1646,1.9547
3.4803,1.1288,3.1722,1.9547
3.4803,1.1288,3.1799,1.9547
3.4803,1.1212,3.1722,1.9623
3.4854,1.1263,3.1671,1.9547
3.4803,1.1339,3.1722,1.947
3.4752,1.1288,3.1773,1.9547
3.4803,1.1288,3.1722,1.9598
3.4803,1.1288,3.1722,1.9547
3.4829,1.1288,3.1722,1.947
3.4803,1.1263,3.1722,1.9547
3.4803,1.1212,3.1671,1.9598
3.488,1.1288,3.1671,1.9521
3.4803,1.1339,3.1722,1.9521
3.4752,1.1288,3.1773,1.9547
3.4778,1.1212,3.1722,1.9623
3.4854,1.1212,3.1646,1.9521
3.488,1.1365,3.1671,1.947
3.4752,1.1365,3.1799,1.947
3.4778,1.1237,3.1799,1.9623
3.4803,1.1237,3.1646,1.9623
3.4854,1.1288,3.1671,1.9547
3.4752,1.1365,3.1799,1.947
3.4752,1.1212,3.1799,1.9598
3.4854,1.1237,3.1671,1.9547
3.4803,1.1314,3.1722,1.947
3.4727,1.1314,3.1799,1.9547
3.4803,1.1212,3.1722,1.9623
3.4854,1.1288,3.1671,1.9521
3.4778,1.1339,3.1748,1.9547
3.4752,1.1288,3.1799,1.9521
3.4803,1.1263,3.1697,1.9547
3.4803,1.1314,3.1722,1.9521
3.4803,1.1288,3.1722,1.9521
3.4803,1.1314,3.1722,1.9623
3.4778,1.1288,3.1722,1.9547
3.4803,1.1314,3.1722,1.9521
3.4778,1.1314,3.1697,1.9547
3.4727,1.1288,3.1748,1.9521
3.4752,1.1237,3.1748,1.9521
3.4854,1.1288,3.1671,1.9521
3.4778,1.1365,3.1722,1.9445
3.4727,1.1288,3.1824,1.9521
3.4778,1.1212,3.1748,1.9598
3.4854,1.1288,3.1671,1.9521
3.4778,1.1339,3.1722,1.947
3.4727,1.1288,3.1773,1.9547
3.4854,1.1237,3.1697,1.9598
3.4778,1.1288,3.1671,1.9521
3.4778,1.1288,3.1697,1.947
3.4778,1.1288,3.1748,1.9547
3.4778,1.1212,3.1722,1.9598
3.4778,1.1212,3.1646,1.9547
3.4854,1.1365,3.1722,1.947
3.4727,1.1365,3.1773,1.9521
3.4727,1.1237,3.1773,1.9598
3.4854,1.1237,3.1671,1.9521
3.4778,1.1365,3.1722,1.947
3.4727,1.1288,3.1799,1.9521
3.4778,1.1237,3.1697,1.9598
3.4854,1.1288,3.1646,1.9521
3.4803,1.1339,3.1697,1.947
3.4752,1.1212,3.1773,1.9598
3.4778,1.1237,3.1697,1.9623
3.4778,1.1288,3.1697,1.9521
3.4778,1.1339,3.1773,1.9445
3.4727,1.1237,3.1773,1.9598
3.4854,1.1237,3.1646,1.9598
3.4854,1.1365,3.1646,1.9445
3.4727,1.1314,3.1773,1.9521
3.4778,1.1212,3.1722,1.9598
3.4854,1.1288,3.1646,1.9521
3.4778,1.1339,3.1722,1.9445
3.4727,1.1288,3.1773,1.9572
3.4778,1.1237,3.1697,1.9572
3.4854,1.1288,3.1646,1.947
3.4778,1.1339,3.1697,1.947
3.4727,1.1288,3.1773,1.9547
3.4778,1.1212,3.1697,1.9598
3.4854,1.1263,3.1646,1.9547
3.4778,1.1339,3.1697,1.947
3.4752,1.1314,3.1671,1.9521
3.4803,1.1263,3.1697,1.9547
3.4803,1.1288,3.1697,1.9547
3.4778,1.1314,3.1671,1.9547
3.4752,1.1212,3.1748,1.9623
3.4854,1.1212,3.1646,1.9521
3.4854,1.1365,3.1671,1.947
3.4752,1.1288,3.1748,1.9547
3.4803,1.1237,3.1671,1.9598
3.4854,1.1288,3.162,1.9547
3.4803,1.1314,3.1722,1.9547
3.4803,1.1288,3.1671,1.9547
3.4803,1.1212,3.1697,1.9521
3.4803,1.1263,3.1671,1.9547
3.4803,1.1288,3.1671,1.9521
3.4803,1.1288,3.1671,1.9572
3.4829,1.1288,3.1671,1.9547
3.4803,1.1339,3.1697,1.947
3.4752,1.1263,3.1748,1.9547
3.4803,1.1212,3.1671,1.9598
3.488,1.1288,3.162,1.9521
3.4854,1.1314,3.1671,1.947
3.4778,1.1263,3.1748,1.9521
3.4803,1.1212,3.1671,1.9598
3.488,1.1314,3.162,1.947
3.4778,1.1339,3.1748,1.9496
3.4752,1.1212,3.1773,1.9598
3.488,1.1212,3.162,1.9547
3.4829,1.1314,3.1671,1.947
3.4829,1.1288,3.1748,1.9521
3.4829,1.1212,3.1671,1.9598
