0.97197,1.8171,2.7389,1.4217
0.97197,1.8069,2.7389,1.4294
0.97707,1.8095,2.7338,1.4217
0.96688,1.8146,2.7465,1.4217
0.97197,1.8018,2.7389,1.4268
0.97197,1.8095,2.7389,1.4243
0.96943,1.8095,2.7389,1.4217
0.97197,1.8044,2.7389,1.4268
0.97962,1.8146,2.7338,1.4141
0.96688,1.8171,2.7465,1.4243
0.97197,1.8044,2.7389,1.4294
0.97962,1.8095,2.7363,1.4217
0.97197,1.8146,2.7389,1.4166
0.96433,1.812,2.7389,1.4243
0.97197,1.8095,2.7389,1.4243
0.97197,1.8171,2.7389,1.4166
0.96688,1.8095,2.7465,1.4268
0.97962,1.8018,2.7338,1.4217
0.97197,1.8146,2.7389,1.4141
0.96688,1.8095,2.7389,1.4243
0.97197,1.8095,2.7389,1.4217
0.97197,1.8197,2.7389,1.4192
0.96688,1.8095,2.7465,1.4243
0.97452,1.8044,2.7389,1.4294
0.97962,1.8146,2.7338,1.4166
0.96688,1.8146,2.7465,1.4166
0.96688,1.8044,2.744,1.4294
0.97962,1.8044,2.7338,1.4217
0.97197,1.8146,2.7389,1.4243
0.97452,1.8095,2.7389,1.4217
0.97452,1.8095,2.7414,1.4217
0.97452,1.8171,2.7389,1.4141
0.96943,1.8044,2.7465,1.4294
0.97962,1.8044,2.7338,1.4243
0.97452,1.8146,2.7389,1.4166
0.96688,1.812,2.744,1.4243
0.97197,1.8018,2.7389,1.4294
0.97962,1.812,2.7363,1.4166
0.96688,1.8146,2.7389,1.4166
0.96943,1.8044,2.7465,1.4294
0.97962,1.8018,2.7312,1.4217
0.97962,1.8171,2.7389,1.4141
0.96943,1.812,2.7465,1.4217
0.97452,1.8018,2.7389,1.4217
0.98217,1.8069,2.7312,1.4166
0.96688,1.8146,2.744,1.4217
0.97452,1.8044,2.7389,1.4294
0.97197,1.812,2.7389,1.4243
0.97707,1.8095,2.7389,1.4243
0.97452,1.8018,2.7389,1.4294
0.98217,1.8095,2.7338,1.4166
0.96943,1.8171,2.744,1.4243
0.97452,1.8044,2.7389,1.4294
0.97707,1.8095,2.7389,1.4243
0.97707,1.812,2.7389,1.4217
0.97452,1.8018,2.7389,1.4294
0.97962,1.8069,2.7338,1.4192
0.96688,1.8171,2.744,1.4243
0.97452,1.8044,2.7389,1.4294
0.98217,1.8095,2.7338,1.4192
0.97452,1.8171,2.7363,1.4166
0.96943,1.8018,2.744,1.4294
0.98472,1.8095,2.7312,1.4217
0.97707,1.8171,2.7389,1.4166
0.96943,1.812,2.7414,1.4294
0.98217,1.8044,2.7338,1.4243
0.97452,1.8171,2.7389,1.4166
0.96943,1.812,2.744,1.4243
0.97452,1.8044,2.7389,1.4243
0.97452,1.8069,2.7363,1.4166
0.96943,1.8069,2.7414,1.4294
0.97707,1.8044,2.7389,1.4294
0.98217,1.8095,2.7287,1.4166
0.96943,1.8171,2.744,1.4243
0.97452,1.8044,2.7363,1.4294
0.98217,1.8095,2.7312,1.4243
0.97452,1.8095,2.7363,1.4217
0.97452,1.8095,2.7338,1.4319
0.97452,1.8095,2.7389,1.4217
0.97452,1.8095,2.7389,1.4166
0.97707,1.812,2.7363,1.4243
0.97452,1.8044,2.7363,1.4294
0.97962,1.8095,2.7287,1.4243
0.97452,1.8146,2.7363,1.4243
0.96943,1.8095,2.744,1.4294
0.98217,1.8018,2.7287,1.4294
0.98217,1.8171,2.7287,1.4166
0.96943,1.8146,2.7414,1.4166
0.96688,1.8018,2.7414,1.4294
0.98217,1.8044,2.7363,1.4243
0.97452,1.8095,2.7363,1.4166
0.97452,1.8095,2.7389,1.4268
0.97452,1.8044,2.7389,1.4294
0.97707,1.8095,2.7363,1.4243
0.97707,1.812,2.7389,1.4166
0.97707,1.8069,2.7363,1.4217
0.97452,1.8044,2.7363,1.4294
0.98217,1.8069,2.7338,1.4243
0.97707,1.8146,2.7389,1.4243
0.96943,1.8095,2.744,1.4243
0.97707,1.8044,2.7363,1.4319
0.98217,1.8095,2.7287,1.4217
0.97707,1.8146,2.7389,1.4192
0.96943,1.8095,2.7363,1.4217
0.97452,1.8044,2.7363,1.4243
0.98217,1.8069,2.7389,1.4243
0.97452,1.8146,2.7389,1.4243
0.97452,1.8095,2.7389,1.4243
0.97707,1.8069,2.7389,1.4217
0.97452,1.8095,2.7363,1.4166
0.96943,1.8095,2.744,1.4243
0.97707,1.8044,2.7389,1.4294
0.98217,1.8069,2.7312,1.4192
0.97707,1.8171,2.7389,1.4166
0.96943,1.8069,2.744,1.4294
0.97962,1.8044,2.7389,1.4294
0.98217,1.8146,2.7312,1.4166
0.96943,1.8146,2.7465,1.4243
0.97707,1.8018,2.7389,1.4294
0.98472,1.8095,2.7312,1.4243
0.97452,1.8146,2.7389,1.4166
0.97707,1.8095,2.7491,1.4243
0.97707,1.8095,2.7389,1.4243
0.97707,1.8146,2.7389,1.4166
0.96943,1.8018,2.744,1.4294
0.97962,1.8095,2.7338,1.4243
0.97707,1.8069,2.7389,1.4243
0.97197,1.8018,2.7389,1.4294
0.98217,1.8095,2.7312,1.4192
0.97452,1.8095,2.7389,1.4166
0.96943,1.8018,2.744,1.4243
0.98217,1.8095,2.7312,1.4243
0.97707,1.8146,2.7363,1.4166
0.96943,1.8095,2.744,1.4217
0.97452,1.8044,2.7389,1.4243
0.98217,1.8095,2.7389,1.4243
0.97707,1.8095,2.7389,1.4243
0.97452,1.8018,2.7414,1.4294
0.98217,1.8095,2.7312,1.4192
0.96943,1.8171,2.7465,1.4243
0.97962,1.8018,2.7389,1.4294
0.98217,1.8146,2.7338,1.4166
0.97197,1.8069,2.744,1.4294
0.97452,1.8044,2.7389,1.4243
0.97707,1.8095,2.7338,1.4217
0.96943,1.8171,2.7465,1.4166
0.97707,1.8069,2.7389,1.4294
0.98217,1.8095,2.7338,1.4166
0.97707,1.812,2.7414,1.4243
0.97707,1.8018,2.7389,1.4294
0.98217,1.8095,2.7338,1.4217
0.97707,1.8146,2.7389,1.4166
0.96943,1.8018,2.7465,1.4319
0.97962,1.8044,2.7338,1.4319
0.97962,1.8146,2.7414,1.4166
0.96943,1.8069,2.7465,1.4243
0.97707,1.8044,2.7414,1.4319
0.98472,1.8095,2.7338,1.4166
0.96943,1.8146,2.7491,1.4166
0.96943,1.8044,2.7491,1.4319
0.98217,1.8095,2.7363,1.4243
0.97197,1.8146,2.7414,1.4192
0.96943,1.8044,2.7491,1.4294
0.98217,1.8095,2.7338,1.4243
0.97452,1.8069,2.7414,1.4166
0.97452,1.8095,2.7414,1.4319
0.98217,1.812,2.7363,1.4166
0.97452,1.8171,2.7389,1.4166
0.96943,1.8044,2.7491,1.4294
0.98217,1.8095,2.7363,1.4243
0.97962,1.8171,2.7414,1.4217
0.97707,1.8095,2.7414,1.4268
0.98472,1.8095,2.7363,1.4243
0.97707,1.8146,2.7414,1.4166
0.96943,1.8044,2.7491,1.4319
0.97962,1.8044,2.7363,1.4243
0.97452,1.8171,2.7389,1.4166
0.97197,1.8095,2.7491,1.4294
0.98472,1.8044,2.7338,1.4319
0.98217,1.8146,2.7363,1.4166
0.96943,1.8171,2.7465,1.4243
0.96943,1.8044,2.7491,1.4319
0.98472,1.8095,2.7338,1.4243
0.97707,1.8171,2.7389,1.4192
0.97452,1.812,2.7465,1.4294
0.97452,1.8044,2.7414,1.4294
0.98217,1.8095,2.7338,1.4243
0.97452,1.8095,2.7414,1.4243
0.96943,1.8069,2.7414,1.4217
0.97707,1.8095,2.7389,1.4243
0.97707,1.8146,2.7414,1.4192
0.96943,1.8095,2.7465,1.4319
0.97707,1.8095,2.7414,1.4243
0.97707,1.812,2.7389,1.4192
0.97197,1.8095,2.7465,1.4243
0.97707,1.8044,2.7414,1.4243
0.97707,1.812,2.7414,1.4192
0.96943,1.812,2.7465,1.4243
0.97707,1.8044,2.7389,1.4294
0.97452,1.8069,2.7389,1.4243
0.96943,1.8095,2.744,1.4243
0.97452,1.8095,2.7389,1.4294
0.98472,1.8171,2.7363,1.4166
0.96943,1.8095,2.7465,1.4217
0.97452,1.8044,2.7414,1.4319
0.97707,1.8095,2.7338,1.4243
0.97707,1.8095,2.7465,1.4243
0.97707,1.8018,2.7389,1.4319
0.98472,1.8146,2.7338,1.4192
0.97197,1.8069,2.7465,1.4243
0.97707,1.8044,2.7389,1.4217
0.97962,1.812,2.7389,1.4192
0.97197,1.8069,2.7465,1.4243
0.97707,1.8044,2.7338,1.4294
0.98217,1.812,2.7338,1.4192
0.97452,1.8146,2.7389,1.4166
0.96688,1.8018,2.7465,1.4243
0.97962,1.8018,2.7338,1.4319
0.98217,1.8146,2.7338,1.4166
0.97707,1.8146,2.7389,1.4243
0.97707,1.8069,2.7414,1.4243
0.97452,1.8069,2.7389,1.4268
0.97707,1.8095,2.7389,1.4192
0.96943,1.8171,2.7389,1.4243
0.97452,1.8095,2.7465,1.4294
0.98472,1.8018,2.7338,1.4294
0.98217,1.8146,2.7338,1.4192
0.97452,1.8171,2.7389,1.4166
0.96688,1.8044,2.744,1.4319
0.97707,1.8018,2.7312,1.4294
0.97962,1.8095,2.7312,1.4166
0.96688,1.8146,2.7414,1.4166
0.96943,1.8044,2.744,1.4294
0.98217,1.8044,2.7287,1.4243
0.97962,1.8146,2.7363,1.4192
0.97197,1.8095,2.744,1.4243
0.97707,1.8018,2.7389,1.4243
0.98472,1.812,2.7312,1.4243
0.97707,1.8171,2.7363,1.4243
0.96943,1.8044,2.744,1.4294
0.98472,1.8044,2.7312,1.4243
0.97452,1.8146,2.7389,1.4192
0.97962,1.812,2.7389,1.4243
0.97452,1.8095,2.7363,1.4243
0.97452,1.8146,2.7363,1.4166
0.96943,1.8095,2.7414,1.4243
0.97707,1.8018,2.7363,1.4243
0.97707,1.812,2.7389,1.4166
0.97197,1.8095,2.7414,1.4243
0.98217,1.8044,2.7338,1.4319
0.98217,1.8146,2.7363,1.4166
0.96943,1.8018,2.7414,1.4294
0.98217,1.8095,2.7287,1.4243
0.97707,1.8095,2.744,1.4243
0.98472,1.8018,2.7312,1.4319
0.98472,1.8171,2.7312,1.4192
0.96943,1.812,2.744,1.4217
0.97962,1.8044,2.7363,1.4243
0.97707,1.8095,2.7338,1.4166
0.96943,1.8146,2.744,1.4217
0.97452,1.8018,2.7389,1.4319
0.98217,1.8069,2.7312,1.4268
0.97962,1.8171,2.7414,1.4166
0.97197,1.8018,2.744,1.4319
0.98472,1.8044,2.7312,1.4243
0.97707,1.8146,2.7363,1.4192
0.96943,1.812,2.744,1.4243
0.98472,1.8018,2.7389,1.4294
0.98472,1.8146,2.7312,1.4217
0.96943,1.8171,2.7414,1.4243
0.97707,1.8018,2.7389,1.4294
0.98472,1.8069,2.7389,1.4243
0.97962,1.8146,2.7363,1.4243
0.97197,1.8018,2.7389,1.4319
0.98472,1.8095,2.7312,1.4192
0.97707,1.8095,2.7389,1.4243
0.97962,1.812,2.7363,1.4319
0.98217,1.8044,2.7312,1.4243
0.97707,1.8146,2.7363,1.4192
0.97197,1.8095,2.7414,1.4294
0.97707,1.8044,2.7363,1.4294
0.98217,1.8095,2.7312,1.4166
0.97707,1.8171,2.7389,1.4192
0.96943,1.8069,2.744,1.4243
0.97707,1.8044,2.7389,1.4319
0.98217,1.8069,2.7312,1.4243
0.97962,1.8146,2.744,1.4192
0.96943,1.8095,2.744,1.4294
0.98472,1.8018,2.7389,1.4319
0.98217,1.8044,2.7338,1.4166
0.97197,1.8146,2.7414,1.4243
0.97707,1.8044,2.7363,1.4319
0.97962,1.8095,2.7287,1.4217
0.97707,1.8095,2.7363,1.4243
0.97707,1.8069,2.7363,1.4319
0.98472,1.8069,2.7312,1.4243
0.97707,1.8146,2.7363,1.4192
0.97452,1.8069,2.7363,1.4243
0.97707,1.8095,2.7389,1.4243
0.98217,1.8069,2.7389,1.4243
0.97707,1.8069,2.7363,1.4243
0.97707,1.8018,2.7389,1.4319
0.98217,1.8197,2.7312,1.4166
0.97707,1.8146,2.7465,1.4192
0.96943,1.8018,2.7465,1.4319
0.98217,1.8044,2.7287,1.4243
0.97707,1.8146,2.7363,1.4192
0.97197,1.812,2.744,1.4243
0.97707,1.8018,2.7338,1.4294
0.98217,1.8069,2.7363,1.4243
0.97707,1.8146,2.7389,1.4192
0.97197,1.8044,2.744,1.4319
0.98472,1.8018,2.7363,1.4243
0.98472,1.8095,2.7312,1.4192
0.97962,1.8146,2.7389,1.4192
0.97197,1.8095,2.7363,1.4243
0.97962,1.8018,2.7389,1.4319
0.98217,1.8095,2.7287,1.4243
0.97707,1.8146,2.7389,1.4166
0.97197,1.812,2.7414,1.4243
0.97452,1.8018,2.7389,1.4294
0.97962,1.8069,2.7338,1.4243
0.97707,1.8069,2.7363,1.4243
0.97707,1.8095,2.7363,1.4319
0.97962,1.8018,2.7312,1.4243
0.97707,1.8146,2.7389,1.4141
0.96943,1.8069,2.744,1.4243
0.97962,1.8095,2.7363,1.4243
0.98472,1.8095,2.7338,1.4243
0.97707,1.8069,2.7363,1.4243
0.97962,1.8095,2.744,1.4243
0.97707,1.8069,2.7389,1.4243
0.97962,1.8146,2.7389,1.4192
0.97197,1.812,2.7414,1.4319
0.98472,1.8018,2.7287,1.4294
0.97707,1.8069,2.7363,1.4192
0.97197,1.8095,2.7465,1.4243
0.97707,1.8069,2.7363,1.4319
0.97707,1.8095,2.7389,1.4243
0.97707,1.8095,2.7389,1.4268
0.97707,1.8044,2.7389,1.4319
0.98472,1.8146,2.7312,1.4192
0.97707,1.8146,2.744,1.4166
0.96943,1.8018,2.7414,1.4345
0.98472,1.8095,2.7312,1.4243
0.97707,1.8197,2.7363,1.4243
0.97707,1.812,2.7363,1.4243
0.97707,1.8095,2.7389,1.4217
0.97962,1.8069,2.7363,1.4166
0.97707,1.8069,2.7389,1.4243
0.97452,1.8095,2.7389,1.4319
0.98472,1.8069,2.7312,1.4243
0.98472,1.8146,2.7312,1.4192
0.97197,1.8171,2.744,1.4268
0.97452,1.8018,2.744,1.4319
0.97707,1.8069,2.7389,1.4268
0.97707,1.8095,2.7389,1.4217
0.97197,1.8095,2.744,1.4243
0.97707,1.8018,2.7389,1.4319
0.98472,1.8044,2.7287,1.4243
0.98472,1.8146,2.7312,1.4192
0.97962,1.8146,2.7363,1.4166
0.96943,1.8095,2.7465,1.4319
0.97962,1.8044,2.7389,1.4319
0.98472,1.8069,2.7312,1.4243
0.97707,1.8171,2.7389,1.4217
0.97197,1.8095,2.744,1.4243
0.97452,1.8095,2.7389,1.4243
0.97707,1.8095,2.7389,1.4243
0.97197,1.8146,2.744,1.4243
0.96943,1.8044,2.7389,1.4319
0.98217,1.8095,2.7312,1.4243
0.97707,1.812,2.7363,1.4217
0.96943,1.8095,2.7363,1.4243
0.97707,1.8018,2.7389,1.4294
0.98217,1.8095,2.7312,1.4243
0.97707,1.8095,2.7363,1.4243
0.96943,1.812,2.7414,1.4243
0.97962,1.8069,2.7363,1.4217
0.97707,1.8095,2.7363,1.4243
0.96943,1.812,2.7414,1.4243
0.97707,1.8018,2.7363,1.4294
0.98217,1.8069,2.7338,1.4243
0.97707,1.8146,2.7363,1.4243
0.97707,1.812,2.7389,1.4243
0.97452,1.8095,2.7363,1.4217
0.97707,1.8095,2.7287,1.4243
0.97707,1.8146,2.7389,1.4166
0.96943,1.8069,2.744,1.4243
0.96943,1.8044,2.7389,1.4294
0.98472,1.8018,2.7312,1.4243
0.98217,1.8146,2.7287,1.4166
0.96943,1.8146,2.7389,1.4217
0.97707,1.8095,2.7389,1.4319
0.98472,1.8044,2.7312,1.4243
0.98217,1.8171,2.7312,1.4192
0.96943,1.8171,2.744,1.4243
0.96943,1.8044,2.7389,1.4294
0.98472,1.8095,2.7312,1.4243
0.97707,1.8171,2.7363,1.4192
0.96943,1.8095,2.7465,1.4217
0.97707,1.8018,2.7363,1.4294
0.98217,1.812,2.7312,1.4217
0.97707,1.8146,2.7389,1.4192
0.96943,1.8095,2.7414,1.4243
0.97707,1.8095,2.7389,1.4268
0.98217,1.8018,2.7312,1.4243
0.98217,1.8146,2.7312,1.4192
0.97197,1.8171,2.744,1.4243
0.97707,1.8018,2.7389,1.4319
0.98472,1.8069,2.7312,1.4243
0.97707,1.8146,2.7389,1.4192
0.96943,1.8095,2.744,1.4243
0.97707,1.8044,2.7389,1.4319
0.97962,1.8095,2.7338,1.4243
0.97707,1.8146,2.7363,1.4243
0.96943,1.8069,2.7389,1.4243
0.97707,1.8095,2.7389,1.4243
0.97707,1.8069,2.7389,1.4243
0.96943,1.8069,2.7465,1.4243
0.97707,1.8044,2.7389,1.4319
0.98217,1.8095,2.7312,1.4243
0.97707,1.8146,2.744,1.4166
0.97197,1.8044,2.7465,1.4294
0.98217,1.8095,2.7338,1.4243
0.97452,1.8095,2.7389,1.4166
0.96688,1.8095,2.744,1.4243
0.97962,1.8018,2.7389,1.4294
0.98472,1.8095,2.7338,1.4243
0.97452,1.8146,2.7389,1.4166
0.96943,1.8095,2.7465,1.4243
0.97452,1.8044,2.7389,1.4319
0.98217,1.8069,2.7312,1.4166
0.97452,1.812,2.7389,1.4192
0.96943,1.8095,2.744,1.4294
0.97707,1.8095,2.7389,1.4294
0.97452,1.8069,2.7389,1.4243
0.97707,1.8095,2.7389,1.4166
0.97707,1.8095,2.7389,1.4243
0.97452,1.8069,2.7389,1.4243
0.97452,1.8095,2.7389,1.4243
0.97452,1.812,2.7389,1.4166
0.96688,1.8095,2.7465,1.4217
0.97452,1.8018,2.7389,1.4243
0.98217,1.8095,2.7338,1.4243
0.97707,1.8146,2.7389,1.4243
0.96943,1.8044,2.744,1.4294
0.97452,1.8044,2.7312,1.4294
0.98217,1.8171,2.7338,1.4141
0.97452,1.8146,2.744,1.4166
0.96943,1.8044,2.744,1.4294
0.98217,1.8018,2.7389,1.4319
0.97962,1.8146,2.7338,1.4141
0.97707,1.8146,2.7389,1.4166
0.96943,1.8095,2.744,1.4319
0.98217,1.8044,2.7287,1.4268
0.98217,1.8171,2.7312,1.4166
0.97707,1.8069,2.7363,1.4243
0.97452,1.8044,2.7389,1.4294
0.98217,1.8069,2.7338,1.4243
0.97707,1.8146,2.7389,1.4166
0.96943,1.8095,2.744,1.4243
0.97452,1.8095,2.7389,1.4217
0.98217,1.8095,2.7338,1.4192
0.96943,1.8146,2.744,1.4192
0.96688,1.8044,2.744,1.4294
0.97962,1.8018,2.7287,1.4243
0.97962,1.8146,2.7312,1.4166
0.96943,1.8146,2.7389,1.4243
0.97707,1.8069,2.7389,1.4294
0.97962,1.8095,2.7338,1.4217
0.97707,1.8146,2.7389,1.4192
0.96943,1.8044,2.7465,1.4319
0.97962,1.8018,2.7312,1.4294
0.97962,1.8095,2.7389,1.4243
0.97452,1.8095,2.7389,1.4243
0.97452,1.8095,2.7389,1.4243
0.97197,1.8044,2.7312,1.4294
0.97962,1.8146,2.7338,1.4141
0.96943,1.8146,2.7465,1.4192
0.96943,1.8044,2.7465,1.4294
0.98217,1.8044,2.7389,1.4243
0.98217,1.8146,2.7338,1.4192
0.96688,1.8146,2.7465,1.4243
0.96943,1.8018,2.7389,1.4294
0.97962,1.8069,2.7338,1.4217
0.97707,1.8146,2.7389,1.4141
0.97452,1.8069,2.744,1.4243
0.97707,1.8069,2.7389,1.4217
0.97962,1.8095,2.7312,1.4243
0.97452,1.8095,2.7389,1.4243
0.96688,1.8069,2.7389,1.4217
0.97452,1.8095,2.7414,1.4217
0.97707,1.8095,2.7389,1.4243
0.97452,1.8095,2.7389,1.4243
0.97452,1.8044,2.7389,1.4294
0.97962,1.8095,2.7363,1.4243
0.97707,1.8146,2.7389,1.4141
0.96943,1.8095,2.7465,1.4243
0.97452,1.8044,2.7389,1.4294
