0.30666,2.0083,2.6293,1.2789
0.29391,2.016,2.642,1.2866
0.29901,2.0109,2.6395,1.2917
0.30156,2.0109,2.6369,1.2815
0.29391,2.0083,2.6446,1.2917
0.30156,2.0032,2.6318,1.2917
0.30666,2.0185,2.6318,1.2764
0.29391,2.0083,2.6446,1.2866
0.30156,2.0058,2.6395,1.2917
0.29901,2.0109,2.6369,1.284
0.30156,2.0083,2.6369,1.2866
0.30156,2.0007,2.6369,1.2917
0.30666,2.0083,2.6318,1.2866
0.30156,2.0185,2.6446,1.2789
0.29646,2.0032,2.6446,1.2917
0.30666,2.0032,2.6344,1.2917
0.30156,2.0109,2.6369,1.2789
0.29646,2.0083,2.6446,1.2917
0.29901,2.0032,2.6369,1.2917
0.30666,2.016,2.6318,1.2764
0.29646,2.0083,2.6446,1.2866
0.30156,2.0058,2.6369,1.2866
0.30666,2.0083,2.6318,1.2866
0.30411,2.016,2.6369,1.2789
0.29646,2.0032,2.642,1.2917
0.29901,2.0032,2.6318,1.2917
0.30666,2.0109,2.6369,1.2866
0.29901,2.0083,2.6369,1.2866
0.30156,2.0083,2.6471,1.2917
0.30666,2.0058,2.6344,1.284
0.30666,2.016,2.6369,1.2789
0.29391,2.0109,2.642,1.2866
0.29901,2.0109,2.6369,1.284
0.30666,2.0083,2.6318,1.284
0.30411,2.0083,2.6395,1.284
0.29391,2.0032,2.6471,1.2917
0.30666,2.0083,2.6318,1.2891
0.29901,2.016,2.6369,1.2789
0.29646,2.0109,2.6446,1.2866
0.30156,2.0058,2.6369,1.2917
0.30666,2.0109,2.6318,1.2866
0.30156,2.016,2.6369,1.2789
0.29391,2.0032,2.6446,1.2917
0.29901,2.0032,2.6369,1.2917
0.30666,2.0185,2.6344,1.2866
0.29646,2.016,2.6446,1.284
0.30156,2.0058,2.6395,1.2917
0.30666,2.0109,2.6344,1.2866
0.30156,2.0109,2.6369,1.2866
0.30156,2.0058,2.6369,1.2917
0.30666,2.0083,2.6369,1.2866
0.30156,2.0083,2.6369,1.2866
0.30156,2.0058,2.6395,1.2917
0.3092,2.0185,2.6318,1.2789
0.29646,2.016,2.6369,1.2866
0.30156,2.0032,2.6369,1.2917
0.30666,2.016,2.6318,1.2789
0.29646,2.016,2.6446,1.2789
0.29646,2.0058,2.6369,1.2917
0.30666,2.0109,2.6318,1.2866
0.30411,2.016,2.6395,1.2764
0.29646,2.0058,2.6471,1.2917
0.30666,2.0083,2.6318,1.2866
0.30156,2.016,2.6369,1.2789
0.30156,2.0083,2.642,1.2917
0.30666,2.0032,2.6318,1.2866
0.30666,2.016,2.6344,1.2789
0.29391,2.0109,2.642,1.2866
0.30156,2.0058,2.6395,1.2866
0.30156,2.0109,2.6344,1.2866
0.29646,2.016,2.6369,1.2815
0.30156,2.0109,2.6369,1.2866
0.30666,2.0058,2.6318,1.2866
0.30156,2.016,2.6395,1.2789
0.29646,2.0109,2.6446,1.2917
0.30666,2.0058,2.6318,1.284
0.30156,2.016,2.6395,1.2815
0.29646,2.0083,2.6446,1.284
0.30411,2.0032,2.6395,1.2917
0.30666,2.0134,2.6344,1.2815
0.29646,2.016,2.6446,1.284
0.29646,2.0083,2.6471,1.2917
0.30666,2.0032,2.6344,1.2866
0.30156,2.0083,2.6369,1.2789
0.29646,2.0109,2.6471,1.2866
0.29901,2.0058,2.642,1.2917
0.30666,2.0185,2.6369,1.2815
0.29646,2.0083,2.6369,1.2866
0.30666,2.0058,2.6369,1.2866
0.30411,2.0185,2.6395,1.2815
0.29646,2.0083,2.6446,1.2891
0.30156,2.0109,2.6395,1.2866
0.30411,2.0109,2.6395,1.2815
0.29646,2.0109,2.6471,1.2866
0.30156,2.0032,2.6344,1.2917
0.3092,2.016,2.6344,1.2789
0.29646,2.0109,2.6471,1.2866
0.29901,2.0032,2.6395,1.2866
0.30411,2.0109,2.6344,1.284
0.29646,2.016,2.6471,1.2866
0.30156,2.0032,2.642,1.284
0.30156,2.0083,2.6344,1.2866
0.30156,2.0109,2.6395,1.2866
0.30411,2.0109,2.6395,1.2917
0.30156,2.0109,2.6318,1.2891
0.29901,2.016,2.6395,1.2789
0.29646,2.0109,2.6471,1.2866
0.30411,2.0058,2.642,1.2917
0.30666,2.0109,2.6344,1.2815
0.29646,2.016,2.6471,1.2789
0.29646,2.0058,2.6497,1.2917
0.3092,2.0083,2.6369,1.284
0.30411,2.016,2.642,1.284
0.30156,2.0109,2.642,1.2866
0.30411,2.0109,2.6395,1.2866
0.30411,2.016,2.642,1.2815
0.29646,2.0109,2.6471,1.2891
0.30156,2.0032,2.6395,1.2917
0.3092,2.0083,2.6344,1.2866
0.30156,2.016,2.6395,1.2815
0.29646,2.0083,2.6471,1.2866
0.29901,2.0109,2.6395,1.2917
0.30666,2.0083,2.6344,1.2866
0.30156,2.016,2.642,1.2815
0.29646,2.0032,2.6471,1.2866
0.30411,2.0032,2.642,1.2866
0.3092,2.0083,2.6369,1.2866
0.30411,2.0185,2.642,1.2866
0.29646,2.0109,2.6497,1.2866
0.3092,2.0032,2.642,1.2917
0.30666,2.0083,2.6344,1.2866
0.30411,2.016,2.642,1.2789
0.29646,2.0109,2.6471,1.2917
0.29901,2.0058,2.642,1.2942
0.3092,2.0109,2.6369,1.2764
0.30156,2.016,2.642,1.2815
0.29391,2.0109,2.6471,1.2917
0.30666,2.0032,2.642,1.2917
0.3092,2.0185,2.6369,1.2789
0.29646,2.0185,2.6497,1.2815
0.29646,2.0058,2.6471,1.2917
0.30666,2.0058,2.6369,1.2866
0.3092,2.016,2.6344,1.2789
0.29646,2.016,2.6497,1.2891
0.30156,2.0058,2.642,1.2917
0.3092,2.0109,2.6369,1.2866
0.30411,2.016,2.6395,1.2789
0.29646,2.0083,2.6471,1.2866
0.30156,2.0032,2.642,1.2866
0.30411,2.0083,2.6369,1.284
0.30411,2.0083,2.642,1.2866
0.30411,2.0109,2.642,1.2917
0.30666,2.0083,2.6369,1.2866
0.30156,2.0185,2.642,1.2866
0.30411,2.0083,2.642,1.2866
0.30156,2.0083,2.6395,1.2866
0.30156,2.016,2.642,1.2789
0.29646,2.0109,2.6471,1.2917
0.30156,2.0058,2.642,1.2942
0.3092,2.0083,2.6369,1.2866
0.30411,2.0134,2.642,1.2789
0.30156,2.0109,2.642,1.2917
0.3092,2.0032,2.6369,1.2891
0.3092,2.0185,2.6369,1.2815
0.29646,2.016,2.6471,1.2866
0.30156,2.0109,2.642,1.2917
0.30156,2.0032,2.6318,1.2866
0.30156,2.0185,2.6395,1.2789
0.29646,2.0083,2.6446,1.2866
0.30156,2.0058,2.6344,1.2866
0.3092,2.016,2.6344,1.2789
0.29646,2.0185,2.6471,1.2866
0.29646,2.0058,2.6471,1.2942
0.3092,2.0032,2.6344,1.2866
0.30666,2.016,2.6344,1.2815
0.29646,2.016,2.6471,1.2866
0.29646,2.0058,2.6471,1.2917
0.3092,2.0032,2.6344,1.2866
0.30666,2.0185,2.6344,1.2789
0.29646,2.0185,2.6471,1.2815
0.29391,2.0058,2.6471,1.2917
0.30666,2.0058,2.6344,1.2866
0.30666,2.0134,2.6395,1.2815
0.29646,2.0083,2.6471,1.284
0.30156,2.0032,2.642,1.284
0.30411,2.0109,2.642,1.2891
0.30156,2.0109,2.642,1.2866
0.30156,2.0058,2.6395,1.2942
0.30666,2.0083,2.6344,1.2891
0.30156,2.016,2.642,1.2789
0.29646,2.0083,2.6395,1.284
0.30411,2.0083,2.6395,1.284
0.30411,2.016,2.642,1.2815
0.29646,2.0083,2.6471,1.2866
0.3092,2.0032,2.6344,1.2917
0.3092,2.016,2.6344,1.2815
0.29646,2.016,2.6471,1.2815
0.29646,2.0058,2.6471,1.2917
0.3092,2.0032,2.6369,1.2891
0.3092,2.0185,2.6344,1.2789
0.29646,2.0083,2.6471,1.2866
0.30411,2.0032,2.6395,1.2917
0.3092,2.0083,2.6344,1.2866
0.29901,2.0185,2.642,1.2891
0.30156,2.0083,2.6471,1.284
0.30411,2.0083,2.6395,1.2942
0.3092,2.016,2.6369,1.2789
0.30156,2.0109,2.6395,1.2866
0.30156,2.0032,2.6395,1.2917
0.31175,2.0083,2.6344,1.2866
0.30156,2.016,2.6471,1.2789
0.29646,2.0083,2.6471,1.2917
0.30156,2.0058,2.6344,1.2917
0.30411,2.0083,2.6395,1.2789
0.30411,2.0083,2.642,1.284
0.30156,2.0058,2.642,1.2917
0.30666,2.0083,2.6369,1.284
0.30156,2.0134,2.6395,1.2866
0.29646,2.0083,2.6471,1.2866
0.30156,2.0058,2.642,1.284
0.30156,2.0083,2.642,1.2789
0.29646,2.0083,2.6471,1.2866
0.30156,2.0083,2.642,1.2917
0.30666,2.0134,2.642,1.284
0.30156,2.0109,2.6395,1.284
0.30156,2.0083,2.642,1.2917
0.3092,2.0083,2.6369,1.284
0.29901,2.0185,2.6395,1.2789
0.29391,2.0032,2.6471,1.2942
0.30156,2.0032,2.6344,1.2917
0.3092,2.016,2.6344,1.2789
0.29391,2.0083,2.6471,1.284
0.30156,2.0032,2.6446,1.284
0.30666,2.0109,2.6318,1.2866
0.29646,2.016,2.642,1.2789
0.29391,2.0058,2.6471,1.2917
0.3092,2.0058,2.6369,1.2942
0.30666,2.016,2.6369,1.2789
0.29391,2.0083,2.6471,1.2866
0.30411,2.0058,2.6395,1.2866
0.3092,2.0083,2.6344,1.284
0.30156,2.0109,2.642,1.2866
0.30156,2.0109,2.642,1.284
0.30156,2.0083,2.642,1.2866
0.29901,2.0083,2.6395,1.2789
0.30156,2.0109,2.642,1.2866
0.30156,2.0007,2.642,1.2917
0.30666,2.0083,2.6369,1.2866
0.30156,2.0185,2.6471,1.2789
0.29646,2.0083,2.6471,1.2917
0.30156,2.0032,2.642,1.2942
0.30666,2.0109,2.6344,1.2789
0.29646,2.0185,2.6471,1.2789
0.29646,2.0058,2.6497,1.2942
0.3092,2.0083,2.6344,1.284
0.30156,2.016,2.642,1.2789
0.29646,2.0109,2.6497,1.2866
0.30156,2.0109,2.642,1.2866
0.30666,2.016,2.6344,1.2815
0.29646,2.0109,2.642,1.2891
0.30411,2.0083,2.642,1.284
0.30411,2.016,2.642,1.2789
0.29646,2.0032,2.6471,1.2917
0.3092,2.0058,2.6369,1.2866
0.30666,2.016,2.6369,1.2815
0.29646,2.016,2.6471,1.2866
0.30156,2.0058,2.6395,1.2917
0.30411,2.0109,2.642,1.2789
0.29646,2.0083,2.6497,1.2866
0.30156,2.0058,2.642,1.2917
0.31175,2.0083,2.6369,1.2789
0.30156,2.016,2.6446,1.2789
0.30156,2.0109,2.642,1.2917
0.30666,2.0083,2.6344,1.2866
0.30156,2.0185,2.642,1.2789
0.29646,2.0109,2.6471,1.2942
0.30666,2.0058,2.6369,1.2917
0.30156,2.016,2.642,1.2789
0.29391,2.0032,2.6497,1.2942
0.30666,2.0109,2.6369,1.2866
0.30411,2.0083,2.642,1.2866
0.30411,2.0058,2.6446,1.2917
0.3092,2.016,2.6369,1.2815
0.29646,2.016,2.642,1.284
0.30156,2.0032,2.6471,1.2917
0.31175,2.0185,2.6395,1.2789
0.29646,2.0185,2.6522,1.2866
0.30156,2.0032,2.6446,1.2917
0.3092,2.016,2.6369,1.2789
0.29646,2.0109,2.6497,1.2866
0.30411,2.0109,2.6446,1.2891
0.30411,2.0185,2.6446,1.2789
0.29646,2.0032,2.6522,1.2917
0.3092,2.0109,2.6395,1.2866
0.30411,2.016,2.6497,1.2789
0.29646,2.0058,2.6497,1.2917
0.30666,2.0083,2.6395,1.2891
0.29646,2.0185,2.6497,1.2815
0.30156,2.0058,2.642,1.2917
0.30411,2.0083,2.6395,1.2891
0.30411,2.0083,2.6446,1.2866
0.30156,2.0109,2.6446,1.2866
0.3092,2.0058,2.6395,1.2866
0.30156,2.0185,2.6446,1.284
0.29646,2.0109,2.6497,1.2891
0.30411,2.0058,2.6446,1.2917
0.3092,2.016,2.6395,1.2789
0.29646,2.0185,2.6497,1.2815
0.29646,2.0058,2.6522,1.2917
0.3092,2.0058,2.6369,1.2866
0.3092,2.0083,2.6471,1.2789
0.29646,2.0109,2.6497,1.2891
0.30411,2.0058,2.6446,1.2917
0.3092,2.0083,2.6395,1.2815
0.30156,2.016,2.6446,1.2815
0.29646,2.0109,2.6471,1.2917
0.30666,2.0058,2.6369,1.2891
0.3092,2.016,2.6446,1.2789
0.29646,2.0109,2.6497,1.2866
0.30156,2.0032,2.6446,1.2917
0.30666,2.0083,2.6395,1.2891
0.30411,2.0109,2.6446,1.2866
0.30411,2.0032,2.6446,1.2942
0.3092,2.016,2.6395,1.2815
0.30411,2.0109,2.642,1.2866
0.30156,2.0109,2.6471,1.2917
0.30666,2.0083,2.6369,1.2891
0.29901,2.0185,2.6446,1.2815
0.29646,2.0058,2.6522,1.2917
0.3092,2.0109,2.6369,1.2866
0.30411,2.0083,2.6446,1.2789
0.29391,2.0058,2.6522,1.2917
0.30666,2.0109,2.6369,1.2891
0.30156,2.0109,2.6446,1.2866
0.30156,2.0032,2.6446,1.2917
0.30666,2.016,2.6395,1.2866
0.29646,2.0185,2.6497,1.2815
0.30156,2.0058,2.6471,1.2891
0.30156,2.0109,2.6395,1.2866
0.30156,2.0109,2.642,1.2866
0.30156,2.0032,2.6446,1.2917
0.30666,2.0109,2.6369,1.2789
0.29646,2.016,2.6497,1.2866
0.30156,2.0032,2.6446,1.2866
0.30411,2.0109,2.642,1.2815
0.29646,2.0109,2.6497,1.2866
0.3092,2.0058,2.6369,1.2942
0.30666,2.0185,2.6369,1.2789
0.29391,2.0109,2.6497,1.2866
0.30156,2.0032,2.6446,1.2917
0.30156,2.0109,2.642,1.2789
0.30411,2.0083,2.6395,1.284
0.30156,2.0032,2.6446,1.2917
0.3092,2.0109,2.6344,1.2891
0.30156,2.0185,2.642,1.2815
0.29646,2.0109,2.6471,1.2866
0.30156,2.0032,2.6395,1.2866
0.3092,2.0109,2.642,1.2866
0.30156,2.0083,2.642,1.2866
0.30411,2.0058,2.6395,1.2917
0.3092,2.0109,2.6369,1.284
0.30156,2.0185,2.642,1.2789
0.29646,2.0109,2.6471,1.2891
0.30156,2.0109,2.642,1.2891
0.3092,2.0185,2.6344,1.2789
0.29391,2.016,2.6497,1.2866
0.30156,2.0058,2.642,1.2917
0.3092,2.0083,2.6369,1.2866
0.30156,2.016,2.6471,1.2789
0.29391,2.0032,2.6471,1.2917
0.30666,2.0083,2.6344,1.2866
0.30156,2.0185,2.6369,1.2815
0.29646,2.0032,2.6471,1.284
0.30411,2.0083,2.642,1.2866
0.30156,2.0083,2.6395,1.2789
0.29391,2.0109,2.6471,1.2866
0.30156,2.0032,2.6446,1.2917
0.3092,2.0109,2.6395,1.2866
0.30411,2.016,2.6395,1.2866
0.30156,2.0109,2.642,1.2917
0.30666,2.0083,2.6344,1.2866
0.29646,2.016,2.6395,1.2789
0.29646,2.0058,2.6471,1.2917
0.30666,2.0058,2.642,1.2866
0.30411,2.0109,2.6395,1.2815
0.29901,2.0109,2.642,1.2866
0.30156,2.0083,2.6395,1.2917
0.30666,2.0109,2.6344,1.2866
0.30156,2.0083,2.6395,1.2789
0.29646,2.0058,2.6471,1.2917
0.30666,2.0109,2.6344,1.2866
0.29901,2.016,2.642,1.2866
0.29646,2.0109,2.6395,1.2866
0.30156,2.0109,2.6369,1.2866
0.30156,2.0083,2.6344,1.2866
0.30156,2.0109,2.6395,1.284
0.30156,2.0109,2.642,1.2866
0.29901,2.0083,2.642,1.2866
0.30156,2.0083,2.6395,1.2866
0.30156,2.0109,2.642,1.2866
0.30156,2.0083,2.6395,1.2917
0.3092,2.0083,2.6344,1.2866
0.29901,2.016,2.642,1.2789
0.29646,2.0109,2.6471,1.2866
0.30411,2.0083,2.6395,1.2866
0.30666,2.0083,2.6344,1.2866
0.30411,2.0109,2.642,1.2866
0.30156,2.0058,2.6395,1.2917
0.30666,2.0109,2.6344,1.2866
0.29391,2.016,2.6497,1.2789
0.29646,2.0058,2.6471,1.2917
0.30666,2.0109,2.6344,1.2891
0.30156,2.0109,2.642,1.2891
0.30156,2.0083,2.6395,1.2917
0.30666,2.0083,2.6369,1.2815
0.29646,2.016,2.6471,1.2815
0.29646,2.0083,2.642,1.2917
0.3092,2.0083,2.6344,1.284
0.30411,2.0185,2.6395,1.2815
0.29646,2.0109,2.6471,1.2917
0.30666,2.0058,2.642,1.2866
0.29901,2.0109,2.642,1.2866
0.30411,2.0109,2.6395,1.2866
0.30411,2.0109,2.642,1.2942
0.3092,2.0032,2.6318,1.284
0.30411,2.016,2.6369,1.2815
0.29646,2.0109,2.6446,1.2866
0.30156,2.0032,2.6395,1.2866
0.30666,2.0083,2.6344,1.2866
0.30411,2.016,2.6395,1.2789
0.29646,2.0083,2.6395,1.2866
0.30156,2.0109,2.6395,1.2866
0.3092,2.0109,2.6344,1.2891
0.30411,2.0185,2.6395,1.2891
0.29646,2.0109,2.6446,1.2866
0.30156,2.0032,2.6369,1.2917
0.3092,2.0109,2.6344,1.2866
0.30156,2.0109,2.6369,1.284
0.29646,2.0083,2.6446,1.2866
0.29901,2.0032,2.6395,1.2866
0.3092,2.0109,2.6369,1.2891
0.30411,2.0109,2.642,1.284
0.30156,2.0058,2.6395,1.2917
0.3092,2.0109,2.6344,1.2866
0.30411,2.016,2.6446,1.2789
0.29391,2.0032,2.6395,1.2917
0.30666,2.0083,2.6318,1.2891
0.30411,2.0109,2.6395,1.2866
0.30411,2.0109,2.6395,1.2917
0.3092,2.0083,2.6344,1.2789
0.29646,2.016,2.6369,1.2866
0.30156,2.0134,2.642,1.2917
0.3092,2.0083,2.6318,1.2866
0.30156,2.0185,2.6369,1.2789
0.29391,2.0109,2.6446,1.2917
0.30666,2.0032,2.6344,1.2866
0.30411,2.0185,2.6369,1.2789
0.29646,2.0083,2.6471,1.2942
0.30411,2.0032,2.6395,1.2917
0.30666,2.016,2.6318,1.2815
0.30411,2.0185,2.6471,1.2789
0.29646,2.0058,2.6446,1.2917
0.3092,2.0032,2.6344,1.2866
0.30411,2.016,2.6369,1.2866
0.29646,2.0109,2.6471,1.2866
0.30156,2.0032,2.6395,1.2866
0.31175,2.0109,2.6344,1.2866
0.30156,2.0109,2.6395,1.2866
0.30156,2.0032,2.6395,1.2917
0.30666,2.0109,2.6318,1.2866
0.29646,2.016,2.6369,1.284
0.30156,2.0109,2.6395,1.2866
0.30156,2.0083,2.6395,1.284
0.30156,2.0109,2.6395,1.2789
0.29646,2.0109,2.6471,1.2917
0.30411,2.0058,2.6344,1.2917
0.30666,2.0185,2.6344,1.2789
0.29646,2.016,2.6471,1.2866
0.29646,2.0032,2.6471,1.2917
0.3092,2.0109,2.6344,1.2866
0.30156,2.0185,2.6369,1.2866
0.30156,2.0109,2.6471,1.2866
0.30156,2.0032,2.6318,1.2866
0.30156,2.0185,2.6395,1.2866
0.29391,2.0109,2.6471,1.284
0.30411,2.0058,2.6369,1.284
0.30411,2.0109,2.6395,1.2866
0.30156,2.0109,2.6395,1.2866
0.30411,2.0109,2.6369,1.2866
0.30156,2.0083,2.6395,1.2917
0.30666,2.016,2.6344,1.2815
0.30411,2.0083,2.642,1.2866
0.30156,2.0109,2.6395,1.2917
0.30666,2.0109,2.6318,1.2866
0.3092,2.016,2.6369,1.2789
0.29646,2.0109,2.6471,1.2866
0.30156,2.0032,2.6395,1.2866
0.30666,2.0083,2.6344,1.284
0.30156,2.016,2.6395,1.2789
0.29646,2.0083,2.6446,1.2866
