0.58706,2.0313,2.8816,1.4472
0.5998,2.0364,2.8765,1.4396
0.60235,2.0414,2.8765,1.4319
0.58706,2.044,2.8893,1.437
0.58961,2.0287,2.8893,1.4447
0.59471,2.0364,2.8816,1.437
0.59216,2.0364,2.8816,1.4345
0.59216,2.0364,2.8918,1.4396
0.59216,2.0287,2.8816,1.4472
0.5998,2.0364,2.8765,1.4396
0.59216,2.044,2.8816,1.4319
0.58706,2.0364,2.8893,1.4396
0.59471,2.0389,2.8816,1.4447
0.59216,2.0338,2.8816,1.437
0.59216,2.0389,2.8765,1.4396
0.59216,2.0414,2.8816,1.4396
0.58451,2.0338,2.8893,1.437
0.59216,2.0287,2.8842,1.4396
0.5998,2.0364,2.8765,1.437
0.5998,2.0414,2.8791,1.4345
0.59216,2.0364,2.8816,1.437
0.59216,2.0364,2.8816,1.4447
0.59725,2.0313,2.8765,1.4447
0.59725,2.0364,2.874,1.4345
0.59471,2.044,2.8867,1.4345
0.58706,2.0313,2.8867,1.4447
0.59216,2.0287,2.8765,1.4447
0.59725,2.0389,2.8765,1.437
0.59216,2.044,2.8816,1.4396
0.59471,2.0364,2.8893,1.437
0.59216,2.0287,2.8791,1.4447
0.59216,2.0389,2.8816,1.4396
0.59216,2.0364,2.8816,1.4345
0.59471,2.0389,2.8816,1.437
0.58706,2.0364,2.8893,1.4396
0.59216,2.0287,2.8816,1.437
0.59725,2.0364,2.8816,1.4396
0.59216,2.0414,2.8842,1.4396
0.58706,2.0364,2.8816,1.4396
0.59216,2.0364,2.8816,1.4396
0.5998,2.0364,2.8816,1.4396
0.59216,2.044,2.8842,1.4396
0.58961,2.044,2.8918,1.437
0.58706,2.0364,2.8918,1.4447
0.5998,2.0287,2.8842,1.437
0.59725,2.0364,2.8765,1.4396
0.59216,2.0414,2.8816,1.4319
0.58451,2.044,2.8893,1.4396
0.58706,2.0287,2.8893,1.4447
0.59216,2.0313,2.8842,1.4447
0.60235,2.0338,2.8791,1.437
0.59216,2.044,2.8816,1.4319
0.59216,2.0389,2.8842,1.4345
0.59216,2.0389,2.8816,1.4447
0.59216,2.0287,2.8842,1.4396
0.59216,2.0389,2.8791,1.437
0.59471,2.044,2.8867,1.4396
0.58706,2.0389,2.8893,1.437
0.58961,2.0287,2.8893,1.4421
0.5998,2.0313,2.8765,1.4447
0.5998,2.044,2.8765,1.4345
0.59216,2.044,2.8893,1.4345
0.59216,2.0389,2.8816,1.4472
0.59216,2.0364,2.8765,1.4396
0.59216,2.044,2.8816,1.4319
0.58706,2.0364,2.8867,1.4421
0.59216,2.0287,2.8816,1.4447
0.59471,2.0364,2.8816,1.437
0.59216,2.0338,2.8816,1.4345
0.58706,2.044,2.8893,1.4345
0.58706,2.0364,2.8867,1.4421
0.59471,2.0287,2.8816,1.4447
0.5998,2.0364,2.8765,1.4396
0.59216,2.044,2.8816,1.4319
0.58961,2.0389,2.8893,1.437
0.59216,2.0287,2.8816,1.4447
0.5998,2.0313,2.874,1.4396
0.59216,2.044,2.8816,1.4294
0.58706,2.0389,2.8893,1.4396
0.59216,2.0287,2.8816,1.4447
0.5998,2.0364,2.8765,1.4396
0.59216,2.044,2.8791,1.4345
0.58706,2.0313,2.8893,1.4447
0.58961,2.0313,2.874,1.4447
0.5998,2.044,2.8765,1.4319
0.58451,2.044,2.8893,1.437
0.59216,2.0287,2.8842,1.4447
0.60235,2.0287,2.8765,1.4396
0.59471,2.0414,2.8816,1.4345
0.58706,2.0364,2.8867,1.437
0.58961,2.0338,2.8816,1.4447
0.59216,2.0389,2.8816,1.437
0.59216,2.0364,2.8816,1.437
0.59216,2.0364,2.8816,1.4396
0.59216,2.0389,2.8816,1.4447
0.5998,2.044,2.8765,1.4319
0.58706,2.0414,2.8893,1.437
0.59216,2.0287,2.8816,1.4447
0.59725,2.0389,2.8765,1.4396
0.59216,2.044,2.8816,1.437
0.58706,2.0389,2.8893,1.437
0.59216,2.0338,2.8816,1.437
0.59216,2.0389,2.8816,1.4345
0.58961,2.0364,2.8791,1.4396
0.59216,2.0287,2.8816,1.4447
0.5998,2.0364,2.874,1.4345
0.59471,2.0414,2.8791,1.4319
0.58451,2.0364,2.8867,1.437
0.59216,2.0338,2.8816,1.4447
0.59216,2.0364,2.8791,1.437
0.59216,2.0389,2.8842,1.437
0.59216,2.0364,2.8842,1.4396
0.59471,2.0364,2.8816,1.437
0.59216,2.0364,2.874,1.437
0.59216,2.044,2.8816,1.4319
0.59216,2.0389,2.8816,1.437
0.5998,2.0313,2.8765,1.437
0.5998,2.044,2.8765,1.4319
0.58706,2.0414,2.8867,1.437
0.58706,2.0313,2.8816,1.4447
0.5998,2.0389,2.8765,1.437
0.60235,2.0414,2.8816,1.4319
0.58706,2.0364,2.8867,1.4396
0.59216,2.0313,2.8816,1.4447
0.59216,2.0364,2.8765,1.4396
0.59471,2.044,2.8816,1.437
0.58451,2.0364,2.8893,1.4421
0.59471,2.0287,2.8816,1.4447
0.5998,2.0364,2.874,1.4396
0.59471,2.044,2.8816,1.4319
0.58706,2.0364,2.8867,1.437
0.59216,2.0364,2.8816,1.4447
0.59216,2.0338,2.8816,1.437
0.5998,2.0364,2.8816,1.4396
0.59216,2.0364,2.8816,1.437
0.58706,2.0389,2.8791,1.437
0.59216,2.0287,2.8816,1.437
0.5998,2.0364,2.8765,1.437
0.59471,2.044,2.8791,1.437
0.58706,2.0364,2.8893,1.437
0.59216,2.0389,2.8816,1.437
0.59471,2.0364,2.8816,1.437
0.59216,2.0364,2.8816,1.437
0.59471,2.0364,2.8816,1.4447
0.59471,2.0389,2.8765,1.437
0.59216,2.0465,2.8791,1.4294
0.59216,2.0364,2.8816,1.437
0.59216,2.0364,2.8816,1.4447
0.59216,2.0389,2.8816,1.437
0.59471,2.0389,2.8816,1.4319
0.59471,2.0389,2.8816,1.437
0.59216,2.0364,2.8816,1.4447
0.59216,2.0313,2.8765,1.437
0.5998,2.0414,2.8791,1.4294
0.58706,2.044,2.8893,1.4294
0.58706,2.0364,2.8893,1.4421
0.5998,2.0313,2.8791,1.4447
0.5998,2.0338,2.8765,1.4319
0.59216,2.0465,2.8842,1.4319
0.58706,2.0364,2.8816,1.4396
0.59216,2.0287,2.8842,1.437
0.5998,2.0364,2.8765,1.437
0.59471,2.0414,2.8842,1.4319
0.58451,2.0364,2.8918,1.4396
0.59216,2.0287,2.8842,1.4447
0.5998,2.0364,2.8842,1.437
0.59471,2.0364,2.8842,1.437
0.58706,2.0364,2.8918,1.437
0.59216,2.0313,2.8842,1.437
0.59471,2.0364,2.8791,1.437
0.59216,2.044,2.8867,1.437
0.59216,2.0364,2.8842,1.4345
0.59216,2.0313,2.8842,1.4421
0.59725,2.0364,2.8791,1.437
0.59216,2.044,2.8842,1.4294
0.58706,2.044,2.8918,1.4345
0.58961,2.0287,2.8918,1.4421
0.59216,2.0287,2.8867,1.4421
0.5998,2.0364,2.8791,1.437
0.5998,2.0414,2.8816,1.4294
0.58451,2.044,2.8918,1.4294
0.58706,2.0287,2.8918,1.4447
0.59216,2.0313,2.8867,1.4421
0.60235,2.0364,2.8791,1.437
0.59216,2.044,2.8867,1.4294
0.59471,2.0364,2.8893,1.437
0.59471,2.0338,2.8867,1.437
0.59216,2.0364,2.8867,1.437
0.5998,2.0364,2.8867,1.437
0.59216,2.0364,2.8867,1.4396
0.58706,2.0364,2.8944,1.437
0.59725,2.0287,2.8867,1.4447
0.5998,2.0364,2.8816,1.4319
0.59216,2.044,2.8867,1.4319
0.58706,2.0389,2.8918,1.437
0.59471,2.0287,2.8867,1.4421
0.5998,2.0364,2.8791,1.437
0.5998,2.0414,2.8816,1.4319
0.59216,2.0414,2.8918,1.4294
0.58451,2.0287,2.8944,1.4421
0.59216,2.0287,2.8893,1.4421
0.5998,2.0364,2.8816,1.4294
0.59216,2.044,2.8867,1.4319
0.58706,2.0364,2.8944,1.4421
0.59216,2.0313,2.8893,1.4421
0.5998,2.0389,2.8791,1.4396
0.59216,2.0414,2.8867,1.4319
0.58706,2.0364,2.8969,1.437
0.59725,2.0287,2.8867,1.4421
0.59216,2.0414,2.8867,1.4319
0.58706,2.0364,2.8918,1.4421
0.59725,2.0313,2.8816,1.4421
0.5998,2.0414,2.8816,1.4319
0.58451,2.0389,2.8918,1.437
0.59216,2.0287,2.8867,1.4447
0.5998,2.0338,2.8816,1.4345
0.59216,2.0414,2.8867,1.4345
0.59216,2.0338,2.8918,1.4345
0.59471,2.0313,2.8867,1.437
0.59216,2.0364,2.8791,1.437
0.59216,2.0364,2.8867,1.4345
0.59216,2.0364,2.8867,1.4345
0.59471,2.0364,2.8867,1.437
0.59216,2.0364,2.8842,1.4294
0.59216,2.0364,2.8842,1.4345
0.59216,2.0364,2.8944,1.4345
0.59216,2.0287,2.8867,1.4421
0.59725,2.0364,2.8791,1.4345
0.59216,2.044,2.8867,1.4319
0.59216,2.0364,2.8842,1.437
0.58961,2.0364,2.8918,1.4421
0.59471,2.0287,2.8867,1.4421
0.5998,2.0389,2.8791,1.4345
0.59216,2.044,2.8842,1.4319
0.59216,2.0414,2.8842,1.4345
0.58451,2.0364,2.8918,1.4345
0.59216,2.0313,2.8816,1.4421
0.5998,2.0313,2.8791,1.4447
0.59725,2.0389,2.8791,1.4294
0.59216,2.044,2.8816,1.4319
0.59216,2.0364,2.8842,1.437
0.58706,2.0338,2.8842,1.437
0.59216,2.0313,2.8842,1.437
0.5998,2.0364,2.8791,1.4345
0.59216,2.0364,2.8867,1.437
0.59471,2.0364,2.8842,1.4294
0.58706,2.0313,2.8918,1.4447
0.59216,2.0287,2.8816,1.4345
0.5998,2.0364,2.8791,1.437
0.59471,2.0414,2.8842,1.4319
0.58961,2.0414,2.8893,1.437
0.58706,2.0262,2.8918,1.4421
0.59216,2.0287,2.8842,1.4421
0.59725,2.0364,2.8765,1.4345
0.5998,2.044,2.8791,1.4319
0.59216,2.044,2.8816,1.4319
0.58451,2.0389,2.8918,1.4345
0.59216,2.0313,2.8842,1.4447
0.59216,2.0364,2.8842,1.4345
0.5998,2.0364,2.8842,1.437
0.59216,2.044,2.8816,1.4294
0.59216,2.0364,2.8842,1.4345
0.58706,2.0287,2.8893,1.437
0.59216,2.0287,2.8816,1.4447
0.5998,2.0287,2.8765,1.4345
0.5998,2.0364,2.8791,1.4294
0.59471,2.044,2.8842,1.4319
0.59216,2.0364,2.8842,1.4345
0.58706,2.0364,2.8918,1.4447
0.59216,2.0287,2.8867,1.4421
0.5998,2.0364,2.8791,1.437
0.59216,2.0389,2.8816,1.4319
0.59216,2.0364,2.8816,1.4345
0.59216,2.0364,2.8842,1.4345
0.59216,2.0364,2.8842,1.4447
0.60235,2.0414,2.8791,1.4319
0.59216,2.0414,2.8816,1.4319
0.58706,2.0364,2.8893,1.4447
0.59471,2.0313,2.8842,1.4447
0.59216,2.0364,2.8867,1.4345
0.58961,2.0364,2.8816,1.437
0.59216,2.044,2.8842,1.4294
0.58706,2.0364,2.8918,1.437
0.58961,2.0313,2.8842,1.4421
0.5998,2.0313,2.8791,1.4421
0.59725,2.0364,2.8791,1.4396
0.59216,2.044,2.8816,1.4319
0.59216,2.0364,2.8816,1.437
0.58706,2.0364,2.8867,1.437
0.59216,2.0287,2.8842,1.4447
0.60235,2.0287,2.8791,1.4447
0.5998,2.0389,2.8867,1.4396
0.58961,2.0414,2.8816,1.4319
0.58706,2.0364,2.8893,1.437
0.59216,2.0313,2.8842,1.4447
0.59471,2.0364,2.8816,1.4447
0.5998,2.0389,2.8765,1.437
0.59216,2.044,2.8842,1.4345
0.59471,2.0414,2.8893,1.4319
0.58961,2.0364,2.8893,1.4447
0.59216,2.0287,2.8816,1.4447
0.59216,2.0364,2.8842,1.437
0.59216,2.0364,2.8816,1.437
0.58706,2.0414,2.8893,1.4319
0.58706,2.0287,2.8918,1.4447
0.5998,2.0313,2.8765,1.4447
0.5998,2.0414,2.8791,1.4319
0.58451,2.0414,2.8893,1.437
0.58706,2.0389,2.8918,1.4447
0.59471,2.0287,2.8816,1.4447
0.5998,2.0338,2.8791,1.4294
0.59471,2.0389,2.8816,1.4345
0.58451,2.044,2.8918,1.4345
0.58706,2.0364,2.8893,1.4447
0.59216,2.0313,2.8816,1.4447
0.5998,2.0364,2.8765,1.437
0.5998,2.044,2.8765,1.4319
0.58961,2.044,2.8918,1.4319
0.58451,2.0287,2.8893,1.4447
0.5998,2.0287,2.8765,1.4447
0.5998,2.0389,2.8765,1.437
0.59216,2.0465,2.8816,1.4294
0.58451,2.044,2.8867,1.4319
0.58451,2.0389,2.8867,1.437
0.59216,2.0287,2.8816,1.4345
0.5998,2.0364,2.8765,1.4319
0.59471,2.044,2.8842,1.4319
0.59216,2.0364,2.8842,1.4396
0.58706,2.0364,2.8842,1.437
0.59216,2.0287,2.8816,1.4345
0.59725,2.0364,2.8765,1.437
0.5998,2.0414,2.8765,1.4319
0.58706,2.0414,2.8893,1.4345
0.58451,2.0364,2.8893,1.4447
0.59216,2.0313,2.8816,1.4396
0.59725,2.0313,2.8816,1.437
0.59471,2.0364,2.8816,1.4396
0.59471,2.0364,2.8816,1.4345
0.58706,2.0364,2.8842,1.437
0.59216,2.0364,2.8816,1.437
0.59471,2.0364,2.8842,1.437
0.59216,2.0389,2.8816,1.4345
0.59216,2.0389,2.8816,1.437
0.59216,2.0287,2.8816,1.437
0.5998,2.0389,2.8765,1.437
0.59216,2.044,2.8816,1.437
0.59216,2.0364,2.8816,1.4396
0.5998,2.0364,2.8765,1.4421
0.59216,2.0338,2.8842,1.4396
0.59216,2.0364,2.8893,1.4447
0.5998,2.0313,2.8765,1.4447
0.5998,2.0364,2.8765,1.4319
0.58196,2.044,2.8816,1.4319
0.58706,2.0313,2.8893,1.4447
0.59216,2.0313,2.8816,1.4447
0.5998,2.0338,2.8765,1.4319
0.59216,2.0414,2.8816,1.4319
0.58706,2.0389,2.8867,1.4447
0.59216,2.0287,2.8816,1.4421
0.59725,2.0414,2.8765,1.4345
0.58451,2.044,2.8893,1.4319
0.58706,2.0364,2.8893,1.4447
0.59216,2.0287,2.8842,1.4447
0.5998,2.0364,2.8765,1.4319
0.59471,2.044,2.8918,1.4319
0.58961,2.0338,2.8918,1.4396
0.59216,2.0313,2.8791,1.4447
0.5998,2.0364,2.8765,1.437
0.59216,2.0389,2.8816,1.4319
0.58451,2.0389,2.8893,1.4396
0.59471,2.0313,2.8816,1.4421
0.5998,2.0364,2.8791,1.437
0.59216,2.044,2.8816,1.4319
0.58706,2.0364,2.8893,1.4345
0.59216,2.0287,2.8842,1.4396
0.5998,2.0364,2.8791,1.437
0.59471,2.0414,2.8842,1.4319
0.58706,2.0364,2.8842,1.4345
0.59471,2.0364,2.8842,1.437
0.59471,2.0364,2.8791,1.4319
0.58706,2.044,2.8816,1.437
0.58706,2.0389,2.8893,1.437
0.59216,2.0364,2.8842,1.437
0.59216,2.0338,2.8816,1.437
0.58961,2.044,2.8893,1.4319
0.58706,2.0364,2.8918,1.4447
0.59216,2.0287,2.8765,1.4447
0.5998,2.0364,2.8791,1.437
0.59216,2.0414,2.8842,1.4319
0.58706,2.0338,2.8893,1.437
0.59216,2.0287,2.8842,1.4345
0.5998,2.0364,2.8765,1.437
0.59471,2.0414,2.8842,1.4294
0.58451,2.0364,2.8893,1.437
0.59216,2.0287,2.8842,1.4345
0.5998,2.0364,2.8816,1.437
0.59216,2.044,2.8842,1.4294
0.58706,2.0389,2.8893,1.437
0.59216,2.0313,2.8842,1.4447
0.59216,2.0364,2.8816,1.437
0.5998,2.0364,2.8765,1.437
0.59471,2.044,2.8816,1.437
0.58706,2.0389,2.8918,1.4345
0.58706,2.0313,2.8893,1.4447
0.59216,2.0389,2.8842,1.437
0.59216,2.0389,2.8765,1.437
0.59216,2.0364,2.8816,1.4319
0.58706,2.0364,2.8893,1.437
0.5998,2.0287,2.8791,1.4421
0.5998,2.0414,2.8765,1.4319
0.58706,2.044,2.8893,1.437
0.58706,2.0313,2.8918,1.4447
0.5998,2.0287,2.8816,1.4345
0.59216,2.0364,2.8816,1.4319
0.59471,2.0364,2.8791,1.437
0.59216,2.0364,2.8842,1.4421
0.59725,2.0364,2.8765,1.4396
0.59471,2.0414,2.8816,1.4319
0.58961,2.0364,2.8867,1.4447
0.59216,2.0313,2.8816,1.4447
0.5998,2.0364,2.8765,1.437
0.58706,2.044,2.8791,1.4319
0.58451,2.0364,2.8867,1.4421
0.59471,2.0313,2.8816,1.4421
0.59216,2.0338,2.8816,1.4447
0.5998,2.0364,2.8765,1.4319
0.59471,2.044,2.8816,1.4294
0.59471,2.0364,2.8893,1.4345
0.59216,2.0364,2.8791,1.437
0.59216,2.0364,2.8816,1.437
0.59725,2.0338,2.874,1.437
0.59216,2.044,2.8791,1.4345
0.58961,2.0364,2.8842,1.437
0.58706,2.0287,2.8867,1.4447
0.5998,2.0287,2.8765,1.4421
0.5998,2.0414,2.874,1.4319
0.59471,2.044,2.8791,1.4319
0.58706,2.0364,2.8867,1.4421
0.59216,2.0313,2.8791,1.4421
0.59216,2.0389,2.8816,1.4345
0.59216,2.0389,2.8765,1.4319
0.59471,2.0414,2.8816,1.4319
0.58706,2.0364,2.8842,1.437
0.59471,2.0287,2.8816,1.4447
0.5998,2.0364,2.8714,1.437
0.58961,2.044,2.8791,1.4319
0.59471,2.044,2.8867,1.4319
0.58706,2.0389,2.8842,1.4421
0.59216,2.0313,2.8816,1.4421
0.59216,2.0364,2.8791,1.437
0.5998,2.044,2.874,1.4294
0.59216,2.044,2.8765,1.4319
0.58706,2.0364,2.8867,1.4345
0.59216,2.0338,2.8791,1.4421
0.59216,2.0364,2.8816,1.437
0.59725,2.0364,2.874,1.437
0.58961,2.044,2.8791,1.4319
0.59216,2.0389,2.8791,1.437
0.58706,2.0389,2.8816,1.437
0.59216,2.0287,2.8791,1.4447
0.5998,2.0364,2.874,1.437
0.59216,2.0338,2.8791,1.437
0.59216,2.0364,2.8791,1.437
0.58706,2.0364,2.8842,1.4447
0.59471,2.0287,2.8791,1.4421
0.5998,2.0389,2.874,1.437
0.59216,2.0414,2.8791,1.4319
0.58706,2.0313,2.8842,1.4421
0.5998,2.0313,2.8765,1.4447
0.59725,2.0414,2.874,1.4319
0.58706,2.044,2.8893,1.4319
0.58451,2.0287,2.8867,1.4447
0.5998,2.0313,2.874,1.437
0.5998,2.0414,2.8714,1.4319
0.58706,2.0364,2.8867,1.437
0.59471,2.0287,2.8791,1.4421
0.59725,2.0364,2.8714,1.437
0.59216,2.0364,2.8791,1.4345
0.59216,2.0364,2.8791,1.4447
0.59216,2.0338,2.8816,1.437
0.59216,2.0364,2.8791,1.4319
0.59216,2.0389,2.8791,1.437
0.58706,2.0389,2.8867,1.4447
0.59216,2.0313,2.8791,1.4447
0.5998,2.0338,2.874,1.4319
0.5998,2.0414,2.8816,1.4319
0.59216,2.0364,2.8791,1.437
0.59216,2.0389,2.8816,1.437
0.59216,2.0287,2.8791,1.437
0.59725,2.0364,2.874,1.437
0.59216,2.044,2.8791,1.4294
0.58706,2.044,2.8893,1.4345
0.58706,2.0287,2.8867,1.4447
0.5998,2.0287,2.874,1.4447
0.5998,2.0414,2.8765,1.4319
0.58706,2.044,2.8867,1.4319
0.58706,2.0364,2.8867,1.4396
0.59471,2.0287,2.8765,1.4421
0.5998,2.0364,2.874,1.4345
0.59216,2.044,2.8816,1.4319
