3.1056,1.3863,3.3328,1.9725
3.1081,1.3914,3.3404,1.9674
3.1005,1.3863,3.3481,1.9802
3.1132,1.3761,3.3353,1.9802
3.1132,1.3914,3.3328,1.97
3.1005,1.3863,3.3481,1.9725
3.1081,1.3863,3.343,1.9725
3.1081,1.3863,3.3404,1.9649
3.1005,1.3863,3.3481,1.9725
3.1081,1.3786,3.3404,1.9776
3.1081,1.3837,3.3353,1.9751
3.1081,1.3914,3.3353,1.9725
3.103,1.3863,3.3455,1.9725
3.1056,1.3786,3.3404,1.9725
3.1081,1.3863,3.3353,1.9725
3.1056,1.3863,3.3404,1.9725
3.1081,1.3837,3.3379,1.9776
3.1081,1.3863,3.3379,1.9725
3.1081,1.3863,3.3404,1.9649
3.1107,1.3863,3.3404,1.9725
3.1081,1.3837,3.3379,1.9776
3.1056,1.3837,3.3379,1.9725
3.1081,1.3863,3.3379,1.9674
3.1081,1.3863,3.3379,1.9725
3.1081,1.3863,3.3379,1.9725
3.1081,1.3786,3.3404,1.9725
3.1132,1.3863,3.3404,1.9725
3.1081,1.3888,3.3379,1.9649
3.1005,1.3837,3.3455,1.9725
3.1081,1.3786,3.3379,1.9725
3.1158,1.3837,3.3303,1.9725
3.1132,1.3914,3.3328,1.9649
3.103,1.3914,3.3455,1.9725
3.1056,1.3761,3.3404,1.9802
3.1081,1.3761,3.3328,1.9802
3.1158,1.3837,3.3303,1.9674
3.1081,1.3914,3.3379,1.9674
3.103,1.3837,3.3455,1.9725
3.1081,1.3786,3.3379,1.9802
3.1132,1.3837,3.3303,1.9725
3.1081,1.3914,3.3379,1.9649
3.1005,1.3863,3.3481,1.9725
3.1132,1.3786,3.3379,1.9776
3.1132,1.3863,3.3328,1.9725
3.1081,1.3914,3.3379,1.9674
3.1005,1.3837,3.343,1.97
3.1081,1.3786,3.3379,1.9802
3.1132,1.3914,3.3328,1.9674
3.1005,1.3914,3.3455,1.9725
3.1005,1.3761,3.3455,1.9776
3.1158,1.3837,3.3328,1.9725
3.1081,1.3914,3.3404,1.9725
3.1005,1.3863,3.3455,1.9776
3.1107,1.3786,3.3328,1.9776
3.1132,1.3914,3.3353,1.9649
3.1005,1.3863,3.3481,1.9725
3.1081,1.3786,3.3404,1.9802
3.1107,1.3863,3.3328,1.9674
3.1081,1.3888,3.3404,1.9674
3.1005,1.3863,3.3455,1.9776
3.1107,1.3786,3.3328,1.9802
3.1132,1.3914,3.3303,1.9674
3.1081,1.3914,3.3379,1.9674
3.103,1.3837,3.3455,1.9802
3.1107,1.3786,3.3353,1.9776
3.1056,1.3863,3.3404,1.9725
3.1081,1.3837,3.343,1.9725
3.1005,1.3863,3.3404,1.9725
3.1081,1.3837,3.343,1.9725
3.1081,1.3863,3.3404,1.9674
3.1107,1.3863,3.3404,1.9725
3.1081,1.3786,3.343,1.9802
3.1132,1.3863,3.3353,1.9751
3.103,1.3914,3.3404,1.9674
3.1005,1.3863,3.3455,1.9802
3.1132,1.3786,3.3404,1.9802
3.1132,1.3837,3.3353,1.9649
3.1005,1.3939,3.3379,1.9649
3.1005,1.3837,3.3481,1.9776
3.1056,1.3786,3.3404,1.9802
3.1107,1.3863,3.3404,1.9725
3.1056,1.3914,3.3404,1.9725
3.1081,1.3863,3.3481,1.9751
3.1081,1.3786,3.3404,1.9751
3.1056,1.3837,3.3379,1.9725
3.1081,1.3863,3.3404,1.9725
3.103,1.3837,3.3481,1.9802
3.1081,1.3786,3.3404,1.9725
3.1132,1.3837,3.3353,1.9751
3.1081,1.3914,3.3404,1.9674
3.1056,1.3863,3.3404,1.9725
3.1081,1.3786,3.3404,1.9751
3.1107,1.3863,3.3379,1.9725
3.1081,1.3914,3.3404,1.9674
3.1005,1.3863,3.3481,1.9827
3.1081,1.3786,3.3404,1.9802
3.1132,1.3888,3.3353,1.97
3.1005,1.3914,3.3481,1.9674
3.103,1.3786,3.3481,1.9776
3.1132,1.3786,3.3328,1.9725
3.1132,1.3914,3.3328,1.9674
3.1005,1.3939,3.3481,1.9674
3.103,1.3761,3.3481,1.9802
3.1081,1.3837,3.3404,1.9751
3.1081,1.3914,3.3404,1.97
3.1005,1.3837,3.3481,1.9802
3.1081,1.3812,3.3328,1.9802
3.1158,1.3863,3.3353,1.9725
3.1081,1.3888,3.3404,1.9725
3.1081,1.3863,3.343,1.9802
3.1056,1.3863,3.3379,1.9725
3.1081,1.3914,3.343,1.9674
3.1005,1.3863,3.3506,1.9725
3.1056,1.3786,3.343,1.9802
3.1132,1.3837,3.3379,1.9725
3.1056,1.3939,3.3455,1.9674
3.1005,1.3863,3.3506,1.9725
3.1056,1.3812,3.3455,1.9725
3.1107,1.3863,3.3455,1.9725
3.103,1.3863,3.3481,1.9725
3.1056,1.3863,3.3481,1.9725
3.1005,1.3863,3.3455,1.9725
3.103,1.3914,3.3455,1.9649
3.0954,1.3863,3.3506,1.9802
3.1081,1.3786,3.3404,1.9802
3.1107,1.3888,3.3404,1.9649
3.103,1.3939,3.3506,1.9649
3.0979,1.3888,3.3455,1.9725
3.1005,1.3863,3.3455,1.9725
3.1005,1.3863,3.3455,1.9674
3.0979,1.3863,3.3532,1.9776
3.103,1.3812,3.3379,1.9751
3.1107,1.3863,3.3404,1.9649
3.103,1.3965,3.3506,1.9649
3.0979,1.3786,3.3532,1.9776
3.1056,1.3812,3.3455,1.9776
3.1107,1.3863,3.3379,1.9725
3.1056,1.3939,3.3455,1.9674
3.103,1.3863,3.3455,1.9725
3.1056,1.3863,3.3455,1.97
3.1056,1.3939,3.3455,1.9674
3.0954,1.3863,3.3506,1.9802
3.1107,1.3812,3.3379,1.9725
3.1056,1.3939,3.3455,1.9751
3.103,1.3888,3.3455,1.9802
3.1107,1.3888,3.3404,1.9725
3.0979,1.3939,3.3455,1.9674
3.0979,1.3812,3.3506,1.9802
3.1056,1.3812,3.3455,1.9725
3.1107,1.3863,3.343,1.9725
3.1056,1.3863,3.3455,1.9725
3.103,1.3863,3.343,1.9725
3.1056,1.3863,3.3455,1.9751
3.1056,1.3863,3.3455,1.9751
3.1056,1.3863,3.3455,1.9725
3.0979,1.3888,3.3455,1.9725
3.103,1.3863,3.3455,1.9725
3.1107,1.3863,3.3379,1.9649
3.1056,1.3939,3.3455,1.9674
3.1005,1.3786,3.3506,1.9725
3.103,1.3863,3.3455,1.9751
3.1107,1.3863,3.3404,1.9725
3.1056,1.3863,3.3455,1.9725
3.103,1.3837,3.3455,1.9725
3.103,1.3812,3.3379,1.9802
3.1107,1.3939,3.3379,1.9649
3.1005,1.3863,3.3532,1.9725
3.1056,1.3812,3.3455,1.9802
3.1107,1.3863,3.343,1.9725
3.1056,1.3888,3.343,1.9725
3.0979,1.3863,3.3506,1.9725
3.103,1.3863,3.3455,1.9802
3.1107,1.3863,3.3379,1.9751
3.1056,1.3939,3.3455,1.9674
3.0979,1.3863,3.3506,1.97
3.1056,1.3812,3.3455,1.9802
3.1107,1.3863,3.3404,1.9725
3.1107,1.3939,3.3379,1.9674
3.0979,1.3939,3.3506,1.9751
3.1056,1.3837,3.3455,1.9802
3.1107,1.3863,3.3379,1.9725
3.1081,1.3863,3.343,1.9725
3.1056,1.3863,3.3455,1.9725
3.1056,1.3863,3.3455,1.9725
3.1107,1.3939,3.3404,1.9674
3.103,1.3888,3.3506,1.9725
3.1056,1.3812,3.343,1.9802
3.1107,1.3863,3.3379,1.9674
3.1005,1.3939,3.3506,1.97
3.1005,1.3786,3.3506,1.9802
3.1107,1.3812,3.3379,1.9725
3.1056,1.3939,3.3455,1.9751
3.0979,1.3863,3.3506,1.9751
3.1081,1.3863,3.3455,1.9725
3.1132,1.3863,3.3455,1.9725
3.1056,1.3888,3.3455,1.9725
3.0979,1.3888,3.3455,1.9725
3.1056,1.3863,3.3455,1.9751
3.103,1.3863,3.3455,1.9751
3.103,1.3863,3.3455,1.9725
3.1056,1.3863,3.3455,1.9725
3.103,1.3812,3.3481,1.9751
3.1107,1.3863,3.3455,1.9751
3.103,1.3863,3.3481,1.9725
3.1056,1.3863,3.3455,1.9725
3.1056,1.3786,3.3455,1.9802
3.1107,1.3863,3.3379,1.9725
3.103,1.3939,3.3455,1.97
3.0979,1.3888,3.3455,1.9725
3.1056,1.3812,3.343,1.9725
3.103,1.3863,3.3455,1.9674
3.1056,1.3863,3.3455,1.9751
3.1056,1.3863,3.3455,1.9802
3.1056,1.3863,3.3379,1.9751
3.1056,1.3939,3.343,1.9674
3.0979,1.3863,3.3532,1.9802
3.1132,1.3786,3.3404,1.9725
3.1132,1.3939,3.3455,1.9674
3.1005,1.3863,3.343,1.9751
3.1056,1.3812,3.3404,1.9802
3.1132,1.3914,3.3404,1.97
3.1005,1.3939,3.3506,1.9725
3.103,1.3812,3.343,1.9827
3.1132,1.3863,3.3379,1.9725
3.1056,1.3914,3.3455,1.9725
3.103,1.3863,3.3506,1.9725
3.1081,1.3812,3.343,1.9802
3.1132,1.3863,3.3379,1.9725
3.1081,1.3914,3.3455,1.9674
3.1005,1.3888,3.3506,1.9725
3.1081,1.3786,3.343,1.9802
3.1132,1.3863,3.3379,1.9751
3.1081,1.3863,3.3404,1.9674
3.1056,1.3863,3.3506,1.9751
3.1081,1.3812,3.343,1.9802
3.1158,1.3939,3.3353,1.9674
3.1107,1.3863,3.3404,1.9751
3.1107,1.3863,3.343,1.9725
3.1158,1.3863,3.3353,1.9751
3.1107,1.3914,3.343,1.97
3.103,1.3888,3.3481,1.9751
3.1081,1.3863,3.343,1.9751
3.1107,1.3863,3.3404,1.9725
3.1107,1.3863,3.3481,1.9751
3.1107,1.3812,3.343,1.9827
3.1132,1.3863,3.3353,1.9751
3.1107,1.3939,3.3404,1.9674
3.1056,1.3863,3.3506,1.9827
3.1107,1.3812,3.3379,1.9827
3.1183,1.3863,3.3328,1.9674
3.1081,1.3965,3.3481,1.97
3.103,1.3786,3.3481,1.9802
3.1183,1.3812,3.3404,1.9751
3.1107,1.3914,3.3404,1.97
3.1056,1.3863,3.3455,1.9751
3.1132,1.3863,3.3404,1.9827
3.1107,1.3863,3.343,1.9751
3.1107,1.3863,3.3328,1.9751
3.1107,1.3939,3.3455,1.97
3.1056,1.3786,3.3481,1.9827
3.1183,1.3812,3.3328,1.9827
3.1183,1.3914,3.3328,1.9674
3.1056,1.3914,3.3506,1.9751
3.1081,1.3786,3.3455,1.9827
3.1183,1.3786,3.3328,1.9751
3.1183,1.3914,3.3353,1.9674
3.1107,1.3837,3.3379,1.9751
3.1107,1.3837,3.3353,1.9827
3.1107,1.3837,3.3379,1.9751
3.1107,1.3837,3.3379,1.97
3.1132,1.3863,3.3404,1.9776
3.1107,1.3863,3.3379,1.9827
3.1209,1.3786,3.3328,1.9751
3.1158,1.3914,3.3379,1.9725
3.1081,1.3914,3.3455,1.9776
3.1081,1.3786,3.3404,1.9853
3.1209,1.3812,3.3303,1.9776
3.1209,1.3914,3.3328,1.97
3.1081,1.3914,3.3379,1.9776
3.1158,1.3863,3.3353,1.9827
3.1132,1.3863,3.3379,1.9751
3.1132,1.3863,3.3379,1.9776
3.1132,1.3914,3.3455,1.9751
3.1132,1.3863,3.343,1.9827
3.1132,1.3863,3.3353,1.9776
3.1209,1.3914,3.3303,1.97
3.1081,1.3914,3.3455,1.97
3.1081,1.3837,3.3455,1.9827
3.1132,1.3786,3.3353,1.9853
3.1183,1.3863,3.3379,1.9776
3.1132,1.3863,3.3353,1.9751
3.1081,1.3863,3.3379,1.9725
3.1107,1.3837,3.3379,1.9751
3.1209,1.3837,3.3328,1.97
3.1107,1.3939,3.3379,1.97
3.1081,1.3837,3.3455,1.9827
3.1209,1.3786,3.3303,1.9827
3.1209,1.3914,3.3303,1.9674
3.1081,1.3939,3.343,1.9751
3.1081,1.3786,3.3404,1.9827
3.1209,1.3863,3.3303,1.9751
3.1158,1.3914,3.3379,1.97
3.1056,1.3863,3.343,1.9725
3.1132,1.3786,3.3353,1.9725
3.1209,1.3837,3.3328,1.9751
3.1107,1.3863,3.3379,1.9751
3.1107,1.3863,3.3379,1.9776
3.1107,1.3786,3.3379,1.9751
3.1183,1.3837,3.3303,1.9751
3.1132,1.3888,3.3353,1.97
3.1081,1.3914,3.343,1.9751
3.1081,1.3837,3.343,1.9802
3.1107,1.3786,3.3379,1.9827
3.1183,1.3914,3.3303,1.9674
3.1132,1.3914,3.3379,1.97
3.1081,1.3837,3.343,1.9751
3.1132,1.3786,3.3379,1.9827
3.1209,1.3837,3.3328,1.9776
3.1132,1.3914,3.3353,1.97
3.1132,1.3863,3.3379,1.9751
3.1132,1.3837,3.3353,1.9827
3.1107,1.3863,3.3379,1.9751
3.1132,1.3863,3.3353,1.97
3.1132,1.3837,3.3379,1.9751
3.1107,1.3837,3.3379,1.9751
3.1132,1.3863,3.3353,1.9776
3.1132,1.3863,3.3379,1.9751
3.1132,1.3863,3.3379,1.9751
3.1081,1.3863,3.3379,1.9751
3.1132,1.3786,3.3404,1.9751
3.1209,1.3837,3.3328,1.9751
3.1107,1.3837,3.3353,1.9776
3.1132,1.3863,3.343,1.9751
3.1107,1.3786,3.3379,1.9776
3.1209,1.3914,3.3303,1.97
3.1081,1.3914,3.3404,1.9674
3.1081,1.3863,3.3379,1.9751
3.1158,1.3837,3.3353,1.9751
3.1132,1.3837,3.3303,1.9776
3.1132,1.3863,3.3353,1.9751
3.1132,1.3863,3.3353,1.9725
3.1132,1.3863,3.3379,1.9776
3.1132,1.3863,3.3379,1.9776
3.1132,1.3914,3.3353,1.9751
3.1158,1.3863,3.3379,1.9751
3.1107,1.3837,3.3379,1.9725
3.1209,1.3837,3.3353,1.9776
3.1132,1.3914,3.3353,1.9802
3.1081,1.3837,3.3353,1.9751
3.1132,1.3837,3.3379,1.9776
3.1107,1.3837,3.3353,1.9776
3.1132,1.3837,3.3353,1.97
3.1132,1.3837,3.3353,1.9827
3.1183,1.3761,3.3303,1.9751
3.1209,1.3914,3.3328,1.97
3.1081,1.3914,3.343,1.9802
3.1081,1.3786,3.343,1.9827
3.1209,1.3786,3.3303,1.9751
3.1183,1.3914,3.3303,1.97
3.1081,1.3914,3.3455,1.9751
3.1081,1.3761,3.3455,1.9827
3.1183,1.3786,3.3303,1.9802
3.1209,1.3914,3.3303,1.9674
3.1056,1.3914,3.3455,1.9751
3.1107,1.3786,3.3404,1.9827
3.1183,1.3863,3.3328,1.9751
3.1107,1.3914,3.3379,1.9725
3.1056,1.3863,3.3455,1.9802
3.1107,1.3786,3.3404,1.9751
3.1158,1.3837,3.3328,1.9751
3.1107,1.3837,3.3379,1.9674
3.1056,1.3812,3.3481,1.9827
3.1158,1.3837,3.3328,1.9751
3.1107,1.3914,3.3404,1.9751
3.103,1.3863,3.3455,1.9751
3.1107,1.3863,3.3404,1.9776
3.1107,1.3914,3.343,1.9674
3.1056,1.3863,3.3481,1.9725
3.1158,1.3786,3.3455,1.9802
3.1158,1.3863,3.3353,1.9674
3.1081,1.3837,3.3404,1.9751
3.1107,1.3837,3.343,1.9827
3.1081,1.3863,3.3353,1.9751
3.1081,1.3914,3.343,1.9674
3.0979,1.3786,3.3481,1.9802
3.1107,1.3786,3.3353,1.9751
3.1081,1.3914,3.343,1.9751
3.1081,1.3863,3.3455,1.9751
3.1132,1.3863,3.3379,1.9725
3.1056,1.3939,3.343,1.9725
3.1056,1.3863,3.343,1.9802
3.1107,1.3863,3.3379,1.9725
3.1081,1.3914,3.3506,1.9674
3.1056,1.3863,3.3455,1.9725
3.1081,1.3863,3.343,1.9725
3.1056,1.3914,3.3455,1.9674
3.1005,1.3888,3.3506,1.9802
3.1107,1.3786,3.3379,1.9802
3.1107,1.3914,3.3379,1.9674
3.0979,1.3888,3.3506,1.9725
3.1056,1.3812,3.3455,1.9751
3.1056,1.3863,3.343,1.9674
3.0979,1.3863,3.3506,1.9725
3.1056,1.3786,3.3455,1.9802
3.1132,1.3914,3.3379,1.9725
3.0979,1.3914,3.3506,1.9674
3.1005,1.3786,3.3506,1.9802
3.1107,1.3812,3.3404,1.9725
3.103,1.3939,3.3455,1.9649
3.0979,1.3888,3.3506,1.9751
3.1056,1.3812,3.3455,1.9776
3.1107,1.3863,3.3404,1.9725
3.1056,1.3939,3.3455,1.9674
3.1005,1.3863,3.3506,1.97
3.1056,1.3812,3.3455,1.9725
3.103,1.3863,3.3455,1.9751
3.1056,1.3914,3.3455,1.9725
3.1005,1.3863,3.3506,1.9751
3.1056,1.3863,3.3455,1.9725
3.1056,1.3863,3.3455,1.9674
3.0979,1.3888,3.3506,1.9725
3.1056,1.3812,3.3455,1.9802
3.103,1.3863,3.3404,1.9751
3.1056,1.3939,3.3455,1.9725
3.0979,1.3863,3.3532,1.9725
3.1056,1.3837,3.343,1.9725
3.1056,1.3863,3.3379,1.9674
3.1056,1.3939,3.3506,1.9674
3.0979,1.3812,3.3506,1.9802
3.1107,1.3812,3.3379,1.9802
3.1132,1.3939,3.3379,1.9674
3.0979,1.3939,3.3506,1.9674
3.1005,1.3812,3.3506,1.9802
3.1132,1.3786,3.343,1.9725
3.1081,1.3863,3.343,1.9725
3.1056,1.3863,3.3455,1.9751
3.1056,1.3812,3.343,1.9802
3.1132,1.3863,3.3379,1.9751
3.1056,1.3863,3.343,1.9751
3.1005,1.3863,3.3455,1.9725
3.1056,1.3863,3.343,1.9751
3.1056,1.3863,3.3455,1.9649
3.1005,1.3863,3.3506,1.9802
3.1056,1.3812,3.3455,1.9802
3.1132,1.3863,3.3379,1.9674
3.1081,1.3914,3.343,1.9674
3.103,1.3786,3.3506,1.9802
3.1081,1.3786,3.343,1.9802
3.1132,1.3914,3.3353,1.9674
3.1081,1.3939,3.3506,1.9674
3.1005,1.3812,3.3481,1.9802
3.1158,1.3812,3.3379,1.9751
3.1132,1.3939,3.3353,1.9674
3.103,1.3939,3.3506,1.9751
3.1005,1.3863,3.3404,1.9802
3.1132,1.3863,3.3328,1.9751
3.1081,1.3939,3.3404,1.9674
3.0979,1.3863,3.3506,1.9802
3.1132,1.3761,3.343,1.9725
3.1132,1.3863,3.343,1.9751
3.1107,1.3863,3.343,1.9674
3.1005,1.3863,3.3481,1.9751
3.1107,1.3812,3.343,1.9802
3.1158,1.3863,3.3404,1.9725
3.1107,1.3914,3.3481,1.9751
3.1107,1.3786,3.3404,1.9725
3.1081,1.3837,3.3379,1.9725
3.1107,1.3863,3.3404,1.9725
3.1081,1.3812,3.3404,1.9802
3.1132,1.3914,3.3379,1.9674
3.103,1.3939,3.3506,1.9725
3.1056,1.3786,3.343,1.9802
3.1132,1.3914,3.3379,1.9674
3.1005,1.3939,3.3506,1.9751
3.1081,1.3812,3.3455,1.9827
3.1132,1.3863,3.3379,1.9725
3.1056,1.3939,3.3455,1.9725
3.1081,1.3863,3.3455,1.9802
3.1132,1.3863,3.3379,1.9725
3.1081,1.3914,3.3455,1.9751
3.1081,1.3863,3.343,1.9725
3.1081,1.3863,3.3353,1.9751
3.1081,1.3914,3.3455,1.9649
3.1005,1.3863,3.3506,1.9802
3.1107,1.3812,3.3353,1.9802
3.1132,1.3914,3.3455,1.9674
3.1005,1.3837,3.3506,1.9725
3.1081,1.3786,3.3404,1.9725
3.1056,1.3863,3.3379,1.9649
3.1005,1.3939,3.3506,1.9751
3.1081,1.3812,3.343,1.9802
3.1132,1.3863,3.3353,1.9751
3.1056,1.3914,3.3455,1.9725
3.1081,1.3863,3.3506,1.9725
3.1081,1.3863,3.3404,1.9725
3.1132,1.3914,3.3404,1.9674
3.1081,1.3837,3.3481,1.9751
3.1132,1.3837,3.3353,1.9751
3.1005,1.3914,3.343,1.9674
3.103,1.3812,3.3481,1.9725
