2.5346,1.5545,3.2589,1.8603
2.5295,1.552,3.2589,1.8552
2.5269,1.552,3.264,1.8629
2.5346,1.5469,3.2538,1.868
2.5397,1.5571,3.2538,1.8552
2.5269,1.5596,3.2665,1.8552
2.5269,1.5469,3.2691,1.8654
2.5397,1.5545,3.2512,1.8629
2.532,1.5596,3.2589,1.8552
2.5269,1.5545,3.264,1.8603
2.5371,1.5443,3.2589,1.8654
2.5397,1.5596,3.2538,1.8527
2.5244,1.5596,3.2665,1.8603
2.5269,1.5469,3.264,1.8654
2.5397,1.5494,3.2538,1.8629
2.5371,1.5571,3.2614,1.8552
2.5269,1.552,3.2665,1.8603
2.532,1.5469,3.2589,1.8603
2.5346,1.5545,3.2538,1.8603
2.532,1.552,3.2614,1.8603
2.5244,1.5545,3.2691,1.8603
2.5346,1.552,3.2614,1.8629
2.5371,1.552,3.2563,1.8603
2.5295,1.5596,3.2589,1.8629
2.5295,1.552,3.2665,1.8654
2.5397,1.5469,3.2538,1.8603
2.5371,1.5596,3.2538,1.8527
2.5244,1.5596,3.2665,1.8603
2.5244,1.5469,3.264,1.868
2.5371,1.5469,3.2538,1.8629
2.5346,1.5596,3.2589,1.8552
2.5244,1.552,3.2665,1.8603
2.5346,1.5469,3.2589,1.8654
2.5397,1.5545,3.2538,1.8629
2.532,1.5494,3.2563,1.8629
2.532,1.552,3.2563,1.8654
2.5397,1.5545,3.2538,1.8603
2.532,1.5596,3.2589,1.8603
2.532,1.5494,3.2589,1.8629
2.532,1.5443,3.2563,1.8654
2.5371,1.5494,3.2589,1.8629
2.5346,1.5545,3.2563,1.8603
2.532,1.5545,3.2589,1.8629
2.532,1.5494,3.2563,1.8629
2.532,1.5545,3.2538,1.8578
2.5269,1.552,3.264,1.8629
2.532,1.5469,3.2563,1.8705
2.5397,1.552,3.2538,1.8578
2.532,1.552,3.2589,1.8603
2.5346,1.552,3.264,1.8654
2.5346,1.5469,3.2487,1.8654
2.5397,1.5571,3.2512,1.8552
2.5269,1.5571,3.264,1.8603
2.5269,1.5443,3.264,1.8654
2.5371,1.5469,3.2538,1.8629
2.5397,1.5571,3.2512,1.8552
2.5244,1.5596,3.264,1.8629
2.5269,1.5443,3.264,1.8654
2.5397,1.552,3.2487,1.8629
2.5346,1.5596,3.2589,1.8578
2.5269,1.5545,3.264,1.8629
2.532,1.5469,3.2563,1.868
2.5371,1.552,3.2512,1.8603
2.5295,1.5571,3.2589,1.8552
2.5244,1.5596,3.2614,1.8603
2.5269,1.5443,3.2614,1.8654
2.5346,1.5469,3.2512,1.8629
2.5397,1.5596,3.2512,1.8552
2.5244,1.5571,3.264,1.8552
2.5269,1.5443,3.2665,1.868
2.5397,1.5469,3.2512,1.8654
2.5397,1.5571,3.2512,1.8552
2.532,1.5571,3.264,1.8629
2.5269,1.5469,3.2614,1.8654
2.5371,1.5545,3.2512,1.8603
2.532,1.5571,3.2563,1.8603
2.5244,1.5494,3.264,1.8578
2.5346,1.5469,3.2589,1.8654
2.5371,1.5494,3.2512,1.8603
2.5295,1.5596,3.2563,1.8552
2.5244,1.552,3.264,1.8603
2.5346,1.5469,3.2589,1.8654
2.5397,1.5469,3.2487,1.8603
2.5371,1.5596,3.2512,1.8578
2.5269,1.5596,3.264,1.8527
2.5244,1.552,3.264,1.8603
2.5346,1.5469,3.2563,1.8654
2.5397,1.5545,3.2487,1.8603
2.532,1.5571,3.2589,1.8527
2.5244,1.552,3.264,1.8603
2.532,1.5469,3.2563,1.8629
2.5397,1.5494,3.2512,1.8603
2.532,1.5571,3.2563,1.8603
2.5346,1.5494,3.2589,1.8629
2.5346,1.5469,3.2538,1.8603
2.5397,1.5494,3.2563,1.8629
2.5346,1.5571,3.2563,1.8629
2.5295,1.5494,3.2614,1.8629
2.532,1.5494,3.2563,1.8629
2.5397,1.5494,3.2487,1.8603
2.5346,1.5571,3.2589,1.8527
2.5244,1.552,3.2614,1.8603
2.5346,1.5418,3.2563,1.868
2.5371,1.552,3.2487,1.8603
2.5346,1.5571,3.2563,1.8552
2.5269,1.5494,3.2614,1.8603
2.5295,1.5469,3.2563,1.8603
2.5397,1.5494,3.2487,1.8629
2.5346,1.5571,3.2563,1.8578
2.5295,1.552,3.2589,1.8603
2.5346,1.5469,3.2538,1.868
2.5397,1.5494,3.2487,1.8629
2.5371,1.5571,3.2538,1.8527
2.5269,1.552,3.2614,1.8629
2.532,1.5469,3.2563,1.8654
2.5397,1.5443,3.2487,1.8629
2.5397,1.552,3.2589,1.8603
2.5346,1.552,3.2563,1.8629
2.5269,1.5494,3.2563,1.8629
2.5295,1.5418,3.2538,1.8629
2.5397,1.552,3.2487,1.8629
2.5346,1.5571,3.2563,1.8578
2.5269,1.552,3.2614,1.8603
2.5269,1.5443,3.2563,1.868
2.5397,1.5469,3.2512,1.8629
2.5397,1.5596,3.2512,1.8527
2.5295,1.5596,3.2614,1.8629
2.5269,1.5469,3.264,1.868
2.5397,1.5469,3.2487,1.8629
2.5397,1.5571,3.2487,1.8527
2.5269,1.552,3.2614,1.8629
2.5346,1.5443,3.2563,1.868
2.5346,1.552,3.2538,1.8603
2.532,1.5545,3.2538,1.8603
2.5295,1.5494,3.2512,1.8629
2.532,1.5443,3.2538,1.8629
2.5422,1.5494,3.2487,1.8629
2.5346,1.5571,3.2538,1.8552
2.5295,1.5571,3.2614,1.8603
2.5269,1.5469,3.2614,1.868
2.5397,1.5469,3.2487,1.868
2.5397,1.5571,3.2461,1.8527
2.532,1.5571,3.2538,1.8603
2.5269,1.5494,3.2589,1.8603
2.5346,1.5494,3.2538,1.8603
2.5346,1.5494,3.2512,1.8629
2.532,1.5494,3.2512,1.8603
2.532,1.5443,3.2538,1.868
2.5397,1.5494,3.2461,1.8629
2.5346,1.5571,3.2538,1.8552
2.532,1.5494,3.2563,1.8603
2.5295,1.5494,3.2512,1.8654
2.5397,1.5571,3.2487,1.8527
2.5269,1.5571,3.2589,1.8629
2.532,1.5494,3.2512,1.8629
2.5346,1.5494,3.2538,1.8603
2.532,1.5494,3.2512,1.8603
2.532,1.5494,3.2512,1.8603
2.5295,1.5494,3.2589,1.8629
2.532,1.552,3.2538,1.8603
2.532,1.5494,3.2512,1.8603
2.5346,1.5571,3.2538,1.8552
2.5295,1.5494,3.2614,1.8603
2.5346,1.5443,3.2538,1.8654
2.532,1.5494,3.2512,1.8629
2.5346,1.5494,3.2563,1.8527
2.5346,1.5494,3.2538,1.8603
2.532,1.5494,3.2538,1.8654
2.532,1.5494,3.2512,1.8603
2.532,1.5494,3.2538,1.8629
2.532,1.552,3.2538,1.8629
2.5269,1.5494,3.2589,1.8603
2.532,1.5443,3.2512,1.868
2.5371,1.5571,3.2487,1.8603
2.532,1.5571,3.2512,1.8552
2.532,1.5494,3.2512,1.8603
2.5346,1.5494,3.2538,1.8603
2.5346,1.5494,3.2512,1.8603
2.5346,1.5494,3.2461,1.8603
2.532,1.5571,3.2487,1.8527
2.5269,1.5494,3.2589,1.8603
2.532,1.5418,3.2538,1.8654
2.5371,1.5494,3.2461,1.8527
2.5295,1.5545,3.2563,1.8527
2.5244,1.552,3.2589,1.8654
2.5371,1.5443,3.2487,1.8654
2.5371,1.5494,3.2487,1.8527
2.5244,1.5571,3.2589,1.8527
2.5269,1.5494,3.2614,1.8654
2.5397,1.5443,3.2487,1.8654
2.5371,1.5571,3.2487,1.8501
2.5269,1.5571,3.2589,1.8603
2.532,1.5469,3.2512,1.8654
2.5397,1.5494,3.2487,1.8629
2.532,1.5545,3.2538,1.8603
2.5244,1.552,3.264,1.8603
2.532,1.5443,3.2538,1.8603
2.5371,1.5494,3.2487,1.8603
2.5295,1.5494,3.2563,1.8578
2.532,1.552,3.2614,1.8603
2.5295,1.5443,3.2538,1.8603
2.5397,1.552,3.2538,1.8629
2.532,1.5494,3.2538,1.8578
2.5295,1.5494,3.2563,1.8654
2.5295,1.5494,3.2589,1.8603
2.532,1.5494,3.2538,1.8603
2.532,1.5596,3.2538,1.8578
2.5244,1.552,3.264,1.8603
2.532,1.5443,3.2563,1.8654
2.5371,1.5443,3.2487,1.8578
2.5397,1.5571,3.2487,1.8527
2.5269,1.5571,3.2563,1.8527
2.5244,1.5494,3.2614,1.8578
2.5295,1.5469,3.2563,1.8654
2.5371,1.5494,3.2487,1.8603
2.532,1.5494,3.2538,1.8527
2.5295,1.5545,3.2538,1.8578
2.5295,1.552,3.2589,1.8603
2.5295,1.5443,3.2538,1.8629
2.5371,1.5494,3.2487,1.8603
2.5295,1.5571,3.2538,1.8527
2.5269,1.5494,3.2614,1.8603
2.5295,1.5469,3.2563,1.8654
2.5371,1.5494,3.2487,1.8527
2.5244,1.5571,3.2614,1.8552
2.5244,1.552,3.264,1.868
2.532,1.5443,3.2538,1.868
2.5397,1.552,3.2487,1.8552
2.532,1.5571,3.2614,1.8527
2.5269,1.5494,3.2614,1.8654
2.5295,1.5443,3.2538,1.8603
2.5371,1.5494,3.2487,1.8603
2.532,1.5571,3.2538,1.8578
2.5244,1.5494,3.2614,1.8578
2.5295,1.5443,3.2538,1.8578
2.5371,1.5494,3.2487,1.8578
2.5295,1.5596,3.2538,1.8578
2.5295,1.5494,3.2614,1.8629
2.532,1.5494,3.2563,1.8603
2.5295,1.552,3.2487,1.8578
2.532,1.552,3.2538,1.8527
2.5218,1.552,3.2563,1.8578
2.5295,1.5443,3.2538,1.8603
2.532,1.5494,3.2538,1.8603
2.5295,1.5494,3.2563,1.8603
2.5295,1.5494,3.2538,1.8654
2.532,1.5494,3.2563,1.8603
2.5295,1.5596,3.2538,1.8527
2.5244,1.5494,3.2589,1.8603
2.5295,1.5418,3.2563,1.8654
2.532,1.5494,3.2487,1.8578
2.5295,1.5571,3.2563,1.8578
2.5218,1.5494,3.2614,1.8578
2.532,1.5418,3.2487,1.8654
2.5371,1.5494,3.2487,1.8527
2.5295,1.5571,3.2538,1.8527
2.5295,1.5494,3.2614,1.8578
2.5269,1.5494,3.2563,1.8578
2.5346,1.5494,3.2538,1.8603
2.532,1.5571,3.2538,1.8578
2.5193,1.552,3.264,1.8578
2.5269,1.5443,3.2563,1.8578
2.5295,1.5494,3.2487,1.8578
2.5295,1.5494,3.2563,1.8578
2.5295,1.5443,3.2538,1.8654
2.5371,1.5494,3.2512,1.8603
2.5295,1.5571,3.2563,1.8527
2.5244,1.5494,3.2614,1.8654
2.5295,1.5469,3.2563,1.8629
2.5346,1.5494,3.2512,1.8578
2.5295,1.5571,3.2538,1.8527
2.5218,1.5494,3.264,1.8603
2.5295,1.5494,3.2589,1.8654
2.5295,1.5494,3.2589,1.8578
2.5295,1.5494,3.2538,1.8527
2.5218,1.5596,3.264,1.8527
2.5218,1.552,3.264,1.868
2.5346,1.5469,3.2538,1.8578
2.5371,1.5596,3.2538,1.8527
2.5218,1.552,3.264,1.8578
2.5295,1.5469,3.2614,1.8603
2.5269,1.552,3.2589,1.8578
2.5295,1.5545,3.2589,1.8578
2.5295,1.552,3.2614,1.868
2.5295,1.5469,3.2538,1.8629
2.5295,1.5571,3.2614,1.8603
2.5193,1.552,3.2691,1.8578
2.5295,1.5469,3.2589,1.8654
2.5346,1.5494,3.2538,1.8578
2.5269,1.5596,3.2589,1.8527
2.5244,1.552,3.2691,1.8654
2.5269,1.5469,3.2538,1.8654
2.5346,1.552,3.2538,1.8527
2.5295,1.5571,3.2589,1.8527
2.5218,1.5494,3.264,1.8603
2.5295,1.5545,3.2589,1.8603
2.5295,1.5545,3.2563,1.8552
2.5244,1.5571,3.2665,1.8603
2.5218,1.5443,3.264,1.868
2.5371,1.552,3.2563,1.8603
2.5295,1.5596,3.2589,1.8527
2.5244,1.552,3.2691,1.8603
2.5295,1.5494,3.2589,1.8654
2.5346,1.5545,3.2538,1.8603
2.5295,1.5571,3.2614,1.8527
2.5295,1.552,3.2665,1.8603
2.5295,1.5469,3.2589,1.8654
2.5371,1.5494,3.2538,1.8603
2.5295,1.5596,3.2589,1.8552
2.5269,1.552,3.2665,1.8603
2.5295,1.552,3.2589,1.8603
2.5295,1.552,3.2563,1.8527
2.5269,1.5596,3.264,1.8527
2.5218,1.5469,3.2665,1.8654
2.5371,1.5469,3.2614,1.8603
2.5371,1.5596,3.2538,1.8527
2.5218,1.552,3.2691,1.8654
2.5295,1.5469,3.2589,1.8654
2.5397,1.552,3.2538,1.8603
2.532,1.552,3.2589,1.8603
2.5295,1.552,3.2589,1.8654
2.5371,1.552,3.2512,1.8603
2.5295,1.5571,3.2589,1.8527
2.5218,1.5545,3.264,1.868
2.5371,1.5469,3.2538,1.8654
2.5371,1.5596,3.2563,1.8527
2.5244,1.5596,3.2589,1.8527
2.5218,1.552,3.2691,1.8654
2.5346,1.5469,3.2512,1.8654
2.5371,1.5571,3.2538,1.8552
2.5244,1.5596,3.2665,1.8527
2.5218,1.552,3.2665,1.8629
2.5295,1.5469,3.2589,1.8654
2.5371,1.5494,3.2538,1.8501
2.5295,1.5571,3.2589,1.8501
2.5218,1.552,3.264,1.8654
2.5269,1.5469,3.2563,1.8654
2.5295,1.552,3.2614,1.8603
2.5295,1.552,3.2589,1.8527
2.5295,1.5571,3.264,1.8552
2.5218,1.5443,3.2665,1.8654
2.5295,1.5469,3.2512,1.8654
2.5346,1.552,3.2538,1.8527
2.5269,1.5596,3.2589,1.8527
2.5193,1.552,3.2691,1.8578
2.532,1.5443,3.2614,1.8629
2.5346,1.5494,3.2538,1.8603
2.5295,1.5571,3.2589,1.8527
2.5244,1.552,3.2665,1.8654
2.5244,1.5469,3.2589,1.868
2.5346,1.552,3.2538,1.8603
2.5295,1.5545,3.2589,1.8527
2.5269,1.552,3.2589,1.8603
2.5295,1.552,3.2589,1.8578
2.5295,1.552,3.2589,1.8603
2.5295,1.5494,3.2589,1.8527
2.5295,1.552,3.2589,1.8603
2.5269,1.552,3.2589,1.8629
2.532,1.552,3.2512,1.8578
2.5295,1.5571,3.2589,1.8527
2.5244,1.5494,3.264,1.8578
2.5295,1.5469,3.2589,1.8578
2.5346,1.5494,3.2512,1.8603
2.5371,1.5571,3.2563,1.8527
2.5218,1.5596,3.2665,1.8603
2.5295,1.5469,3.2589,1.8629
2.5371,1.5545,3.2512,1.8629
2.5218,1.5571,3.264,1.8552
2.5244,1.5418,3.2665,1.8629
2.5295,1.5545,3.2589,1.8578
2.5295,1.5545,3.2589,1.8527
2.5295,1.552,3.2589,1.8603
2.5295,1.5443,3.2589,1.8654
2.5346,1.5494,3.2512,1.8527
2.5218,1.5571,3.264,1.8552
2.5218,1.552,3.2589,1.8603
2.5295,1.5494,3.2589,1.8603
2.5295,1.552,3.2589,1.8603
2.5295,1.5596,3.2589,1.8603
2.5295,1.552,3.2589,1.8654
2.5295,1.5545,3.2589,1.8578
2.5295,1.5571,3.2589,1.8527
2.5218,1.552,3.2665,1.8654
2.5295,1.5443,3.2589,1.8654
2.5371,1.552,3.2538,1.8578
2.5295,1.5596,3.2589,1.8527
2.5244,1.552,3.264,1.8629
2.5295,1.5469,3.2589,1.8603
2.5371,1.552,3.2589,1.8629
2.5218,1.5596,3.264,1.8527
2.5244,1.5443,3.2665,1.8654
2.5371,1.5469,3.2512,1.8603
2.532,1.5571,3.2589,1.8527
2.5244,1.552,3.2665,1.8603
2.5295,1.5469,3.2538,1.8654
2.5371,1.5596,3.2512,1.8552
2.5269,1.5571,3.2691,1.8552
2.5244,1.5469,3.2665,1.8654
2.5346,1.5469,3.2538,1.8654
2.5346,1.5596,3.2538,1.8501
2.5244,1.5571,3.2665,1.8603
2.5244,1.5469,3.264,1.868
2.5371,1.5469,3.2538,1.8603
2.5371,1.5596,3.2512,1.8552
2.532,1.552,3.2589,1.8603
2.5269,1.552,3.2589,1.8603
2.532,1.552,3.2589,1.8629
2.5371,1.552,3.2538,1.8578
2.532,1.5494,3.2589,1.8603
2.5346,1.5545,3.2665,1.8603
2.5295,1.5469,3.2589,1.8603
2.5397,1.5494,3.2512,1.8629
2.532,1.5571,3.2589,1.8603
2.5269,1.5494,3.264,1.8629
2.532,1.5443,3.2589,1.868
2.5371,1.5545,3.2512,1.8603
2.532,1.5571,3.2665,1.8578
2.5269,1.5494,3.264,1.8654
2.5346,1.5469,3.2589,1.8654
2.5397,1.552,3.2512,1.8629
2.5346,1.5571,3.2563,1.8552
2.532,1.552,3.264,1.8629
2.5269,1.5469,3.264,1.868
2.5397,1.5469,3.2512,1.8654
2.5397,1.5571,3.2487,1.8629
2.5346,1.5571,3.2589,1.8578
2.5295,1.5545,3.264,1.8603
2.5346,1.5469,3.2512,1.8654
2.5397,1.552,3.2487,1.8552
2.5346,1.5571,3.264,1.8578
2.5244,1.5443,3.264,1.8654
2.5397,1.5443,3.2512,1.8629
2.5397,1.5571,3.2512,1.8552
2.5295,1.5571,3.2614,1.8603
2.5346,1.5469,3.2563,1.8629
2.5397,1.5545,3.2512,1.8603
2.5346,1.5571,3.2589,1.8527
2.5269,1.5545,3.2665,1.8629
2.5346,1.5443,3.2589,1.868
2.5397,1.552,3.2563,1.8603
2.5346,1.552,3.2589,1.8552
2.5269,1.5494,3.264,1.8603
2.5346,1.552,3.2589,1.868
2.5397,1.5571,3.2538,1.8552
2.532,1.5596,3.2589,1.8527
2.5269,1.552,3.264,1.868
2.5346,1.5469,3.2589,1.8705
2.5397,1.5596,3.2512,1.8578
2.5269,1.5571,3.264,1.8552
2.5269,1.5469,3.264,1.868
2.5397,1.5469,3.2538,1.8629
2.5397,1.5596,3.2512,1.8552
2.5269,1.5596,3.2665,1.8578
2.5295,1.5469,3.2665,1.8705
2.5397,1.5545,3.2538,1.8629
2.532,1.5571,3.2589,1.8552
2.5295,1.552,3.2665,1.8629
2.5346,1.5443,3.2589,1.868
2.5422,1.5469,3.2512,1.8629
2.5397,1.5596,3.2512,1.8578
2.5295,1.5596,3.2589,1.8527
2.5269,1.5545,3.264,1.8629
2.5346,1.5545,3.264,1.8705
2.5422,1.5494,3.2538,1.8705
2.5422,1.552,3.2538,1.8629
2.5346,1.5596,3.2589,1.8578
2.5295,1.552,3.264,1.8603
2.5346,1.5469,3.2589,1.868
2.5397,1.5469,3.2538,1.8629
2.5397,1.5596,3.2538,1.8578
2.5346,1.5596,3.2665,1.8552
2.5269,1.5443,3.2665,1.8654
2.5346,1.5469,3.2589,1.8654
2.5422,1.5545,3.2538,1.8552
2.5346,1.5596,3.2563,1.8578
2.5346,1.552,3.264,1.8629
2.5346,1.552,3.2589,1.868
2.5346,1.5545,3.2589,1.8629
2.5346,1.5545,3.2589,1.8629
2.5371,1.5596,3.2589,1.8603
2.5295,1.5545,3.264,1.8603
2.5371,1.5469,3.2589,1.868
2.5397,1.5443,3.2538,1.8629
2.5371,1.5596,3.2563,1.8578
2.5295,1.5596,3.2665,1.8603
2.5295,1.5494,3.2665,1.868
2.5422,1.5469,3.2589,1.8629
2.5397,1.5494,3.2589,1.8552
2.5346,1.5545,3.2589,1.8629
2.5346,1.5469,3.2589,1.868
2.5346,1.5545,3.2512,1.8629
2.5346,1.5545,3.2589,1.8578
2.5346,1.552,3.2563,1.8629
2.5346,1.5545,3.264,1.868
2.5346,1.5469,3.2538,1.8629
2.5422,1.5596,3.2512,1.8578
2.5295,1.5596,3.264,1.8629
2.5295,1.5469,3.2614,1.8705
2.5422,1.5545,3.2487,1.8629
2.5371,1.552,3.2563,1.8578
