1.0663,1.9344,2.9938,1.5518
1.0663,1.9369,2.9861,1.5569
1.0663,1.9344,2.9861,1.5543
1.0663,1.9369,2.9861,1.5492
1.0688,1.9344,2.9836,1.5518
1.0612,1.9369,2.9861,1.5518
1.0663,1.9318,2.9861,1.5518
1.0714,1.9344,2.9861,1.5543
1.0663,1.9344,2.9861,1.5518
1.0612,1.9344,2.9861,1.5518
1.0663,1.9369,2.9861,1.5543
1.0688,1.9344,2.9861,1.5441
1.0688,1.942,2.9861,1.5518
1.0637,1.9369,2.9912,1.5543
1.0688,1.9293,2.9836,1.5518
1.0739,1.9344,2.9861,1.5543
1.0688,1.9369,2.9861,1.5518
1.0612,1.9293,2.9912,1.5594
1.0663,1.9369,2.9861,1.5543
1.0688,1.942,2.9836,1.5467
1.0612,1.9369,2.9938,1.5543
1.0663,1.9293,2.9836,1.5543
1.0688,1.9344,2.9836,1.5543
1.0663,1.9369,2.9836,1.5518
1.0663,1.9344,2.9861,1.5594
1.0714,1.9369,2.981,1.5467
1.0663,1.942,2.9861,1.5467
1.0612,1.9318,2.9938,1.5594
1.0739,1.9318,2.9785,1.5594
1.0739,1.942,2.981,1.5518
1.0688,1.9369,2.9836,1.5518
1.0663,1.9369,2.9861,1.562
1.0714,1.9369,2.981,1.5543
1.0663,1.9446,2.9861,1.5467
1.0612,1.9369,2.9912,1.5518
1.0663,1.9318,2.9836,1.5594
1.0714,1.9369,2.9785,1.5543
1.0663,1.942,2.9836,1.5467
1.0663,1.9369,2.9861,1.5543
1.0688,1.9369,2.9861,1.5569
1.0663,1.9369,2.9836,1.5543
1.0688,1.9369,2.9861,1.5467
1.0688,1.9344,2.9836,1.5518
1.0663,1.9369,2.9887,1.5569
1.0663,1.9369,2.9861,1.5543
1.0688,1.9369,2.9861,1.5492
1.0612,1.9344,2.9912,1.5518
1.0688,1.9293,2.9861,1.5594
1.0714,1.9446,2.981,1.5467
1.0612,1.942,2.9836,1.5518
1.0688,1.9293,2.9861,1.5569
1.0714,1.9344,2.981,1.5543
1.0637,1.942,2.9861,1.5467
1.0612,1.9318,2.9938,1.5594
1.0714,1.9318,2.9785,1.5543
1.0714,1.942,2.981,1.5467
1.0612,1.942,2.9938,1.5543
1.0586,1.9293,2.9912,1.5569
1.0739,1.9293,2.981,1.5543
1.0663,1.942,2.9861,1.5467
1.0612,1.9344,2.9912,1.5543
1.0663,1.9293,2.9861,1.5569
1.0714,1.9369,2.981,1.5518
1.0688,1.942,2.9861,1.5518
1.0586,1.9344,2.9938,1.5518
1.0663,1.9318,2.9861,1.5594
1.0739,1.9344,2.981,1.5543
1.0637,1.942,2.9887,1.5467
1.0612,1.9369,2.9938,1.5543
1.0663,1.9395,2.9861,1.5518
1.0739,1.9369,2.981,1.5543
1.0688,1.942,2.9861,1.5518
1.0612,1.9395,2.9912,1.5594
1.0714,1.9293,2.981,1.5594
1.0714,1.942,2.981,1.5492
1.0663,1.942,2.9887,1.5467
1.0586,1.9344,2.9938,1.5594
1.0739,1.9318,2.9887,1.5594
1.0739,1.9344,2.981,1.5441
1.0612,1.9446,2.9912,1.5518
1.0612,1.9293,2.9912,1.5594
1.0739,1.9293,2.981,1.5543
1.0765,1.942,2.981,1.5467
1.0586,1.9446,2.9938,1.5467
1.0612,1.9369,2.9887,1.5543
1.0663,1.9369,2.9887,1.5543
1.0663,1.9369,2.9887,1.5543
1.0663,1.9369,2.9887,1.5543
1.0663,1.9344,2.9861,1.5569
1.0663,1.9369,2.9861,1.5518
1.0663,1.9369,2.9887,1.5467
1.0586,1.9369,2.9912,1.5518
1.0663,1.9293,2.9861,1.5569
1.0714,1.9344,2.9836,1.5543
1.0688,1.9369,2.9887,1.5518
1.0688,1.9369,2.9912,1.5594
1.0739,1.9344,2.981,1.5543
1.0663,1.9446,2.9887,1.5467
1.0612,1.9293,2.9938,1.562
1.0714,1.9318,2.981,1.5594
1.0739,1.9446,2.9836,1.5467
1.0612,1.9369,2.9963,1.5543
1.0663,1.9293,2.9861,1.5594
1.0714,1.9369,2.981,1.5543
1.0637,1.9446,2.9887,1.5467
1.0612,1.9369,2.9963,1.5518
1.0663,1.9318,2.9887,1.5594
1.0714,1.9369,2.9836,1.5467
1.0663,1.9446,2.9887,1.5467
1.0663,1.9369,2.9861,1.5543
1.0663,1.9369,2.9861,1.5594
1.0663,1.9369,2.9861,1.5518
1.0663,1.9395,2.9887,1.5543
1.0688,1.9446,2.9887,1.5543
1.0586,1.9395,2.9887,1.5518
1.0663,1.9369,2.9912,1.5518
1.0663,1.9369,2.9861,1.5467
1.0586,1.9344,2.9938,1.5594
1.0739,1.9318,2.9887,1.5594
1.0739,1.942,2.981,1.5467
1.0612,1.9344,2.9938,1.5543
1.0663,1.9369,2.9861,1.5518
1.0688,1.9369,2.9861,1.5518
1.0612,1.9369,2.9938,1.5518
1.0663,1.9293,2.9861,1.5518
1.0688,1.9369,2.981,1.5467
1.0612,1.9369,2.9938,1.5543
1.0688,1.9318,2.9887,1.5569
1.0714,1.9369,2.9836,1.5492
1.0586,1.942,2.9887,1.5467
1.0612,1.9369,2.9861,1.5569
1.0714,1.9369,2.9836,1.5518
1.0612,1.942,2.9938,1.5467
1.0586,1.9293,2.9938,1.5569
1.0663,1.9369,2.9861,1.5518
1.0637,1.9369,2.9912,1.5467
1.0663,1.9344,2.9887,1.5518
1.0663,1.9369,2.9912,1.5569
1.0714,1.9369,2.9836,1.5467
1.0663,1.942,2.9887,1.5467
1.0586,1.9369,2.9938,1.5518
1.0663,1.9318,2.9887,1.5569
1.0714,1.9369,2.9861,1.5518
1.0663,1.9471,2.9963,1.5467
1.0612,1.9293,2.9963,1.5569
1.0714,1.9293,2.9836,1.5594
1.0714,1.9369,2.9912,1.5543
1.0663,1.942,2.9912,1.5441
1.0612,1.9344,2.9963,1.5543
1.0663,1.9318,2.9861,1.5518
1.0714,1.9369,2.9887,1.5518
1.0663,1.9369,2.9887,1.5543
1.0586,1.9318,2.9963,1.5569
1.0739,1.9293,2.981,1.5518
1.0714,1.942,2.9836,1.5467
1.0612,1.942,2.9963,1.5518
1.0586,1.9293,2.9963,1.5569
1.0637,1.9369,2.9836,1.5518
1.0663,1.942,2.9912,1.5467
1.0612,1.9369,2.9989,1.5594
1.0663,1.9293,2.9836,1.5569
1.0714,1.9446,2.9836,1.5441
1.0586,1.942,2.9989,1.5467
1.0612,1.9293,2.9963,1.5569
1.0714,1.9293,2.9836,1.5518
1.0663,1.9446,2.9887,1.5467
1.0586,1.9369,2.9989,1.5543
1.0663,1.9318,2.9912,1.5543
1.0714,1.9369,2.9836,1.5441
1.0612,1.942,2.9938,1.5416
1.0612,1.9293,2.9963,1.5594
1.0714,1.9293,2.9836,1.5569
1.0739,1.9369,2.9836,1.5518
1.0688,1.942,2.9912,1.5518
1.0586,1.9344,2.9963,1.5518
1.0663,1.9369,2.9912,1.5492
1.0663,1.9369,2.9836,1.5518
1.0663,1.9446,2.9887,1.5518
1.0612,1.9369,2.9938,1.5543
1.0688,1.9318,2.9912,1.5569
1.0714,1.9369,2.9836,1.5492
1.0663,1.9446,2.9887,1.5467
1.0612,1.9369,2.9989,1.5518
1.0612,1.9318,2.9963,1.5594
1.0714,1.9318,2.9912,1.5543
1.0663,1.9369,2.9887,1.5543
1.0688,1.9369,2.9887,1.5543
1.0663,1.9344,2.9912,1.5518
1.0663,1.9395,2.9912,1.5518
1.0688,1.9369,2.9938,1.5441
1.0612,1.9369,2.9938,1.5518
1.0663,1.9293,2.9912,1.5594
1.0714,1.9369,2.9836,1.5518
1.0663,1.9446,2.9912,1.5518
1.0612,1.9369,2.9963,1.5569
1.0714,1.9318,2.9836,1.5569
1.0714,1.9369,2.9861,1.5543
1.0688,1.942,2.9887,1.5467
1.0663,1.9344,2.9963,1.5518
1.0688,1.9344,2.9912,1.5518
1.0637,1.9344,2.9887,1.5543
1.0663,1.9446,2.9938,1.5518
1.0612,1.9293,2.9887,1.5569
1.0714,1.9369,2.9836,1.5543
1.0663,1.9446,2.9938,1.5467
1.0612,1.9369,2.9963,1.5518
1.0663,1.9369,2.9887,1.5543
1.0663,1.9369,2.9887,1.5543
1.0688,1.9369,2.9963,1.5518
1.0688,1.9293,2.9861,1.5594
1.0714,1.9446,2.9836,1.5467
1.0612,1.942,2.9963,1.5492
1.0586,1.9318,2.9963,1.5569
1.0739,1.9318,2.9836,1.5518
1.0663,1.942,2.9887,1.5467
1.0612,1.9369,2.9887,1.5518
1.0663,1.9369,2.9912,1.5518
1.0663,1.9369,2.9887,1.5467
1.0663,1.9369,2.9938,1.5543
1.0688,1.9293,2.9861,1.5594
1.0739,1.9369,2.981,1.5467
1.0586,1.9446,2.9938,1.5467
1.0612,1.9293,2.9938,1.5594
1.0714,1.9369,2.9836,1.5543
1.0663,1.942,2.9887,1.5467
1.0612,1.9344,2.9938,1.5518
1.0663,1.9369,2.9861,1.5518
1.0663,1.9369,2.9861,1.5441
1.0612,1.9369,2.9912,1.5543
1.0688,1.9267,2.9912,1.5594
1.0714,1.9369,2.9836,1.5467
1.0663,1.9446,2.9887,1.5467
1.0612,1.9395,2.9887,1.5543
1.0663,1.9369,2.9912,1.5543
1.0688,1.9369,2.9887,1.5467
1.0586,1.9369,2.9963,1.5518
1.0663,1.9369,2.9861,1.5594
1.0663,1.9369,2.9887,1.5518
1.0739,1.9446,2.981,1.5441
1.0586,1.9446,2.9938,1.5518
1.0663,1.9293,2.9887,1.5569
1.0714,1.9369,2.9836,1.5543
1.0688,1.942,2.9887,1.5467
1.0612,1.9344,2.9989,1.5543
1.0688,1.9267,2.9887,1.5594
1.0714,1.9369,2.9836,1.5518
1.0663,1.9395,2.9887,1.5467
1.0586,1.9369,2.9938,1.5518
1.0688,1.9293,2.9887,1.5569
1.0739,1.9369,2.9836,1.5518
1.0663,1.942,2.9887,1.5543
1.0612,1.9369,2.9963,1.5543
1.0663,1.9318,2.9912,1.5594
1.0714,1.9369,2.9836,1.5543
1.0586,1.942,2.9887,1.5467
1.0586,1.9369,2.9963,1.5569
1.0663,1.9293,2.9836,1.5569
1.0739,1.942,2.9836,1.5467
1.0612,1.9446,2.9963,1.5518
1.0612,1.9293,2.9989,1.5594
1.0714,1.9293,2.9836,1.5543
1.0714,1.9446,2.9836,1.5467
1.0586,1.9446,2.9989,1.5518
1.0612,1.9318,2.9989,1.5569
1.0714,1.9318,2.9836,1.5518
1.0739,1.942,2.9836,1.5441
1.0586,1.9369,2.9963,1.5518
1.0688,1.9293,2.9912,1.5492
1.0714,1.9369,2.9836,1.5467
1.0586,1.9446,2.9887,1.5467
1.0586,1.9293,2.9963,1.5569
1.0739,1.9318,2.9836,1.5518
1.0663,1.9446,2.9887,1.5467
1.0586,1.9369,2.9938,1.5543
1.0663,1.9293,2.9887,1.5569
1.0714,1.9369,2.9836,1.5518
1.0663,1.9446,2.9887,1.5518
1.0663,1.9344,2.9887,1.5518
1.0637,1.9344,2.9887,1.5518
1.0663,1.9369,2.9912,1.5467
1.0663,1.9369,2.9861,1.5518
1.0663,1.9369,2.9887,1.5518
1.0663,1.9369,2.9887,1.5518
1.0739,1.9344,2.9912,1.5518
1.0663,1.9369,2.9887,1.5518
1.0663,1.9369,2.9912,1.5518
1.0663,1.9293,2.9836,1.5518
1.0714,1.9344,2.9861,1.5441
1.0586,1.9369,2.9989,1.5492
1.0714,1.9293,2.9887,1.5569
1.0739,1.9446,2.9836,1.5441
1.0663,1.942,2.9887,1.5467
1.0612,1.9318,2.9938,1.5569
1.0714,1.9293,2.9836,1.5569
1.0739,1.942,2.981,1.5441
1.0612,1.9446,2.9938,1.5467
1.0586,1.9318,2.9963,1.5569
1.0739,1.9369,2.981,1.5518
1.0663,1.9446,2.9861,1.5441
1.0612,1.9369,2.9938,1.5518
1.0663,1.9369,2.9887,1.5518
1.0688,1.9369,2.9861,1.5518
1.0688,1.9395,2.9887,1.5518
1.0663,1.9369,2.9887,1.5569
1.0714,1.9369,2.9836,1.5543
1.0663,1.9446,2.9887,1.5441
1.0612,1.9318,2.9938,1.5569
1.0663,1.9318,2.981,1.5569
1.0714,1.9369,2.981,1.5518
1.0663,1.942,2.9887,1.5467
1.0612,1.9318,2.9938,1.5569
1.0663,1.9293,2.981,1.5569
1.0714,1.942,2.981,1.5467
1.0688,1.942,2.9887,1.5467
1.0586,1.9318,2.9963,1.5569
1.0637,1.9293,2.981,1.5594
1.0714,1.942,2.981,1.5441
1.0586,1.9395,2.9938,1.5518
1.0663,1.9318,2.9861,1.5492
1.0714,1.9369,2.9836,1.5518
1.0663,1.942,2.9887,1.5518
1.0663,1.9395,2.9861,1.5569
1.0714,1.9344,2.9836,1.5518
1.0637,1.9446,2.9861,1.5518
1.0612,1.9369,2.9938,1.5518
1.0637,1.9344,2.9887,1.5518
1.0663,1.9344,2.9861,1.5467
1.0612,1.9369,2.9912,1.5518
1.0663,1.9318,2.981,1.5569
1.0714,1.9446,2.981,1.5441
1.0612,1.942,2.9938,1.5492
1.0663,1.9267,2.9861,1.5569
1.0714,1.9446,2.9785,1.5441
1.0586,1.9446,2.9938,1.5467
1.0586,1.9293,2.9912,1.5569
1.0714,1.9318,2.981,1.5518
1.0688,1.942,2.9861,1.5441
1.0612,1.9369,2.9938,1.5518
1.0663,1.9318,2.9861,1.5518
1.0714,1.9344,2.9785,1.5518
1.0637,1.9344,2.9836,1.5518
1.0663,1.9369,2.9861,1.5518
1.0663,1.9293,2.9861,1.5518
1.0714,1.9369,2.9836,1.5518
1.0663,1.9369,2.9836,1.5492
1.0663,1.9369,2.9836,1.5518
1.0637,1.9369,2.9836,1.5518
1.0663,1.9344,2.9861,1.5518
1.0663,1.9344,2.9861,1.5518
1.0663,1.9369,2.9861,1.5492
1.0663,1.9344,2.9836,1.5492
1.0688,1.942,2.9836,1.5441
1.0586,1.9344,2.9887,1.5467
1.0663,1.9318,2.981,1.5569
1.0714,1.9369,2.981,1.5441
1.0586,1.942,2.9912,1.5441
1.0612,1.9293,2.9912,1.5569
1.0714,1.9318,2.9785,1.5518
1.0714,1.942,2.9836,1.5441
1.0586,1.9344,2.9912,1.5492
1.0663,1.9293,2.9836,1.5518
1.0714,1.9344,2.9785,1.5492
1.0663,1.942,2.9836,1.5441
1.0612,1.9344,2.9912,1.5492
1.0586,1.9293,2.9912,1.5569
1.0714,1.9293,2.9785,1.5518
1.0663,1.9344,2.9836,1.5441
1.0663,1.942,2.9887,1.5518
1.0586,1.9293,2.9912,1.5543
1.0714,1.9293,2.9759,1.5569
1.0714,1.942,2.9785,1.5441
1.0586,1.9395,2.9912,1.5467
1.0612,1.9293,2.9912,1.5543
1.0663,1.9293,2.9836,1.5569
1.0714,1.9344,2.9785,1.5441
1.0663,1.942,2.9836,1.5441
1.0586,1.9344,2.9912,1.5569
1.0637,1.9318,2.9836,1.5569
1.0714,1.9369,2.9759,1.5518
1.0688,1.9446,2.9861,1.5441
1.0612,1.9369,2.9912,1.5492
1.0637,1.9293,2.9836,1.5518
1.0714,1.9344,2.981,1.5492
1.0637,1.942,2.9836,1.5492
1.0663,1.9369,2.9836,1.5518
1.0663,1.9344,2.9836,1.5492
1.0637,1.942,2.9861,1.5441
1.0612,1.9344,2.9912,1.5518
1.0637,1.9369,2.9836,1.5518
1.0663,1.9344,2.9861,1.5441
1.0663,1.9344,2.9861,1.5518
1.0663,1.9369,2.9861,1.5569
1.0663,1.9344,2.9836,1.5518
1.0663,1.9344,2.9836,1.5441
1.0688,1.9369,2.9836,1.5518
1.0663,1.9344,2.9836,1.5569
1.0714,1.9369,2.9785,1.5492
1.0637,1.942,2.9836,1.5441
1.0586,1.9344,2.9912,1.5543
1.0663,1.9293,2.9836,1.5594
1.0714,1.9369,2.9785,1.5518
1.0663,1.942,2.9836,1.5467
1.0612,1.9369,2.9912,1.5518
1.0663,1.9293,2.9861,1.5492
1.0688,1.9344,2.9836,1.5518
1.0663,1.9344,2.9836,1.5518
1.0612,1.9344,2.9861,1.5518
1.0714,1.9318,2.9836,1.5543
1.0714,1.942,2.9785,1.5467
1.0612,1.942,2.9887,1.5441
1.0586,1.9293,2.9912,1.5594
1.0714,1.9293,2.9785,1.5569
1.0714,1.9395,2.9785,1.5441
1.0663,1.942,2.9938,1.5441
1.0612,1.9369,2.9887,1.5569
1.0714,1.9293,2.981,1.5569
1.0714,1.9446,2.981,1.5441
1.0663,1.942,2.9912,1.5467
1.0612,1.9344,2.9912,1.5569
1.0663,1.9267,2.9836,1.5569
1.0714,1.9369,2.9785,1.5467
1.0663,1.942,2.9836,1.5441
1.0586,1.9344,2.9938,1.5467
1.0663,1.9344,2.9861,1.5594
1.0637,1.9369,2.9861,1.5518
1.0637,1.9369,2.9887,1.5543
1.0688,1.9369,2.9861,1.5518
1.0586,1.9344,2.9887,1.5518
1.0688,1.9293,2.9912,1.5518
1.0714,1.9369,2.9861,1.5518
1.0663,1.9446,2.9861,1.5441
1.0612,1.9369,2.9938,1.5518
1.0663,1.9318,2.9912,1.5518
1.0663,1.9369,2.9836,1.5518
1.0663,1.942,2.9887,1.5518
1.0586,1.9369,2.9963,1.5569
1.0663,1.9267,2.9912,1.5569
1.0714,1.9369,2.9836,1.5518
1.0688,1.942,2.9963,1.5518
1.0612,1.9318,2.9938,1.5569
1.0714,1.9293,2.9861,1.5518
1.0739,1.9446,2.9836,1.5441
1.0586,1.942,2.9963,1.5467
1.0586,1.9344,2.9963,1.5569
1.0663,1.9318,2.9912,1.5569
1.0714,1.9446,2.9836,1.5518
1.0663,1.942,2.9963,1.5467
1.0586,1.9369,2.9912,1.5518
1.0663,1.9369,2.9912,1.5518
1.0663,1.9369,2.9912,1.5467
1.0663,1.9369,2.9887,1.5518
1.0637,1.9344,2.9887,1.5569
1.0663,1.9369,2.9887,1.5518
1.0663,1.9344,2.9912,1.5467
1.0663,1.9369,2.9887,1.5518
1.0663,1.9369,2.9912,1.5569
1.0663,1.9344,2.9912,1.5543
1.0663,1.9369,2.9836,1.5467
1.0612,1.942,2.9963,1.5467
1.0612,1.9369,2.9963,1.5569
1.0637,1.9293,2.9836,1.5569
1.0688,1.9369,2.9861,1.5467
1.0663,1.942,2.9887,1.5467
1.0612,1.9369,2.9963,1.5518
1.0663,1.9293,2.9887,1.5518
1.0714,1.9344,2.9836,1.5518
1.0663,1.9446,2.9912,1.5467
1.0586,1.9369,2.9963,1.5518
1.0663,1.9293,2.9887,1.5569
1.0714,1.9369,2.9861,1.5543
1.0663,1.942,2.9912,1.5518
1.0612,1.9318,2.9963,1.5569
1.0637,1.9293,2.9912,1.5569
1.0714,1.9344,2.9836,1.5467
1.0586,1.942,2.9938,1.5543
1.0612,1.9318,2.9963,1.5569
1.0714,1.9318,2.9836,1.5543
1.0663,1.9446,2.9912,1.5467
1.0586,1.9369,2.9938,1.5569
1.0663,1.9293,2.9887,1.5594
1.0739,1.9446,2.9836,1.5467
1.0663,1.942,2.9887,1.5467
1.0586,1.9344,2.9938,1.5518
1.0663,1.9293,2.9887,1.5569
1.0739,1.9369,2.9836,1.5518
1.0663,1.9446,2.9887,1.5518
1.0663,1.9344,2.9887,1.5518
1.0663,1.9318,2.981,1.5594
1.0739,1.9446,2.981,1.5467
1.0612,1.942,2.9887,1.5518
1.0663,1.9369,2.9912,1.5569
1.0663,1.9369,2.9887,1.5492
1.0663,1.9344,2.981,1.5441
1.0663,1.942,2.9963,1.5467
1.0612,1.9344,2.9963,1.5569
1.0663,1.9318,2.9887,1.5569
1.0714,1.942,2.9836,1.5467
1.0612,1.942,2.9912,1.5543
1.0663,1.9344,2.9912,1.5518
1.0637,1.9318,2.9836,1.5569
