0.33215,1.9981,2.7363,1.3044
0.32705,2.0058,2.7389,1.3044
0.3194,1.9981,2.7465,1.3172
0.32705,1.993,2.7389,1.3172
0.32705,2.0007,2.7414,1.3121
0.32705,2.0007,2.7389,1.3044
0.3296,2.0007,2.7389,1.3121
0.32705,1.9981,2.7389,1.3146
0.32705,1.9981,2.7414,1.3121
0.32705,1.9981,2.7414,1.3121
0.3245,2.0007,2.7389,1.3095
0.32705,1.9956,2.7389,1.3172
0.3296,2.0007,2.7338,1.3095
0.32705,2.0032,2.7414,1.3044
0.3194,2.0083,2.7414,1.3121
0.32705,1.9981,2.7414,1.3121
0.32705,1.9981,2.7414,1.3121
0.33215,2.0007,2.7363,1.3095
0.33215,2.0058,2.7414,1.3044
0.32195,2.0032,2.7389,1.3121
0.3194,1.9981,2.7389,1.3121
0.3245,1.993,2.7389,1.3095
0.33215,1.9981,2.7389,1.3121
0.32705,2.0032,2.7414,1.3044
0.3194,2.0058,2.7491,1.307
0.3194,1.9981,2.7491,1.3172
0.32705,1.993,2.7414,1.3172
0.33215,1.9981,2.7363,1.3044
0.32705,2.0007,2.7414,1.3095
0.32705,2.0032,2.7389,1.3095
0.3194,2.0007,2.744,1.3121
0.32705,1.9956,2.7414,1.3095
0.33215,1.9981,2.7389,1.3095
0.32705,2.0058,2.7389,1.307
0.31685,1.993,2.7491,1.3121
0.3245,1.9956,2.7414,1.3197
0.33215,2.0007,2.7363,1.3121
0.32705,2.0058,2.744,1.3121
0.32195,1.9981,2.7491,1.3121
0.32705,2.0007,2.7414,1.3121
0.3245,1.9981,2.7363,1.3121
0.32705,2.0058,2.7389,1.3095
0.32705,1.9981,2.7491,1.3197
0.33215,1.993,2.7363,1.3121
0.33215,2.0032,2.7389,1.3044
0.3194,2.0058,2.7465,1.3121
0.3194,1.9981,2.7414,1.3146
0.32705,1.9981,2.7414,1.3121
0.3245,1.9956,2.7389,1.3121
0.32705,1.9981,2.7414,1.3121
0.32195,1.9981,2.7491,1.3121
0.32705,1.993,2.744,1.3121
0.3347,1.9981,2.7338,1.3121
0.3245,2.0058,2.7414,1.307
0.32195,1.9981,2.7491,1.3121
0.32705,1.9905,2.7414,1.3197
0.33215,1.9981,2.7363,1.3121
0.3245,2.0032,2.7414,1.3019
0.3194,1.993,2.7491,1.3095
0.3245,1.993,2.744,1.3197
0.3347,1.9981,2.7363,1.3121
0.32705,2.0058,2.7414,1.3044
0.3194,1.9981,2.7491,1.3121
0.32705,1.993,2.7414,1.3172
0.33215,1.9981,2.7363,1.3121
0.3347,2.0058,2.7414,1.3044
0.32195,2.0032,2.7465,1.3146
0.31685,1.9905,2.7465,1.3172
0.33215,1.993,2.7389,1.3197
0.33215,2.0007,2.7389,1.307
0.32705,2.0058,2.7465,1.3121
0.3194,1.9981,2.7414,1.3121
0.32705,1.9981,2.7414,1.3095
0.32705,1.9981,2.7414,1.3146
0.32705,1.9981,2.7389,1.3121
0.3245,2.0007,2.7414,1.3121
0.32705,1.9981,2.7414,1.3121
0.3245,1.9981,2.7363,1.307
0.32705,2.0058,2.7465,1.307
0.31685,1.9905,2.7465,1.3172
0.33215,1.993,2.7363,1.3172
0.33215,2.0058,2.7363,1.307
0.3245,2.0058,2.7491,1.307
0.3194,1.993,2.7491,1.3197
0.3347,1.993,2.7338,1.3172
0.33215,2.0058,2.7338,1.3095
0.3194,2.0058,2.7414,1.3121
0.32705,1.9981,2.7389,1.3146
0.32705,1.9981,2.7414,1.3121
0.3245,1.9981,2.7389,1.307
0.3194,2.0058,2.7491,1.3121
0.3194,1.993,2.7465,1.3172
0.3296,1.993,2.7338,1.3121
0.33215,2.0032,2.7363,1.307
0.31685,2.0032,2.7465,1.3095
0.3194,1.993,2.7491,1.3197
0.3245,1.993,2.7338,1.3197
0.33215,2.0032,2.7338,1.3095
0.3194,2.0058,2.7465,1.3121
0.32195,1.9905,2.7414,1.3197
0.3296,1.9981,2.7338,1.3121
0.32705,2.0032,2.7389,1.307
0.32705,1.9981,2.7414,1.3121
0.32705,1.9981,2.7389,1.3121
0.3296,1.9981,2.7338,1.3121
0.32705,2.0058,2.7389,1.3121
0.32705,1.9981,2.7414,1.3121
0.3296,1.9981,2.7389,1.3121
0.3296,1.9981,2.7338,1.3121
0.3245,2.0058,2.7389,1.3121
0.3245,1.9981,2.7389,1.3121
0.3245,1.9981,2.7389,1.3121
0.32705,1.9981,2.7389,1.3044
0.32705,2.0007,2.7389,1.3121
0.32705,2.0007,2.7389,1.3121
0.3245,1.9981,2.7414,1.3121
0.32705,2.0007,2.7338,1.3044
0.32195,2.0058,2.7491,1.3095
0.3194,1.993,2.7491,1.3172
0.32705,1.9981,2.7389,1.3121
0.33215,2.0007,2.7389,1.3121
0.3245,1.9956,2.7389,1.3121
0.31685,1.9981,2.7491,1.3121
0.3245,1.993,2.7389,1.3172
0.33215,1.993,2.7338,1.3121
0.33215,2.0058,2.7338,1.307
0.32705,2.0032,2.7414,1.3044
0.3194,1.9956,2.7491,1.3197
0.3245,1.9905,2.7414,1.3172
0.33215,1.9981,2.7338,1.3121
0.32705,2.0058,2.7414,1.3044
0.32705,1.9981,2.7414,1.3121
0.3245,2.0007,2.7389,1.3121
0.32705,2.0007,2.7414,1.3121
0.33215,2.0007,2.7363,1.3121
0.32705,2.0058,2.7389,1.307
0.3194,1.9981,2.7465,1.3121
0.32705,1.9981,2.7414,1.3172
0.32705,1.9981,2.7414,1.3121
0.33215,1.9981,2.7389,1.3121
0.3245,2.0058,2.7414,1.3121
0.32195,1.9981,2.7491,1.3121
0.32705,1.9956,2.7414,1.3121
0.33215,2.0058,2.7363,1.3044
0.3194,2.0058,2.7414,1.307
0.3194,1.9981,2.7491,1.3172
0.32705,1.993,2.7414,1.3172
0.33215,1.9981,2.7338,1.3121
0.32705,2.0058,2.7389,1.3044
0.3194,1.9981,2.7465,1.3121
0.3245,1.993,2.7414,1.3121
0.32705,1.9981,2.7414,1.3121
0.3194,2.0058,2.7491,1.3044
0.3194,1.993,2.7465,1.3197
0.32705,1.9905,2.7414,1.3095
0.33215,1.9981,2.7363,1.3121
0.32705,2.0058,2.744,1.307
0.31685,2.0058,2.7491,1.3095
0.32705,1.9905,2.7414,1.3197
0.33215,1.9981,2.7363,1.3121
0.32705,2.0058,2.7414,1.3095
0.32195,1.9981,2.7491,1.3121
0.32705,1.9981,2.7414,1.3172
0.33215,1.9981,2.7363,1.3121
0.32705,1.9981,2.7389,1.307
0.3245,2.0007,2.7414,1.3121
0.32705,1.9981,2.7491,1.3121
0.32705,1.9956,2.7414,1.3172
0.3347,1.9981,2.7363,1.3121
0.32705,2.0032,2.7389,1.3044
0.32195,1.9981,2.7491,1.3121
0.3194,1.9905,2.7414,1.3172
0.33215,1.9956,2.7363,1.3121
0.33215,2.0083,2.7338,1.3044
0.32705,2.0058,2.7389,1.3044
0.3194,2.0007,2.7465,1.3121
0.32705,1.9981,2.7414,1.3172
0.32705,1.993,2.7414,1.3121
0.33215,2.0058,2.7363,1.3121
0.32705,2.0058,2.7389,1.3044
0.32195,2.0058,2.7465,1.3121
0.3194,1.993,2.7465,1.3197
0.33215,1.9905,2.7338,1.3197
0.33215,1.9981,2.7338,1.307
0.32705,1.9981,2.7414,1.3044
0.3245,2.0058,2.7465,1.3121
0.32195,1.9981,2.7414,1.3121
0.32705,1.9981,2.7414,1.3121
0.3347,1.9981,2.7363,1.3121
0.33215,2.0058,2.7363,1.3044
0.3194,2.0058,2.7465,1.3095
0.3194,1.993,2.7465,1.3172
0.32705,1.9905,2.7363,1.3197
0.33215,1.9981,2.7389,1.3121
0.32705,1.9981,2.7414,1.3121
0.32705,1.9981,2.7465,1.3121
0.32705,2.0007,2.7414,1.3146
0.33215,1.9981,2.7389,1.3121
0.3245,2.0083,2.7389,1.3044
0.32195,1.9981,2.7414,1.3121
0.32705,2.0007,2.7414,1.3121
0.3245,1.993,2.744,1.3121
0.33215,2.0007,2.7363,1.3121
0.3194,2.0058,2.7465,1.3044
0.31685,1.9981,2.7491,1.3197
0.3347,1.993,2.7363,1.3197
0.33215,2.0032,2.7338,1.307
0.3194,2.0058,2.7491,1.3121
0.32195,1.993,2.7491,1.3172
0.33215,1.9981,2.7389,1.3121
0.32705,2.0058,2.7389,1.3095
0.32705,2.0007,2.7465,1.3121
0.32705,1.9981,2.7414,1.3095
0.32705,2.0007,2.7389,1.3044
0.3194,1.993,2.7465,1.3172
0.3296,1.9956,2.7338,1.3197
0.33215,2.0032,2.7363,1.3044
0.3245,1.9981,2.7414,1.3121
0.3194,1.993,2.7491,1.3172
0.33215,1.993,2.7363,1.3121
0.33215,2.0058,2.7338,1.3044
0.3194,2.0083,2.7465,1.3121
0.32195,2.0007,2.7465,1.3172
0.32705,1.993,2.7414,1.3172
0.3296,1.9981,2.7363,1.307
0.32705,1.9981,2.7389,1.307
0.32705,2.0007,2.7389,1.3121
0.3194,2.0007,2.7465,1.3121
0.32705,1.9981,2.7389,1.3121
0.32705,2.0007,2.7414,1.3121
0.32705,1.9981,2.7414,1.3121
0.3194,1.9981,2.7389,1.3121
0.3245,1.9905,2.7389,1.3146
0.33215,2.0007,2.7338,1.3121
0.3245,2.0058,2.7414,1.307
0.32195,1.9956,2.7465,1.3172
0.32705,1.9956,2.7338,1.3197
0.33215,2.0058,2.7363,1.307
0.3194,2.0083,2.7389,1.307
0.32195,2.0007,2.7465,1.3146
0.3245,1.9905,2.7389,1.3172
0.33215,1.9981,2.7338,1.3121
0.32705,1.9981,2.7414,1.307
0.3245,2.0007,2.7389,1.3121
0.31685,2.0007,2.7414,1.3121
0.3245,1.993,2.7414,1.3121
0.3245,1.9981,2.7389,1.3121
0.32705,1.9981,2.7389,1.3095
0.3245,1.9956,2.7389,1.3172
0.33215,1.9981,2.7389,1.3121
0.32705,2.0058,2.7389,1.307
0.32195,1.9981,2.7465,1.3172
0.32705,1.993,2.7338,1.3172
0.33215,1.9981,2.7338,1.3121
0.32705,2.0058,2.7389,1.307
0.3245,1.9981,2.7389,1.3146
0.32705,1.9981,2.7389,1.3121
0.32705,1.9981,2.7414,1.3121
0.32705,1.9981,2.7389,1.3121
0.32705,2.0007,2.7414,1.3121
0.32195,1.993,2.7465,1.3197
0.3347,1.993,2.7338,1.3172
0.33215,1.9981,2.7338,1.307
0.3194,2.0058,2.7491,1.307
0.3194,1.993,2.7465,1.3121
0.32705,1.993,2.7389,1.3121
0.32705,1.9981,2.7414,1.3121
0.32705,1.9981,2.7389,1.3172
0.32705,1.9981,2.7414,1.3197
0.3347,1.9981,2.7338,1.3121
0.32705,2.0058,2.7389,1.307
0.3194,2.0007,2.7465,1.3121
0.32705,1.993,2.7389,1.3197
0.33215,1.9981,2.7338,1.3121
0.32705,2.0083,2.7414,1.307
0.31685,1.9981,2.7491,1.3121
0.3245,1.993,2.7389,1.3121
0.33215,1.9981,2.7338,1.3121
0.32705,2.0032,2.7414,1.3121
0.32705,1.9981,2.7389,1.3121
0.32705,1.9956,2.7414,1.3121
0.32705,1.9981,2.7389,1.307
0.32705,2.0058,2.7491,1.3121
0.3194,1.993,2.7491,1.3172
0.33215,1.993,2.7363,1.3172
0.33215,1.9981,2.7338,1.3044
0.3194,2.0032,2.7491,1.307
0.32195,1.993,2.7465,1.3197
0.3245,1.9905,2.7389,1.3172
0.3245,1.9981,2.7389,1.3121
0.3245,1.9981,2.7414,1.3121
0.32705,2.0058,2.7389,1.3121
0.32195,1.9981,2.7465,1.3121
0.32705,1.993,2.7414,1.3121
0.33215,2.0007,2.7338,1.3121
0.32705,2.0058,2.7414,1.3121
0.32195,1.9981,2.7465,1.3121
0.32705,1.993,2.7414,1.3172
0.33215,1.9905,2.7363,1.3121
0.33215,2.0083,2.7363,1.307
0.3245,2.0058,2.7389,1.3044
0.32195,1.993,2.7491,1.3121
0.32705,1.993,2.7338,1.3197
0.33215,1.9905,2.7363,1.3121
0.33215,2.0058,2.7363,1.307
0.3194,2.0058,2.7389,1.3121
0.32705,2.0007,2.7389,1.3172
0.3245,1.9981,2.7414,1.3121
0.32705,1.9981,2.7389,1.3044
0.3194,2.0007,2.7465,1.3121
0.32705,1.993,2.7414,1.3197
0.33215,1.9981,2.7363,1.3121
0.3245,2.0083,2.7389,1.307
0.32705,1.9981,2.7491,1.3121
0.3194,1.993,2.744,1.3172
0.33215,1.993,2.7363,1.3095
0.33215,2.0083,2.7338,1.307
0.3194,2.0032,2.7465,1.3044
0.3194,1.993,2.7491,1.3172
0.33215,1.993,2.7338,1.3172
0.33215,2.0032,2.7363,1.3044
0.3194,2.0058,2.7491,1.3121
0.3194,1.993,2.7465,1.3172
0.3347,1.9905,2.7338,1.3121
0.33215,2.0058,2.7363,1.3044
0.3194,2.0058,2.7491,1.3121
0.3194,1.993,2.7491,1.3172
0.33215,1.993,2.7389,1.3121
0.3347,2.0083,2.7363,1.307
0.3194,2.0032,2.7491,1.3044
0.3194,1.993,2.7465,1.3172
0.33215,1.993,2.7338,1.3172
0.33215,1.9981,2.7363,1.3121
0.32705,2.0058,2.7389,1.307
0.3194,2.0058,2.7465,1.3121
0.31685,1.9981,2.7491,1.3172
0.32705,1.9956,2.7414,1.3172
0.33215,1.9981,2.7363,1.307
0.32705,2.0058,2.7414,1.3019
0.32705,1.9981,2.7414,1.3121
0.3194,1.993,2.7465,1.3172
0.33215,1.993,2.7414,1.3121
0.33215,2.0007,2.7363,1.3121
0.32705,1.9981,2.7389,1.307
0.3194,1.9981,2.7465,1.3121
0.32705,2.0007,2.7414,1.3146
0.32705,1.9981,2.7414,1.3121
0.3245,1.9981,2.7414,1.3121
0.32705,2.0083,2.7389,1.3044
0.3194,2.0032,2.7491,1.3121
0.32705,1.9956,2.7414,1.3172
0.33215,1.9956,2.7338,1.3095
0.33215,2.0058,2.7363,1.3019
0.3194,2.0058,2.7491,1.3019
0.3194,1.9981,2.7465,1.3172
0.3347,1.993,2.7414,1.3197
0.33215,1.9981,2.7363,1.3095
0.33215,2.0007,2.7414,1.3044
0.32705,1.9981,2.7414,1.3121
0.3194,2.0007,2.7465,1.3095
0.3245,1.9956,2.7389,1.3121
0.33215,1.9981,2.7363,1.3121
0.32705,2.0058,2.7389,1.3044
0.3194,2.0007,2.7465,1.3121
0.3245,1.993,2.7414,1.3172
0.33215,2.0007,2.7363,1.3121
0.3245,2.0058,2.7414,1.3044
0.3194,2.0007,2.7465,1.3121
0.3194,1.993,2.7465,1.3197
0.3347,1.9905,2.7363,1.3172
0.33215,1.9981,2.7363,1.3121
0.3245,2.0083,2.7389,1.3121
0.3194,2.0058,2.7465,1.3121
0.3194,1.9981,2.7465,1.3172
0.32705,1.993,2.7414,1.3197
0.33215,1.9981,2.7338,1.3121
0.32705,2.0058,2.7414,1.307
0.3245,1.9981,2.7414,1.3121
0.32705,1.9981,2.7491,1.3121
0.32705,1.9905,2.7414,1.3095
0.32705,1.9981,2.7338,1.3095
0.3245,1.9981,2.7389,1.3044
0.32705,2.0032,2.7414,1.3121
0.3194,1.9981,2.7465,1.3121
0.31685,1.993,2.7465,1.3172
0.3296,1.9956,2.7414,1.3172
0.3347,2.0007,2.7363,1.3121
0.32705,1.9981,2.7389,1.307
0.3245,1.9981,2.7414,1.3121
0.3194,2.0007,2.7389,1.3121
0.32705,1.993,2.7414,1.3172
0.33215,1.9956,2.7338,1.3121
0.33215,1.9981,2.7389,1.3095
0.3245,2.0058,2.7414,1.3121
0.3194,2.0007,2.7491,1.3121
0.3245,2.0007,2.7389,1.3197
0.32705,2.0032,2.7389,1.3121
0.33215,1.9981,2.7338,1.3121
0.32705,2.0007,2.7389,1.3121
0.3194,1.9981,2.7465,1.3121
0.32705,1.9956,2.7389,1.3172
0.33215,1.9981,2.7363,1.3121
0.32705,2.0058,2.7389,1.3044
0.3194,2.0007,2.7491,1.3172
0.32705,1.993,2.7414,1.3172
0.33215,1.9981,2.7363,1.307
0.3245,2.0032,2.7414,1.3044
0.3194,2.0007,2.7465,1.3172
0.32705,1.993,2.7414,1.3172
0.3245,2.0007,2.7389,1.3121
0.32705,2.0007,2.7414,1.3121
0.3296,2.0058,2.7414,1.3121
0.32195,2.0058,2.7491,1.3121
0.3194,1.993,2.7465,1.3172
0.32705,1.9981,2.7414,1.3121
0.32705,1.9981,2.7414,1.307
0.3245,2.0007,2.7414,1.3121
0.32705,1.993,2.7389,1.3172
0.33215,2.0007,2.7389,1.307
0.32705,2.0058,2.7389,1.307
0.3194,1.9981,2.7491,1.3121
0.32195,1.993,2.744,1.3172
0.33215,1.993,2.7338,1.3197
0.3347,2.0058,2.7363,1.307
0.3194,2.0083,2.7491,1.3044
0.31685,1.9956,2.7491,1.3197
0.33215,1.993,2.7389,1.3121
0.32705,2.0058,2.7389,1.307
0.3194,2.0007,2.7491,1.3121
0.32705,1.9956,2.7389,1.3172
0.33215,2.0007,2.7338,1.3121
0.32705,2.0058,2.7414,1.307
0.3194,2.0007,2.7465,1.3095
0.3245,1.993,2.7414,1.3197
0.33215,1.9981,2.7389,1.3121
0.32705,2.0058,2.744,1.307
0.3194,2.0007,2.7465,1.3095
0.32705,1.993,2.7414,1.3172
0.33215,1.9981,2.7338,1.3095
0.3194,2.0058,2.7414,1.3044
0.32705,2.0007,2.7414,1.3121
0.3245,2.0007,2.7414,1.3121
0.3245,2.0058,2.7414,1.307
0.32705,2.0007,2.7389,1.3121
0.3245,1.9981,2.7465,1.3121
0.32705,1.9981,2.7414,1.3121
0.33215,2.0007,2.7389,1.3121
0.32705,2.0058,2.7414,1.3121
0.3194,1.9981,2.7491,1.3121
0.32195,1.993,2.7465,1.3172
0.33215,1.993,2.7338,1.3172
0.33215,2.0007,2.7363,1.307
0.32705,2.0083,2.7414,1.307
0.3194,1.9981,2.7465,1.3121
0.32705,1.9981,2.7389,1.3197
0.32705,1.9981,2.7389,1.3121
0.3245,1.9981,2.7363,1.3121
0.3194,2.0058,2.744,1.307
0.32195,1.993,2.7465,1.3172
0.33215,1.993,2.7338,1.3121
0.32705,2.0058,2.744,1.3044
0.31685,1.9981,2.7491,1.3121
0.3245,1.993,2.7414,1.3172
0.3347,1.9981,2.7338,1.3121
0.32705,2.0058,2.7389,1.307
0.3194,1.9981,2.7491,1.3121
0.33215,1.9956,2.7389,1.3172
0.33215,2.0058,2.7338,1.307
0.31685,2.0058,2.7465,1.3121
0.32705,1.9956,2.7389,1.3197
0.33215,2.0007,2.7338,1.3121
0.32705,2.0058,2.7389,1.3044
0.32195,1.9981,2.7465,1.3121
0.3245,1.9905,2.7389,1.3146
0.33215,1.9981,2.7414,1.3121
0.32705,2.0032,2.7414,1.307
0.3194,2.0007,2.7465,1.3121
0.32705,1.993,2.7414,1.3172
0.33215,1.9981,2.7363,1.3121
0.33215,2.0058,2.7363,1.307
0.3194,2.0058,2.7465,1.3121
0.3194,1.9905,2.744,1.3197
0.32705,1.993,2.7389,1.3121
0.33215,1.9981,2.7363,1.3121
0.32705,2.0058,2.7389,1.307
0.3194,2.0058,2.7465,1.3121
0.3194,2.0007,2.7491,1.3197
0.3245,1.9905,2.7414,1.3197
0.33215,1.9981,2.7338,1.3121
0.3245,2.0058,2.7414,1.307
0.32705,1.9981,2.7389,1.3121
0.32705,2.0007,2.7389,1.3121
0.32705,1.9981,2.7414,1.3121
0.3245,2.0032,2.7338,1.307
0.32705,2.0058,2.7389,1.307
0.32705,2.0007,2.7465,1.3121
0.32705,1.9981,2.7389,1.3197
0.32705,1.9981,2.7389,1.3121
0.32705,1.9981,2.7363,1.3121
0.32705,2.0007,2.7389,1.3121
