1.4512,1.8426,3.0754,1.6436
1.4563,1.8401,3.0677,1.6461
1.4614,1.8452,3.0652,1.6308
1.4487,1.8503,3.0754,1.6385
1.4512,1.8375,3.0805,1.6461
1.4614,1.835,3.0652,1.6385
1.4614,1.8503,3.0677,1.6334
1.4512,1.8503,3.0754,1.6385
1.4487,1.8401,3.0703,1.6461
1.4563,1.8452,3.0728,1.6385
1.4563,1.8426,3.0703,1.6334
1.4563,1.8426,3.0703,1.6385
1.4563,1.8426,3.0728,1.6436
1.4589,1.8426,3.0728,1.6385
1.4563,1.8452,3.0754,1.6334
1.4487,1.8452,3.0805,1.6385
1.4589,1.8401,3.0728,1.6385
1.4589,1.8426,3.0677,1.6359
1.4538,1.8503,3.0728,1.6334
1.4512,1.8452,3.0779,1.6359
1.4614,1.8401,3.0728,1.641
1.4614,1.8503,3.0677,1.6334
1.4512,1.8477,3.0779,1.6334
1.4487,1.8375,3.0805,1.6461
1.4614,1.8375,3.0677,1.6359
1.4614,1.8503,3.0652,1.6308
1.4487,1.8426,3.0805,1.6385
1.4563,1.8375,3.0728,1.6385
1.4538,1.8452,3.0728,1.6385
1.4538,1.8452,3.0728,1.6385
1.4563,1.8375,3.0728,1.6436
1.4614,1.8426,3.0677,1.6359
1.4538,1.8426,3.0754,1.6385
1.4538,1.8375,3.0728,1.6461
1.4589,1.8426,3.0677,1.6334
1.4563,1.8503,3.0779,1.6334
1.4487,1.8375,3.083,1.6436
1.4589,1.8426,3.0677,1.6359
1.4538,1.8503,3.0805,1.6283
1.4487,1.8401,3.0805,1.6436
1.4614,1.8426,3.0677,1.6385
1.4563,1.8503,3.0754,1.6334
1.4487,1.8375,3.0779,1.6436
1.4614,1.8426,3.0677,1.6385
1.4538,1.8452,3.0754,1.6385
1.4538,1.8375,3.0728,1.6436
1.4614,1.8452,3.0677,1.6385
1.4538,1.8503,3.0754,1.6359
1.4487,1.8452,3.0805,1.6385
1.4538,1.8401,3.0728,1.6359
1.4563,1.8426,3.0703,1.6385
1.4538,1.8528,3.0754,1.6334
1.4487,1.8452,3.0805,1.6385
1.4563,1.8375,3.0754,1.6461
1.4589,1.8452,3.0677,1.6385
1.4563,1.8503,3.0728,1.6334
1.4487,1.8426,3.0805,1.6359
1.4538,1.8375,3.0754,1.6436
1.4589,1.8426,3.0703,1.6385
1.4538,1.8503,3.0754,1.6385
1.4461,1.8452,3.083,1.6359
1.4563,1.8375,3.0677,1.6436
1.4614,1.8477,3.0677,1.6308
1.4461,1.8452,3.0805,1.6385
1.4538,1.8375,3.0754,1.6436
1.4614,1.8426,3.0754,1.6359
1.4563,1.8452,3.0728,1.6359
1.4538,1.8401,3.0754,1.641
1.4589,1.8426,3.0677,1.6359
1.4563,1.8528,3.0754,1.6385
1.4538,1.8452,3.0728,1.641
1.4614,1.8401,3.0703,1.6359
1.4589,1.8503,3.0728,1.6334
1.4538,1.8426,3.0805,1.6359
1.4538,1.8426,3.0728,1.6359
1.464,1.8503,3.0652,1.6334
1.4487,1.8503,3.0805,1.6359
1.4538,1.835,3.0728,1.6436
1.4589,1.8452,3.0677,1.6385
1.4563,1.8503,3.0728,1.6334
1.4487,1.8452,3.083,1.6385
1.4487,1.835,3.0754,1.6436
1.4538,1.8426,3.0728,1.6385
1.4563,1.8452,3.0754,1.6334
1.4563,1.8426,3.0754,1.6385
1.4563,1.8375,3.0728,1.6436
1.4614,1.8426,3.0677,1.6359
1.4538,1.8477,3.0728,1.6308
1.4487,1.8426,3.0805,1.6461
1.4614,1.8401,3.0754,1.6436
1.4614,1.8452,3.0652,1.6359
1.4538,1.8477,3.0779,1.6385
1.4487,1.8375,3.0805,1.6436
1.4589,1.8452,3.0677,1.6359
1.4563,1.8503,3.0728,1.6308
1.4487,1.8452,3.0779,1.6385
1.4563,1.8452,3.0728,1.6385
1.4589,1.8452,3.0728,1.6385
1.4563,1.8426,3.0728,1.6385
1.4538,1.8426,3.0728,1.6359
1.4538,1.8426,3.0754,1.641
1.4563,1.8426,3.0728,1.6385
1.4563,1.8426,3.0728,1.6385
1.4563,1.8452,3.0754,1.6436
1.4563,1.8426,3.0703,1.6385
1.4538,1.8452,3.0677,1.6334
1.4512,1.8503,3.0805,1.6359
1.4512,1.8375,3.0805,1.6436
1.4614,1.8401,3.0652,1.6385
1.4614,1.8477,3.0652,1.6359
1.4487,1.8503,3.0805,1.6385
1.4487,1.8375,3.0728,1.6461
1.464,1.8452,3.0652,1.6359
1.4563,1.8503,3.0728,1.6334
1.4512,1.8426,3.0805,1.6359
1.4512,1.8401,3.0728,1.6385
1.4614,1.8426,3.0652,1.6308
1.4563,1.8477,3.0754,1.6308
1.4487,1.8401,3.0779,1.6436
1.4563,1.8375,3.0728,1.6436
1.464,1.8503,3.0677,1.6385
1.4512,1.8503,3.0728,1.6334
1.4487,1.8452,3.0805,1.6436
1.4538,1.8401,3.0652,1.6461
1.4614,1.8477,3.0677,1.6334
1.4487,1.8452,3.0779,1.6385
1.4563,1.8401,3.0728,1.6461
1.4614,1.8452,3.0677,1.6385
1.4614,1.8528,3.0703,1.6334
1.4487,1.8503,3.0779,1.6385
1.4512,1.8401,3.0728,1.6436
1.464,1.8426,3.0652,1.6385
1.4538,1.8477,3.0728,1.6308
1.4487,1.8452,3.0779,1.6385
1.4563,1.835,3.0677,1.6359
1.4563,1.8426,3.0728,1.6385
1.4563,1.8426,3.0728,1.6385
1.4538,1.8375,3.0728,1.6461
1.464,1.8401,3.0652,1.6308
1.4563,1.8477,3.0728,1.6334
1.4487,1.8452,3.0779,1.6461
1.4614,1.8375,3.0652,1.6385
1.464,1.8503,3.0652,1.6308
1.4487,1.8477,3.0779,1.6385
1.4487,1.8401,3.0728,1.6436
1.4614,1.8401,3.0652,1.6359
1.4614,1.8477,3.0728,1.6334
1.4487,1.8503,3.0754,1.6385
1.4563,1.8375,3.0728,1.6461
1.464,1.8426,3.0652,1.6385
1.4563,1.8477,3.0703,1.6359
1.4589,1.8452,3.0703,1.6385
1.4563,1.8426,3.0703,1.641
1.464,1.8426,3.0652,1.6385
1.4563,1.8477,3.0703,1.6308
1.4487,1.8375,3.0754,1.6487
1.4614,1.8375,3.0652,1.6461
1.4614,1.8503,3.0626,1.6334
1.4512,1.8503,3.0779,1.6385
1.4563,1.8375,3.0677,1.6385
1.4614,1.8426,3.0652,1.6385
1.4563,1.8528,3.0677,1.6334
1.4487,1.8375,3.0779,1.6461
1.4538,1.8375,3.0652,1.6461
1.4614,1.8477,3.0626,1.6334
1.4512,1.8477,3.0754,1.6334
1.4512,1.8375,3.0754,1.6461
1.464,1.835,3.0652,1.641
1.464,1.8528,3.0652,1.6334
1.4512,1.8477,3.0703,1.6385
1.4563,1.8426,3.0703,1.6461
1.4589,1.8426,3.0703,1.641
1.4589,1.8477,3.0703,1.6359
1.4487,1.8426,3.0779,1.6461
1.4563,1.8375,3.0703,1.6461
1.464,1.8426,3.0652,1.6385
1.4563,1.8503,3.0703,1.6334
1.4512,1.8426,3.0779,1.6461
1.4563,1.8375,3.0652,1.6436
1.4614,1.8426,3.0652,1.6385
1.4563,1.8452,3.0703,1.6385
1.4487,1.8375,3.0754,1.6436
1.464,1.8426,3.0652,1.6359
1.4563,1.8503,3.0703,1.6334
1.4512,1.8426,3.0779,1.6385
1.4563,1.8375,3.0703,1.6461
1.4563,1.8426,3.0652,1.6385
1.4563,1.8426,3.0728,1.6359
1.4563,1.8426,3.0703,1.6385
1.4538,1.8452,3.0728,1.641
1.4563,1.8452,3.0728,1.6308
1.4589,1.8426,3.0703,1.6385
1.4563,1.8426,3.0703,1.6461
1.4563,1.8426,3.0728,1.6385
1.4563,1.8452,3.0728,1.6334
1.4563,1.8452,3.0728,1.6385
1.4538,1.8426,3.0703,1.6436
1.4563,1.8426,3.0728,1.6359
1.4538,1.8426,3.0728,1.6334
1.4563,1.8452,3.0703,1.6385
1.4563,1.8375,3.0754,1.6461
1.4614,1.8426,3.0652,1.6385
1.4487,1.8503,3.0728,1.6359
1.4487,1.8375,3.0805,1.6461
1.4614,1.8401,3.0728,1.6436
1.4614,1.8477,3.0677,1.6334
1.4589,1.8503,3.0728,1.6334
1.4563,1.8452,3.0728,1.6385
1.4563,1.8375,3.0754,1.6436
1.4589,1.8452,3.0677,1.6385
1.4512,1.8503,3.0703,1.6308
1.4512,1.8426,3.0779,1.6487
1.4563,1.8375,3.0728,1.6487
1.464,1.8452,3.0677,1.6334
1.4589,1.8503,3.0805,1.6334
1.4487,1.8401,3.0779,1.6461
1.4563,1.8401,3.0703,1.6461
1.4614,1.8452,3.0652,1.6385
1.4563,1.8503,3.0779,1.6359
1.4512,1.8452,3.0779,1.6461
1.4563,1.8375,3.0728,1.6461
1.464,1.8452,3.0677,1.6385
1.4563,1.8426,3.0703,1.6334
1.4563,1.8452,3.0677,1.6385
1.4563,1.8452,3.0728,1.6436
1.4563,1.8426,3.0728,1.641
1.4563,1.8452,3.0703,1.6359
1.4563,1.8426,3.0703,1.6385
1.4563,1.8426,3.0728,1.6461
1.4614,1.8426,3.0652,1.6385
1.4563,1.8528,3.0728,1.641
1.4512,1.8452,3.0728,1.6385
1.4538,1.8375,3.0728,1.641
1.4614,1.8426,3.0677,1.641
1.4563,1.8426,3.0728,1.6385
1.4512,1.8375,3.0779,1.6461
1.464,1.835,3.0652,1.6385
1.4665,1.8528,3.0652,1.6334
1.4487,1.8528,3.0779,1.641
1.4563,1.835,3.0728,1.6461
1.464,1.8426,3.0703,1.6385
1.4563,1.8503,3.0728,1.6334
1.4512,1.8375,3.0779,1.6461
1.4614,1.8375,3.0728,1.6461
1.464,1.8503,3.0652,1.6359
1.4512,1.8503,3.0779,1.641
1.4589,1.8401,3.0703,1.6461
1.4563,1.8426,3.0652,1.641
1.4563,1.8477,3.0728,1.6359
1.4512,1.8375,3.0779,1.6461
1.464,1.8401,3.0652,1.6487
1.464,1.8503,3.0652,1.6334
1.4487,1.8528,3.0779,1.6385
1.4563,1.8375,3.0728,1.6461
1.4614,1.8426,3.0652,1.641
1.4563,1.8503,3.0728,1.6334
1.4538,1.8401,3.0779,1.6461
1.4589,1.8401,3.0652,1.6461
1.4614,1.8503,3.0652,1.6334
1.4512,1.8477,3.0754,1.6385
1.4563,1.8375,3.0728,1.6461
1.4614,1.8426,3.0677,1.6385
1.4563,1.8503,3.0728,1.6359
1.4512,1.8426,3.0805,1.6461
1.4563,1.8375,3.0728,1.6461
1.4614,1.8426,3.0652,1.641
1.4487,1.8477,3.0779,1.6334
1.4487,1.8452,3.0754,1.6461
1.4589,1.8375,3.0652,1.6461
1.4614,1.8503,3.0677,1.6359
1.4512,1.8503,3.0779,1.6385
1.4487,1.8375,3.0805,1.6436
1.464,1.8375,3.0652,1.6461
1.464,1.8477,3.0677,1.6334
1.4512,1.8477,3.0805,1.6334
1.4512,1.8401,3.0805,1.6436
1.4589,1.8401,3.0703,1.6359
1.4563,1.8503,3.0728,1.6359
1.4487,1.8426,3.0805,1.6385
1.4563,1.8375,3.0728,1.6461
1.4614,1.8426,3.0677,1.641
1.4589,1.8528,3.0728,1.6334
1.4512,1.8426,3.0805,1.6385
1.4589,1.8401,3.0754,1.6461
1.4563,1.8426,3.0754,1.6385
1.4563,1.8452,3.0728,1.6334
1.4563,1.8452,3.0754,1.6385
1.4563,1.8426,3.0703,1.6385
1.4589,1.8426,3.0754,1.6359
1.4538,1.8426,3.0728,1.6334
1.4487,1.8426,3.0805,1.6385
1.4563,1.8401,3.0754,1.6461
1.4614,1.8426,3.0677,1.6334
1.4563,1.8503,3.0728,1.6385
1.4563,1.8426,3.0754,1.6385
1.4563,1.8426,3.0754,1.6385
1.4563,1.8477,3.0728,1.6334
1.4487,1.8452,3.083,1.6385
1.4538,1.8375,3.0728,1.6461
1.4589,1.8426,3.0728,1.6385
1.4563,1.8452,3.0728,1.6385
1.4512,1.8452,3.0805,1.6385
1.4563,1.8401,3.0728,1.6385
1.464,1.8426,3.0677,1.641
1.4563,1.8503,3.0754,1.641
1.4512,1.8426,3.0754,1.6385
1.4563,1.8452,3.0754,1.6385
1.4589,1.8452,3.0677,1.6385
1.4589,1.8503,3.0728,1.6359
1.4512,1.8452,3.0805,1.6461
1.4614,1.8401,3.0677,1.6461
1.4614,1.8426,3.0728,1.6385
1.4563,1.8452,3.0754,1.6385
1.4487,1.8452,3.0728,1.6385
1.4538,1.8452,3.0754,1.641
1.4563,1.8452,3.0728,1.6334
1.4487,1.8375,3.0805,1.6385
1.4563,1.8375,3.0728,1.6461
1.4614,1.8426,3.0677,1.6385
1.4589,1.8503,3.0728,1.6334
1.4487,1.8452,3.0728,1.6385
1.4563,1.8452,3.0728,1.6385
1.4538,1.8452,3.0677,1.6334
1.4512,1.8528,3.0779,1.6359
1.4512,1.835,3.0805,1.6436
1.4563,1.8375,3.0728,1.641
1.4614,1.8452,3.0677,1.641
1.4563,1.8503,3.0728,1.6385
1.4487,1.8452,3.0805,1.6359
1.4538,1.8401,3.0728,1.6461
1.4614,1.8452,3.0677,1.6385
1.4614,1.8477,3.0728,1.6308
1.4487,1.8452,3.0779,1.6385
1.4563,1.8375,3.0728,1.6461
1.464,1.8426,3.0652,1.6385
1.4589,1.8503,3.0703,1.6308
1.4487,1.8452,3.0805,1.6385
1.4487,1.835,3.0728,1.6436
1.4614,1.8375,3.0652,1.641
1.4614,1.8503,3.0652,1.6359
1.4487,1.8503,3.0754,1.6385
1.4487,1.835,3.0779,1.6461
1.4614,1.8375,3.0652,1.641
1.464,1.8503,3.0652,1.6334
1.4487,1.8503,3.0805,1.6385
1.4512,1.8375,3.0805,1.6436
1.4614,1.835,3.0652,1.6385
1.4614,1.8477,3.0626,1.6334
1.4487,1.8477,3.0728,1.6385
1.4563,1.8426,3.0703,1.6385
1.4563,1.8375,3.0703,1.6385
1.4614,1.8452,3.0652,1.6385
1.4563,1.8477,3.0728,1.6385
1.4487,1.8452,3.0779,1.6461
1.4563,1.8375,3.0703,1.6461
1.4614,1.8401,3.0677,1.6385
1.4563,1.8503,3.0728,1.6359
1.4512,1.8426,3.0779,1.6359
1.4563,1.8375,3.0728,1.6436
1.4614,1.8477,3.0652,1.6385
1.4589,1.8503,3.0779,1.6334
1.4487,1.8401,3.0754,1.6436
1.4614,1.835,3.0652,1.6385
1.4614,1.8452,3.0728,1.6334
1.4512,1.8426,3.0779,1.6436
1.4538,1.8375,3.0703,1.6461
1.464,1.8452,3.0652,1.6334
1.4563,1.8477,3.0728,1.6308
1.4487,1.8426,3.0754,1.6385
1.4614,1.835,3.0728,1.6436
1.4614,1.8426,3.0652,1.6308
1.4563,1.8503,3.0779,1.6334
1.4487,1.8426,3.0779,1.6359
1.4538,1.835,3.0728,1.6461
1.4614,1.8477,3.0652,1.6334
1.4563,1.8503,3.0728,1.6385
1.4487,1.8426,3.0779,1.6385
1.4563,1.8375,3.0728,1.6359
1.4614,1.8426,3.0652,1.6385
1.4563,1.8503,3.0728,1.6385
1.4563,1.8426,3.0728,1.6436
1.4614,1.8452,3.0652,1.6385
1.4538,1.8503,3.0728,1.6308
1.4487,1.8426,3.0805,1.6385
1.4563,1.835,3.0728,1.6385
1.4614,1.8426,3.0652,1.6385
1.4589,1.8503,3.0728,1.6334
1.4487,1.8426,3.0805,1.6385
1.4563,1.8375,3.0703,1.6461
1.4614,1.8426,3.0677,1.6385
1.4538,1.8503,3.0728,1.6334
1.4538,1.8452,3.0779,1.6385
1.4538,1.8375,3.0728,1.641
1.4614,1.8503,3.0677,1.6385
1.4538,1.8477,3.0728,1.6334
1.4487,1.8375,3.0805,1.6461
1.4614,1.8401,3.0728,1.6461
1.4614,1.8503,3.0677,1.6308
1.4487,1.8503,3.0779,1.6334
1.4512,1.8375,3.0779,1.6436
1.4538,1.8375,3.0652,1.6461
1.4589,1.8452,3.0652,1.6334
1.4487,1.8503,3.0805,1.6334
1.4487,1.8401,3.0779,1.6461
1.4538,1.8401,3.0677,1.6436
1.4589,1.8503,3.0677,1.6334
1.4487,1.8477,3.0805,1.6308
1.4487,1.8375,3.0805,1.6436
1.4589,1.8375,3.0677,1.6436
1.4614,1.8477,3.0703,1.6308
1.4487,1.8477,3.0805,1.6334
1.4487,1.8375,3.083,1.6436
1.4589,1.8375,3.0677,1.6436
1.4589,1.8452,3.0677,1.6308
1.4563,1.8503,3.0754,1.6308
1.4487,1.8452,3.0805,1.641
1.4589,1.835,3.0652,1.6461
1.4614,1.8426,3.0677,1.6283
1.4563,1.8503,3.0728,1.6385
1.4461,1.8426,3.083,1.6436
1.4589,1.835,3.0652,1.6436
1.4614,1.8503,3.0677,1.6308
1.4563,1.8477,3.0805,1.6334
1.4487,1.8426,3.0805,1.6436
1.4589,1.8401,3.0728,1.6461
1.4614,1.8426,3.0652,1.6385
1.4538,1.8452,3.0728,1.6385
1.4563,1.8452,3.0728,1.6461
1.4614,1.8375,3.0677,1.6359
1.4589,1.8528,3.0652,1.6334
1.4487,1.8503,3.0805,1.6334
1.4487,1.835,3.0805,1.6436
1.4538,1.8426,3.0703,1.6385
1.4538,1.8503,3.0728,1.6308
1.4487,1.8452,3.0805,1.6385
1.4563,1.835,3.0728,1.6461
1.4614,1.8426,3.0652,1.6385
1.4589,1.8452,3.0703,1.6359
1.4563,1.8452,3.0728,1.6461
1.4563,1.8401,3.0728,1.6385
1.4563,1.8426,3.0703,1.6308
1.4563,1.8426,3.0779,1.6385
1.4538,1.8401,3.0703,1.6461
1.4614,1.8452,3.0703,1.6385
1.4563,1.8503,3.0703,1.6385
1.4487,1.8426,3.0754,1.6385
1.4563,1.8375,3.0728,1.6385
1.4563,1.8426,3.0728,1.6359
1.4563,1.8426,3.0703,1.6385
1.4538,1.8426,3.0677,1.6461
1.4614,1.8426,3.0652,1.6385
1.4563,1.8503,3.0728,1.6334
1.4538,1.8426,3.0779,1.6461
1.4563,1.8401,3.0703,1.6461
1.4614,1.8426,3.0652,1.6334
1.4563,1.8503,3.0703,1.6334
1.4487,1.8426,3.0779,1.6385
1.4563,1.8401,3.0703,1.6359
1.4589,1.8426,3.0728,1.641
1.4563,1.8452,3.0703,1.6385
1.4563,1.8426,3.0703,1.6385
1.4589,1.8426,3.0728,1.6359
1.4563,1.8426,3.0703,1.6385
1.4589,1.8426,3.0703,1.6385
1.4512,1.8426,3.0754,1.641
1.4538,1.835,3.0703,1.6461
1.4614,1.8426,3.0626,1.641
1.4563,1.8452,3.0703,1.6385
1.4512,1.8426,3.0754,1.6359
1.4589,1.8401,3.0703,1.6385
1.4614,1.8426,3.0652,1.6385
1.4563,1.8503,3.0703,1.6308
1.4487,1.8426,3.0779,1.6385
1.4538,1.8426,3.0677,1.6461
1.464,1.8452,3.0652,1.6385
1.4563,1.8477,3.0703,1.6334
1.4512,1.8426,3.0805,1.6385
1.4538,1.835,3.0703,1.6385
1.4614,1.835,3.0652,1.6385
1.464,1.8503,3.0652,1.6334
1.4487,1.8503,3.0779,1.6385
1.4487,1.8375,3.0754,1.6461
1.464,1.8426,3.0652,1.641
1.4563,1.8477,3.0703,1.6283
1.4461,1.8426,3.0754,1.6385
1.4589,1.8426,3.0703,1.6461
1.464,1.8426,3.0652,1.641
1.4563,1.8426,3.0703,1.6334
1.4512,1.8426,3.0754,1.6359
1.4563,1.835,3.0728,1.6385
1.4614,1.8426,3.0652,1.641
1.4589,1.8477,3.0728,1.6334
1.4512,1.8426,3.0754,1.6385
1.4538,1.8375,3.0728,1.6461
1.464,1.8426,3.0652,1.6385
1.4563,1.8503,3.0677,1.6334
1.4563,1.8452,3.0779,1.6385
1.4563,1.8375,3.0728,1.6461
1.4614,1.8452,3.0652,1.6359
1.4563,1.8426,3.0728,1.6334
