1.3875,1.6846,2.9224,1.5059
1.3722,1.6922,2.9326,1.5059
1.3747,1.6897,2.9352,1.511
1.3798,1.682,2.9275,1.5186
1.3875,1.6846,2.9224,1.5135
1.3824,1.6871,2.9275,1.5059
1.3773,1.6922,2.9275,1.5135
1.3747,1.6846,2.9352,1.511
1.3773,1.682,2.9275,1.5186
1.3875,1.6897,2.9224,1.511
1.3773,1.6922,2.9275,1.5135
1.3747,1.6871,2.9326,1.5135
1.3773,1.682,2.9275,1.5186
1.3849,1.6871,2.9224,1.5059
1.3773,1.6948,2.9275,1.5059
1.3798,1.6871,2.9275,1.5135
1.3798,1.6871,2.9275,1.5161
1.3798,1.6795,2.9224,1.5135
1.3849,1.6948,2.9199,1.5059
1.3747,1.6922,2.9352,1.5059
1.3747,1.682,2.9352,1.5161
1.3875,1.682,2.9224,1.5135
1.3849,1.6922,2.9275,1.5059
1.3722,1.6897,2.9352,1.511
1.3798,1.6795,2.9275,1.5186
1.3849,1.6871,2.9224,1.511
1.3798,1.6897,2.9275,1.511
1.3798,1.6871,2.9301,1.511
1.3798,1.6871,2.9275,1.5135
1.3773,1.6922,2.9301,1.5059
1.3747,1.6846,2.9352,1.5135
1.3824,1.682,2.9275,1.5161
1.3849,1.6897,2.9224,1.5059
1.3798,1.6922,2.9352,1.5059
1.3747,1.682,2.9326,1.5186
1.3875,1.682,2.9224,1.5161
1.3875,1.6922,2.9224,1.5059
1.3798,1.6897,2.9275,1.511
1.3798,1.6846,2.9301,1.5186
1.3798,1.6897,2.9224,1.5135
1.3773,1.6871,2.9301,1.5059
1.3824,1.6871,2.9275,1.511
1.3747,1.682,2.9352,1.5161
1.3875,1.682,2.9224,1.511
1.3875,1.6948,2.9224,1.5059
1.3722,1.6948,2.9377,1.511
1.3747,1.6871,2.9301,1.511
1.3798,1.682,2.9301,1.511
1.3849,1.6871,2.9301,1.511
1.3773,1.6922,2.9301,1.511
1.3747,1.6871,2.9301,1.511
1.3824,1.682,2.9301,1.5135
1.3798,1.6871,2.9224,1.5135
1.3773,1.6922,2.9301,1.511
1.3773,1.6871,2.9352,1.511
1.3798,1.6871,2.9275,1.5135
1.3798,1.6871,2.9301,1.5135
1.3798,1.6897,2.9301,1.511
1.3798,1.6897,2.9301,1.5186
1.3875,1.6871,2.9224,1.511
1.3798,1.6922,2.9275,1.5059
1.3747,1.6871,2.9326,1.511
1.3798,1.6846,2.9275,1.5161
1.3798,1.6871,2.9301,1.511
1.3773,1.6871,2.9275,1.5059
1.3798,1.6922,2.9275,1.511
1.3747,1.6871,2.9326,1.511
1.3875,1.6795,2.9224,1.5186
1.3875,1.6922,2.9224,1.5059
1.3798,1.6922,2.9352,1.5059
1.3747,1.682,2.9352,1.5161
1.3875,1.6871,2.9224,1.5135
1.3798,1.6922,2.9275,1.5033
1.3747,1.6897,2.9352,1.511
1.3773,1.6795,2.9301,1.5161
1.3773,1.6846,2.9224,1.5135
1.3773,1.6922,2.9301,1.5135
1.3747,1.6871,2.9377,1.511
1.3798,1.6795,2.9301,1.5135
1.3849,1.6871,2.9224,1.5135
1.3773,1.6922,2.9301,1.5059
1.3747,1.6871,2.9326,1.5186
1.3798,1.6795,2.9301,1.5161
1.3875,1.6871,2.9224,1.5135
1.3798,1.6948,2.9275,1.5059
1.3747,1.6871,2.9326,1.5186
1.3798,1.6795,2.9301,1.5161
1.3849,1.6871,2.9224,1.5135
1.3798,1.6922,2.9301,1.5084
1.3798,1.6846,2.9275,1.5135
1.3747,1.682,2.9352,1.5186
1.3875,1.682,2.9224,1.511
1.3849,1.6922,2.9224,1.5059
1.3747,1.6871,2.9377,1.511
1.3798,1.6795,2.9301,1.5161
1.3875,1.6846,2.9224,1.5135
1.3798,1.6922,2.9301,1.5135
1.3747,1.6897,2.9352,1.5135
1.3773,1.6871,2.9301,1.5135
1.3798,1.6897,2.9301,1.5059
1.3722,1.6871,2.9352,1.511
1.3798,1.682,2.9275,1.5186
1.3875,1.6871,2.9326,1.5135
1.3798,1.6922,2.9301,1.5033
1.3722,1.6846,2.9352,1.511
1.3798,1.6795,2.9301,1.511
1.3875,1.6897,2.925,1.511
1.3798,1.6897,2.9275,1.5059
1.3722,1.6846,2.9275,1.511
1.3824,1.6795,2.9275,1.511
1.3798,1.6871,2.9301,1.511
1.3798,1.6922,2.9301,1.5059
1.3747,1.6871,2.9352,1.511
1.3773,1.682,2.9301,1.5186
1.3875,1.682,2.925,1.511
1.3875,1.6922,2.9224,1.5059
1.3798,1.6922,2.9301,1.5059
1.3722,1.6897,2.9377,1.511
1.3798,1.6795,2.9301,1.5186
1.3798,1.6871,2.9275,1.5135
1.3875,1.6871,2.9301,1.5135
1.3798,1.6948,2.9301,1.511
1.3747,1.6846,2.9352,1.511
1.3824,1.682,2.9326,1.511
1.3875,1.6871,2.9224,1.511
1.3798,1.6922,2.9301,1.5033
1.3747,1.6922,2.9352,1.5135
1.3722,1.6769,2.9352,1.5161
1.3875,1.682,2.9224,1.5186
1.3875,1.6922,2.9224,1.5033
1.3747,1.6922,2.9352,1.5033
1.3722,1.6871,2.9377,1.5186
1.3875,1.682,2.9301,1.5186
1.3849,1.6871,2.925,1.5135
1.3798,1.6922,2.9275,1.5059
1.3747,1.6871,2.9352,1.511
1.3747,1.6795,2.9352,1.5161
1.3798,1.682,2.9224,1.5186
1.3849,1.6871,2.9224,1.5059
1.3798,1.6948,2.9301,1.5059
1.3747,1.6871,2.9377,1.5161
1.3773,1.682,2.9301,1.5161
1.3849,1.6871,2.9224,1.5084
1.3747,1.6922,2.9352,1.511
1.3747,1.682,2.9377,1.5161
1.3875,1.6795,2.9224,1.511
1.3773,1.6948,2.9301,1.5059
1.3747,1.6871,2.9377,1.511
1.3773,1.682,2.9275,1.5186
1.3875,1.6871,2.9224,1.5135
1.3773,1.6922,2.9301,1.5059
1.3747,1.6897,2.9352,1.5135
1.3696,1.682,2.9377,1.5212
1.3875,1.682,2.9224,1.5186
1.3875,1.6922,2.925,1.5059
1.3773,1.6922,2.9352,1.5059
1.3747,1.6846,2.9377,1.5161
1.3773,1.682,2.9301,1.5186
1.3798,1.6846,2.9301,1.5135
1.3773,1.6871,2.9301,1.5059
1.3798,1.6922,2.9377,1.5084
1.3747,1.682,2.9377,1.5161
1.3849,1.6795,2.9301,1.5161
1.3875,1.6871,2.9224,1.5084
1.3798,1.6948,2.9301,1.511
1.3747,1.6846,2.9352,1.5135
1.3773,1.682,2.9275,1.5161
1.3798,1.6846,2.9301,1.511
1.3798,1.6871,2.9275,1.5059
1.3773,1.6897,2.9275,1.511
1.3798,1.6871,2.9301,1.5135
1.3798,1.6897,2.9301,1.511
1.3773,1.6846,2.9275,1.5135
1.3773,1.6871,2.9275,1.511
1.3773,1.6846,2.9326,1.5135
1.3798,1.6795,2.9301,1.5161
1.3798,1.6871,2.9224,1.511
1.3798,1.6871,2.9301,1.5059
1.3773,1.6871,2.9301,1.511
1.3773,1.6871,2.9275,1.511
1.3773,1.6922,2.9275,1.5059
1.3722,1.6871,2.9377,1.511
1.3798,1.6871,2.9301,1.5135
1.3798,1.6871,2.9301,1.5059
1.3773,1.6897,2.9301,1.511
1.3773,1.6795,2.9301,1.5161
1.3849,1.6897,2.925,1.511
1.3849,1.6948,2.925,1.5033
1.3747,1.6973,2.9352,1.5135
1.3747,1.6795,2.9352,1.5161
1.3849,1.682,2.9224,1.511
1.3849,1.6922,2.9224,1.5059
1.3722,1.6948,2.9352,1.5059
1.3722,1.6795,2.9377,1.5161
1.3875,1.682,2.9224,1.511
1.3773,1.6922,2.9301,1.511
1.3722,1.6897,2.9377,1.5084
1.3773,1.682,2.9301,1.5161
1.3875,1.6871,2.925,1.511
1.3773,1.6922,2.9326,1.511
1.3722,1.6871,2.9352,1.5135
1.3773,1.6795,2.9275,1.511
1.3798,1.6871,2.925,1.511
1.3773,1.6922,2.9301,1.5033
1.3722,1.6871,2.9352,1.5135
1.3798,1.682,2.9301,1.5084
1.3849,1.6871,2.9224,1.511
1.3798,1.6846,2.9301,1.5135
1.3798,1.6871,2.9377,1.5161
1.3849,1.6897,2.9224,1.5135
1.3798,1.6922,2.9301,1.5033
1.3696,1.6897,2.9352,1.511
1.3773,1.682,2.9301,1.5161
1.3849,1.6846,2.925,1.5135
1.3773,1.6871,2.9326,1.5059
1.3722,1.6846,2.9326,1.5135
1.3798,1.6795,2.9301,1.5161
1.3849,1.6897,2.9224,1.511
1.3824,1.6922,2.925,1.511
1.3773,1.6871,2.9301,1.511
1.3798,1.6871,2.9301,1.5161
1.3849,1.6922,2.9224,1.5059
1.3722,1.6922,2.9301,1.511
1.3722,1.6795,2.9326,1.5161
1.3798,1.6871,2.9301,1.5135
1.3773,1.6871,2.9301,1.5059
1.3798,1.6871,2.9301,1.511
1.3773,1.6897,2.9326,1.5161
1.3849,1.6871,2.925,1.511
1.3773,1.6871,2.9301,1.5033
1.3798,1.6846,2.9275,1.511
1.3798,1.6871,2.9301,1.5186
1.3773,1.6846,2.925,1.5135
1.3773,1.6922,2.9301,1.5059
1.3747,1.6871,2.9377,1.511
1.3773,1.682,2.9301,1.5161
1.3849,1.6871,2.9224,1.511
1.3773,1.6948,2.9301,1.5033
1.3722,1.6871,2.9352,1.511
1.3798,1.6795,2.9301,1.5161
1.3849,1.6846,2.925,1.511
1.3773,1.6922,2.9326,1.5033
1.3722,1.6897,2.9352,1.511
1.3798,1.682,2.9301,1.5161
1.3798,1.6871,2.9301,1.5135
1.3773,1.6871,2.9301,1.5059
1.3773,1.6871,2.9301,1.511
1.3773,1.6871,2.9352,1.511
1.3773,1.6795,2.9275,1.5161
1.3849,1.6871,2.925,1.5084
1.3773,1.6948,2.9301,1.511
1.3722,1.6871,2.9352,1.511
1.3722,1.6795,2.9301,1.5161
1.3849,1.682,2.9224,1.511
1.3849,1.6948,2.9224,1.5033
1.3722,1.6948,2.9352,1.5033
1.3747,1.6897,2.9326,1.511
1.3798,1.6897,2.9301,1.511
1.3875,1.6871,2.925,1.5059
1.3722,1.6948,2.9301,1.5059
1.3722,1.6795,2.9377,1.5186
1.3875,1.682,2.9224,1.5186
1.3849,1.6922,2.9224,1.5059
1.3747,1.6922,2.9301,1.5059
1.3722,1.6846,2.9352,1.5161
1.3875,1.6795,2.9301,1.5161
1.3849,1.6922,2.9224,1.5059
1.3722,1.6922,2.9352,1.5059
1.3747,1.6795,2.9352,1.5161
1.3875,1.682,2.925,1.5161
1.3875,1.6922,2.9224,1.5059
1.3722,1.6948,2.9301,1.5059
1.3722,1.6795,2.9377,1.5161
1.3798,1.6795,2.9301,1.5161
1.3849,1.6846,2.9224,1.511
1.3773,1.6948,2.9377,1.5059
1.3747,1.6871,2.9352,1.511
1.3798,1.682,2.9275,1.5186
1.3875,1.682,2.9199,1.511
1.3875,1.6922,2.9224,1.5059
1.3798,1.6871,2.9301,1.511
1.3773,1.6897,2.9301,1.5186
1.3773,1.6846,2.9275,1.5084
1.3773,1.6871,2.9275,1.5059
1.3773,1.6846,2.9301,1.511
1.3798,1.6871,2.9301,1.511
1.3773,1.6795,2.9224,1.511
1.3875,1.6922,2.9224,1.5059
1.3773,1.6846,2.9352,1.511
1.3798,1.682,2.9275,1.5161
1.3875,1.682,2.9224,1.511
1.3824,1.6922,2.9326,1.5059
1.3747,1.682,2.9377,1.5161
1.3875,1.682,2.9275,1.511
1.3798,1.6871,2.9301,1.5135
1.3824,1.6846,2.9301,1.511
1.3747,1.6795,2.9352,1.5186
1.3875,1.682,2.9224,1.5135
1.3875,1.6922,2.9224,1.5059
1.3722,1.6948,2.9326,1.5059
1.3722,1.6795,2.9352,1.5186
1.3875,1.682,2.9224,1.5186
1.3875,1.6922,2.925,1.5059
1.3798,1.6897,2.9275,1.511
1.3824,1.6897,2.925,1.511
1.3773,1.6846,2.9301,1.511
1.3875,1.6846,2.9275,1.5135
1.3773,1.6922,2.9275,1.5059
1.3747,1.6871,2.925,1.511
1.3824,1.6871,2.9301,1.511
1.3849,1.6846,2.9224,1.511
1.3773,1.6922,2.9275,1.511
1.3747,1.6871,2.9352,1.511
1.3773,1.6795,2.9275,1.511
1.3849,1.6871,2.9224,1.5135
1.3798,1.6846,2.9326,1.5135
1.3798,1.6871,2.9275,1.5186
1.3849,1.6871,2.9224,1.511
1.3798,1.6922,2.9275,1.5059
1.3747,1.6871,2.9377,1.5186
1.3773,1.682,2.9224,1.5212
1.3875,1.6948,2.9224,1.5033
1.3773,1.6922,2.9352,1.5033
1.3747,1.6871,2.9352,1.5186
1.3773,1.6795,2.9301,1.511
1.3773,1.6871,2.9275,1.511
1.3773,1.6871,2.9301,1.511
1.3773,1.682,2.9301,1.5161
1.3875,1.6846,2.9224,1.5059
1.3747,1.6948,2.9326,1.5059
1.3747,1.6795,2.9352,1.5161
1.3849,1.682,2.9224,1.511
1.3773,1.6922,2.9275,1.5033
1.3722,1.6846,2.9326,1.511
1.3773,1.682,2.9301,1.5161
1.3875,1.6922,2.9224,1.511
1.3773,1.6922,2.9275,1.5059
1.3747,1.6871,2.9326,1.5084
1.3773,1.682,2.9275,1.5135
1.3849,1.6846,2.9275,1.5135
1.3773,1.6897,2.9301,1.511
1.3798,1.6871,2.9275,1.5186
1.3849,1.6871,2.9224,1.511
1.3773,1.6922,2.9275,1.5059
1.3747,1.6846,2.9377,1.5186
1.3798,1.6795,2.9224,1.5161
1.3875,1.6948,2.9224,1.5059
1.3747,1.6871,2.9352,1.511
1.3773,1.6871,2.9301,1.5161
1.3798,1.6871,2.9224,1.5135
1.3798,1.6846,2.9275,1.511
1.3824,1.6897,2.925,1.5161
1.3875,1.6871,2.9224,1.5135
1.3798,1.6922,2.9275,1.5059
1.3747,1.6846,2.9377,1.5186
1.3773,1.6846,2.9275,1.5135
1.3773,1.6846,2.925,1.5059
1.3747,1.6871,2.9377,1.511
1.3798,1.6795,2.9275,1.5161
1.3875,1.6846,2.9224,1.5059
1.3722,1.6922,2.9352,1.5059
1.3747,1.682,2.9326,1.5161
1.3875,1.682,2.9275,1.511
1.3798,1.6871,2.9275,1.5059
1.3798,1.6846,2.9275,1.511
1.3798,1.6871,2.9275,1.5186
1.3849,1.682,2.9199,1.511
1.3875,1.6922,2.9275,1.5059
1.3747,1.6871,2.9352,1.511
1.3798,1.6795,2.9301,1.511
1.3849,1.6871,2.9224,1.511
1.3798,1.6948,2.9275,1.5084
1.3798,1.6871,2.9352,1.511
1.3798,1.682,2.9301,1.511
1.3849,1.6846,2.9224,1.511
1.3798,1.6922,2.9275,1.5059
1.3773,1.6871,2.9326,1.5135
1.3773,1.682,2.925,1.5135
1.3798,1.6871,2.9224,1.5135
1.3798,1.6973,2.9275,1.5135
1.3798,1.6871,2.925,1.511
1.3798,1.6871,2.925,1.5135
1.3824,1.6871,2.9275,1.511
1.3798,1.6871,2.9275,1.511
1.3722,1.6871,2.9352,1.5161
1.3773,1.682,2.9275,1.5186
1.3875,1.6922,2.9199,1.5135
1.3798,1.6897,2.9275,1.5059
1.3722,1.682,2.9326,1.5135
1.3773,1.682,2.9275,1.5135
1.3875,1.6846,2.9199,1.5135
1.3798,1.6922,2.9275,1.5059
1.3773,1.6871,2.9326,1.5135
1.3798,1.682,2.925,1.5135
1.3849,1.6871,2.9224,1.5135
1.3798,1.6948,2.9275,1.5059
1.3747,1.6871,2.9352,1.5135
1.3722,1.682,2.925,1.5161
1.3875,1.6871,2.9224,1.5135
1.3798,1.6922,2.925,1.5059
1.3747,1.6897,2.9326,1.5135
1.3798,1.6795,2.9275,1.5212
1.3875,1.6871,2.9199,1.5135
1.3824,1.6948,2.9275,1.5059
1.3747,1.6871,2.9326,1.5161
1.3849,1.682,2.9275,1.5161
1.3849,1.6922,2.9199,1.5084
1.3773,1.6922,2.9352,1.5084
1.3722,1.682,2.9326,1.5186
1.3875,1.6871,2.9224,1.5135
1.3798,1.6922,2.925,1.5135
1.3747,1.682,2.9326,1.5161
1.3849,1.6846,2.9224,1.5135
1.3824,1.6922,2.9275,1.5059
1.3747,1.6871,2.9326,1.5212
1.3875,1.682,2.9199,1.5135
1.3824,1.6922,2.925,1.5084
1.3747,1.6846,2.9326,1.5135
1.3798,1.682,2.9224,1.5186
1.3875,1.6871,2.925,1.5135
1.3798,1.6846,2.9275,1.5135
1.3798,1.6871,2.925,1.5135
1.3824,1.6846,2.925,1.5135
1.3824,1.6871,2.9224,1.5161
1.3798,1.6948,2.925,1.5059
1.3747,1.6871,2.9326,1.5135
1.3798,1.682,2.925,1.511
1.3798,1.6871,2.9199,1.5135
1.3798,1.6871,2.9275,1.511
1.3824,1.6871,2.9326,1.5135
1.3824,1.682,2.925,1.5135
1.3875,1.6871,2.9199,1.5135
1.3798,1.6973,2.9275,1.5059
1.3722,1.6871,2.9326,1.5135
1.3798,1.6795,2.9301,1.5135
1.3875,1.6871,2.925,1.5135
1.3798,1.6922,2.925,1.5135
1.3798,1.6846,2.925,1.5135
1.3824,1.6795,2.9199,1.5186
1.3875,1.6871,2.9224,1.5059
1.3747,1.6922,2.925,1.5059
1.3747,1.6871,2.9301,1.5161
1.3824,1.6795,2.9275,1.5212
1.3875,1.6922,2.9199,1.5059
1.3747,1.6922,2.9326,1.5059
1.3773,1.6795,2.9326,1.5186
1.3875,1.6795,2.9199,1.5135
1.3798,1.6922,2.9275,1.5135
1.3747,1.6871,2.9326,1.511
1.3824,1.6871,2.925,1.5161
1.3875,1.6846,2.925,1.5135
1.3798,1.6922,2.9275,1.5161
1.3747,1.6871,2.9326,1.5135
1.3824,1.682,2.9275,1.5186
1.3798,1.6871,2.925,1.5135
1.3798,1.6922,2.9326,1.5084
1.3747,1.6795,2.9326,1.5212
1.39,1.682,2.9199,1.5161
1.3824,1.6897,2.925,1.5059
1.3798,1.6871,2.9275,1.5135
1.3824,1.6846,2.9275,1.5135
1.3875,1.6871,2.9275,1.5135
1.3798,1.6922,2.9275,1.5135
1.3824,1.6871,2.9275,1.5135
1.3773,1.6871,2.9275,1.5135
1.3798,1.6871,2.925,1.5135
1.3798,1.6871,2.9275,1.511
1.3824,1.6871,2.9275,1.5135
1.3798,1.6871,2.925,1.511
1.3798,1.6871,2.925,1.511
1.3798,1.6871,2.925,1.5135
1.3798,1.6871,2.9326,1.5135
1.3798,1.6871,2.9275,1.5135
1.3798,1.6846,2.9275,1.511
1.3798,1.6846,2.925,1.5135
1.3747,1.6846,2.9326,1.5135
1.3798,1.6795,2.9275,1.511
1.3875,1.6871,2.9224,1.511
1.3824,1.6922,2.9275,1.5135
1.3747,1.6846,2.9326,1.511
1.3798,1.6795,2.9275,1.5135
1.3875,1.6871,2.9199,1.511
1.3798,1.6922,2.925,1.511
1.3747,1.6897,2.9275,1.5135
1.3798,1.6871,2.925,1.5135
1.3849,1.6871,2.9173,1.5059
1.3798,1.6922,2.9275,1.5059
1.3747,1.682,2.9326,1.5186
1.3875,1.6795,2.9199,1.5135
1.3875,1.6846,2.925,1.5059
1.3747,1.6897,2.9326,1.5135
1.3798,1.6795,2.9275,1.5186
1.3849,1.6871,2.9199,1.5059
1.3798,1.6922,2.9326,1.5059
1.3747,1.682,2.9326,1.5161
1.3875,1.6871,2.9199,1.5135
1.3798,1.6922,2.925,1.5059
1.3747,1.6871,2.9275,1.511
1.3773,1.6871,2.925,1.5135
1.3798,1.6871,2.925,1.5059
