1.1937,1.7432,2.8867,1.4727
1.1886,1.7483,2.8944,1.4676
1.1836,1.7406,2.8995,1.4702
1.1912,1.733,2.8918,1.4804
1.1937,1.7406,2.8867,1.4676
1.1861,1.7457,2.8995,1.4651
1.181,1.7355,2.8995,1.4778
1.1937,1.7304,2.8893,1.4829
1.1937,1.7483,2.8893,1.4651
1.1836,1.7483,2.902,1.4727
1.1886,1.733,2.8918,1.4778
1.1963,1.7406,2.8893,1.4727
1.1886,1.7432,2.8944,1.4727
1.1886,1.7406,2.8944,1.4778
1.1937,1.7406,2.8842,1.4727
1.1836,1.7483,2.8944,1.4676
1.1836,1.733,2.902,1.4804
1.1937,1.7355,2.8893,1.4727
1.1886,1.7483,2.8944,1.4651
1.181,1.7406,2.902,1.4727
1.1886,1.7406,2.8918,1.4727
1.1886,1.7457,2.8944,1.4651
1.181,1.7406,2.902,1.4702
1.1886,1.7432,2.8944,1.4727
1.1886,1.7457,2.8969,1.4676
1.1836,1.7406,2.902,1.4727
1.1886,1.7406,2.8918,1.4727
1.1861,1.7406,2.8867,1.4676
1.1861,1.7483,2.8995,1.4727
1.1836,1.7355,2.902,1.4804
1.1886,1.7406,2.8944,1.4727
1.1886,1.7483,2.8944,1.4676
1.1836,1.7406,2.902,1.4727
1.1886,1.7381,2.8944,1.4727
1.1937,1.7406,2.8918,1.4727
1.1886,1.7457,2.8918,1.4727
1.1836,1.7406,2.8995,1.4727
1.1912,1.7432,2.8918,1.4727
1.1886,1.7406,2.8969,1.4651
1.1886,1.7483,2.8995,1.4727
1.1912,1.7355,2.8944,1.4804
1.1937,1.7406,2.8867,1.4727
1.1912,1.7483,2.8918,1.4651
1.1836,1.7432,2.8995,1.4727
1.1886,1.7355,2.8918,1.4804
1.1937,1.7406,2.8893,1.4727
1.1886,1.7432,2.8944,1.4753
1.1886,1.7432,2.8969,1.4778
1.1937,1.7406,2.8893,1.4727
1.1912,1.7457,2.8944,1.4702
1.1836,1.733,2.8995,1.4778
1.1963,1.7355,2.8867,1.4727
1.1912,1.7457,2.8918,1.4676
1.1836,1.7406,2.902,1.4727
1.1886,1.7381,2.8918,1.4727
1.1963,1.7406,2.8867,1.4727
1.1886,1.7457,2.8944,1.4727
1.1886,1.7406,2.8944,1.4753
1.1886,1.7355,2.8893,1.4727
1.1886,1.7457,2.8944,1.4651
1.181,1.7406,2.8995,1.4727
1.1886,1.7355,2.8944,1.4727
1.1886,1.7406,2.8918,1.4753
1.1836,1.7406,2.902,1.4727
1.1886,1.7355,2.8918,1.4804
1.1937,1.7483,2.8893,1.4727
1.1861,1.7406,2.902,1.4702
1.1886,1.7355,2.8944,1.4804
1.1937,1.7457,2.8893,1.4651
1.1836,1.7483,2.8995,1.4727
1.1886,1.7355,2.8944,1.4804
1.1937,1.7406,2.8893,1.4727
1.1912,1.7457,2.8944,1.4727
1.1886,1.7406,2.8944,1.4778
1.1937,1.7406,2.8867,1.4727
1.1886,1.7457,2.8969,1.4676
1.181,1.7406,2.902,1.4778
1.1937,1.7381,2.8893,1.4727
1.1937,1.7483,2.8918,1.4651
1.1836,1.7406,2.8995,1.4778
1.1861,1.7381,2.8969,1.4778
1.1937,1.7457,2.8893,1.4651
1.1836,1.7432,2.902,1.4727
1.1886,1.7355,2.8969,1.4778
1.1886,1.7406,2.8944,1.4727
1.1912,1.7406,2.8944,1.4727
1.1886,1.7432,2.8944,1.4804
1.1937,1.7406,2.8893,1.4651
1.1912,1.7483,2.8969,1.4651
1.1836,1.7432,2.8995,1.4778
1.1886,1.7406,2.8969,1.4727
1.1861,1.7483,2.8944,1.4676
1.1836,1.7432,2.8995,1.4727
1.181,1.7355,2.8944,1.4804
1.1912,1.7432,2.8969,1.4727
1.1886,1.7406,2.8944,1.4651
1.1886,1.7406,2.8944,1.4727
1.1886,1.7406,2.8944,1.4804
1.1912,1.7406,2.8969,1.4727
1.1937,1.7483,2.8867,1.4651
1.181,1.7483,2.902,1.4727
1.1886,1.7381,2.8944,1.4778
1.1886,1.7406,2.8893,1.4702
1.1886,1.7483,2.8944,1.4676
1.1836,1.733,2.902,1.4778
1.1937,1.7355,2.8867,1.4727
1.1937,1.7457,2.8893,1.4676
1.1836,1.7432,2.902,1.4727
1.1886,1.7355,2.8918,1.4727
1.1963,1.7406,2.8918,1.4727
1.1886,1.7406,2.8944,1.4702
1.1886,1.7406,2.8944,1.4804
1.1937,1.7406,2.8867,1.4651
1.1861,1.7508,2.8995,1.4651
1.181,1.7381,2.8995,1.4778
1.1937,1.7432,2.8867,1.4727
1.1912,1.7457,2.8944,1.4676
1.1886,1.7432,2.8969,1.4778
1.1886,1.7406,2.8867,1.4753
1.1886,1.7483,2.8918,1.4727
1.181,1.7406,2.8995,1.4727
1.1886,1.7355,2.8944,1.4727
1.1937,1.7406,2.8893,1.4753
1.1861,1.7483,2.8918,1.4727
1.1886,1.7432,2.8918,1.4727
1.1937,1.7355,2.8867,1.4804
1.1937,1.7457,2.8893,1.4676
1.1836,1.7483,2.8918,1.4702
1.1861,1.7355,2.8944,1.4778
1.1937,1.7406,2.8867,1.4727
1.1912,1.7457,2.8969,1.4676
1.1836,1.7432,2.902,1.4727
1.1886,1.7355,2.8893,1.4804
1.1937,1.7483,2.8893,1.4676
1.1861,1.7508,2.902,1.4651
1.1912,1.7406,2.902,1.4702
1.1886,1.733,2.8969,1.4727
1.1937,1.7406,2.8944,1.4727
1.1912,1.7406,2.8944,1.4727
1.1912,1.7432,2.8918,1.4778
1.1937,1.7432,2.8893,1.4727
1.1836,1.7457,2.902,1.4676
1.1836,1.7381,2.902,1.4778
1.1963,1.7406,2.8893,1.4727
1.1886,1.7457,2.902,1.4702
1.1886,1.7406,2.8944,1.4804
1.1861,1.7406,2.8893,1.4727
1.1836,1.7406,2.902,1.4727
1.1886,1.7355,2.8944,1.4804
1.1937,1.7406,2.8893,1.4727
1.1886,1.7483,2.8969,1.4651
1.1836,1.7432,2.8995,1.4727
1.1886,1.7355,2.8944,1.4727
1.1937,1.7406,2.8918,1.4727
1.1886,1.7483,2.8944,1.4702
1.1861,1.7406,2.902,1.4727
1.1886,1.733,2.8944,1.4727
1.1963,1.7406,2.8918,1.4727
1.1886,1.7406,2.8944,1.4702
1.1836,1.7406,2.902,1.4727
1.1886,1.7406,2.8944,1.4727
1.1886,1.7406,2.8944,1.4727
1.1912,1.7432,2.8969,1.4727
1.1912,1.7406,2.8944,1.4804
1.1963,1.7406,2.8893,1.4727
1.1912,1.7432,2.8969,1.4727
1.1886,1.7406,2.902,1.4727
1.1886,1.7381,2.8944,1.4727
1.1937,1.7483,2.8893,1.4651
1.1836,1.7406,2.902,1.4727
1.1886,1.7355,2.8944,1.4778
1.1937,1.7432,2.8918,1.4651
1.1886,1.7483,2.902,1.4651
1.181,1.7432,2.8995,1.4778
1.1963,1.7355,2.8944,1.4727
1.1861,1.7406,2.8944,1.4702
1.181,1.7406,2.902,1.4727
1.1886,1.7355,2.8944,1.4804
1.1937,1.7483,2.8893,1.4651
1.1836,1.7432,2.902,1.4727
1.1886,1.733,2.8969,1.4778
1.1886,1.7432,2.8918,1.4727
1.1912,1.7406,2.8944,1.4702
1.1886,1.733,2.8944,1.4804
1.1886,1.7432,2.8918,1.4727
1.1886,1.7432,2.902,1.4753
1.1886,1.7381,2.8944,1.4778
1.1937,1.7457,2.8893,1.4676
1.1836,1.7457,2.8944,1.4727
1.1886,1.7355,2.8944,1.4753
1.1937,1.7406,2.8893,1.4676
1.1836,1.7483,2.902,1.4702
1.1886,1.7381,2.8944,1.4804
1.1861,1.7406,2.8893,1.4702
1.1886,1.7406,2.8944,1.4727
1.1886,1.7355,2.8944,1.4778
1.1937,1.7406,2.8918,1.4727
1.1912,1.7457,2.8969,1.4676
1.1836,1.7432,2.8995,1.4727
1.1886,1.7381,2.8944,1.4804
1.1963,1.7406,2.8893,1.4727
1.1886,1.7483,2.8944,1.4651
1.1836,1.7432,2.902,1.4727
1.1886,1.7355,2.8944,1.4804
1.1937,1.7432,2.8893,1.4727
1.1861,1.7483,2.8969,1.4676
1.1836,1.7406,2.902,1.4702
1.1886,1.733,2.8944,1.4702
1.1886,1.7432,2.8969,1.4727
1.1912,1.7406,2.8969,1.4727
1.1912,1.7355,2.8969,1.4778
1.1937,1.7406,2.8893,1.4727
1.1886,1.7483,2.8918,1.4651
1.1836,1.7406,2.902,1.4778
1.1886,1.7381,2.8944,1.4778
1.1963,1.7406,2.8893,1.4727
1.1886,1.7432,2.8969,1.4727
1.1836,1.7355,2.8995,1.4804
1.1937,1.7355,2.8893,1.4727
1.1912,1.7483,2.8969,1.4651
1.1886,1.7432,2.8969,1.4727
1.1886,1.7432,2.8893,1.4727
1.1886,1.7483,2.8944,1.4651
1.1836,1.7355,2.9046,1.4778
1.1937,1.7381,2.8893,1.4702
1.1861,1.7483,2.8944,1.4651
1.181,1.7432,2.8995,1.4702
1.1861,1.7381,2.8944,1.4753
1.1886,1.7432,2.8893,1.4727
1.181,1.7457,2.902,1.4651
1.181,1.733,2.8995,1.4778
1.1937,1.7355,2.8893,1.4727
1.1886,1.7457,2.8969,1.4702
1.1836,1.7432,2.8995,1.4702
1.1886,1.7432,2.8944,1.4727
1.1861,1.7406,2.8944,1.4651
1.181,1.7432,2.902,1.4727
1.1886,1.7381,2.8944,1.4778
1.1937,1.7432,2.8867,1.4651
1.1886,1.7483,2.902,1.4625
1.1836,1.733,2.8995,1.4804
1.1937,1.7432,2.8867,1.4727
1.1886,1.7483,2.8944,1.4702
1.181,1.7406,2.902,1.4702
1.1886,1.7432,2.8944,1.4804
1.1937,1.7508,2.8893,1.4651
1.1836,1.7483,2.902,1.4727
1.1861,1.7381,2.8969,1.4778
1.1937,1.7406,2.8867,1.4727
1.1886,1.7483,2.8944,1.4702
1.1886,1.7432,2.8995,1.4727
1.1886,1.7406,2.8944,1.4727
1.1886,1.7406,2.8944,1.4651
1.1912,1.7406,2.902,1.4727
1.1861,1.7381,2.8944,1.4778
1.1937,1.7406,2.8867,1.4727
1.1836,1.7483,2.902,1.4676
1.1836,1.7355,2.902,1.4804
1.1937,1.7381,2.8969,1.4727
1.1886,1.7483,2.8944,1.4651
1.1836,1.7406,2.902,1.4727
1.1886,1.7381,2.8944,1.4778
1.1963,1.7406,2.8893,1.4651
1.181,1.7483,2.902,1.4727
1.1886,1.7355,2.8969,1.4804
1.1937,1.7406,2.8944,1.4727
1.1886,1.7483,2.8918,1.4727
1.1886,1.7432,2.8995,1.4778
1.1937,1.7304,2.8893,1.4727
1.1912,1.7457,2.8918,1.4676
1.181,1.7406,2.902,1.4727
1.1886,1.7406,2.8944,1.4727
1.1886,1.7381,2.8944,1.4702
1.1886,1.7406,2.8944,1.4727
1.1886,1.7355,2.8969,1.4804
1.1963,1.7457,2.8893,1.4727
1.181,1.7483,2.8969,1.4676
1.1836,1.733,2.902,1.4778
1.1963,1.7355,2.8867,1.4753
1.1886,1.7483,2.8969,1.4727
1.1886,1.733,2.8944,1.4778
1.1886,1.7483,2.8944,1.4651
1.1861,1.7406,2.8918,1.4804
1.1912,1.7406,2.8893,1.4676
1.181,1.7432,2.902,1.4727
1.1886,1.7432,2.8969,1.4727
1.1861,1.7457,2.8969,1.4651
1.1836,1.7432,2.902,1.4727
1.1886,1.7355,2.8918,1.4727
1.1886,1.7483,2.8944,1.4651
1.181,1.7355,2.8995,1.4778
1.1937,1.733,2.8893,1.4727
1.1886,1.7483,2.8944,1.4651
1.181,1.7355,2.902,1.4778
1.1937,1.7355,2.8893,1.4727
1.1886,1.7457,2.8944,1.4676
1.1836,1.7432,2.902,1.4727
1.1937,1.7355,2.8893,1.4778
1.1963,1.7483,2.8944,1.4676
1.1836,1.7381,2.902,1.4727
1.1912,1.7406,2.8944,1.4727
1.1861,1.7432,2.8969,1.4651
1.1836,1.7406,2.902,1.4727
1.1937,1.7355,2.8893,1.4778
1.1963,1.7432,2.8918,1.4651
1.1836,1.7406,2.902,1.4727
1.1886,1.733,2.8893,1.4804
1.1937,1.7483,2.8893,1.4676
1.1836,1.7432,2.902,1.4702
1.1886,1.7406,2.8969,1.4727
1.1912,1.7432,2.8944,1.4651
1.1836,1.7406,2.8995,1.4727
1.1886,1.733,2.8969,1.4804
1.1963,1.7432,2.8918,1.4676
1.1912,1.7406,2.8944,1.4727
1.1886,1.7355,2.8969,1.4804
1.1963,1.7483,2.8893,1.4676
1.1886,1.7483,2.8944,1.4676
1.1861,1.7355,2.902,1.4778
1.1937,1.7406,2.8867,1.4727
1.1886,1.7457,2.8944,1.4651
1.181,1.7406,2.902,1.4727
1.1886,1.7355,2.8944,1.4727
1.1912,1.7406,2.8944,1.4727
1.1886,1.7406,2.8918,1.4727
1.1912,1.7406,2.8969,1.4778
1.1886,1.7432,2.8944,1.4753
1.1912,1.7432,2.8944,1.4651
1.1836,1.7381,2.902,1.4804
1.1912,1.7355,2.8944,1.4829
1.1937,1.7457,2.8893,1.4651
1.1836,1.7406,2.902,1.4804
1.1912,1.733,2.8918,1.4804
1.1937,1.7406,2.8893,1.4651
1.1836,1.7483,2.8995,1.4676
1.1836,1.733,2.902,1.4804
1.1963,1.7406,2.8893,1.4727
1.1912,1.7457,2.8944,1.4676
1.1836,1.7432,2.8944,1.4727
1.1912,1.7406,2.8944,1.4727
1.1912,1.7457,2.8969,1.4727
1.1861,1.7432,2.8969,1.4727
1.1963,1.7406,2.8918,1.4676
1.1836,1.7457,2.902,1.4727
1.1886,1.733,2.8969,1.4778
1.1886,1.7406,2.8969,1.4676
1.1836,1.7406,2.902,1.4829
1.1963,1.733,2.8893,1.4753
1.1886,1.7432,2.8918,1.4651
1.1912,1.7406,2.8944,1.4727
1.1912,1.7406,2.8893,1.4727
1.1912,1.7457,2.8969,1.4676
1.1836,1.733,2.902,1.4804
1.1937,1.7406,2.8918,1.4727
1.1912,1.7483,2.8944,1.4727
1.1912,1.7406,2.8969,1.4829
1.1937,1.7406,2.8893,1.4651
1.181,1.7457,2.902,1.4651
1.1912,1.733,2.8944,1.4829
1.1937,1.7432,2.8944,1.4727
1.1912,1.7406,2.8969,1.4727
1.1912,1.733,2.8944,1.4804
1.1963,1.7406,2.8918,1.4727
1.1886,1.7483,2.8969,1.4727
1.1836,1.7381,2.902,1.4753
1.1886,1.733,2.8995,1.4804
1.1963,1.7406,2.8893,1.4753
1.1912,1.7406,2.8969,1.4702
1.1836,1.733,2.902,1.4804
1.1963,1.7355,2.8918,1.4727
1.1886,1.7406,2.8969,1.4676
1.1886,1.7406,2.902,1.4804
1.1886,1.7355,2.8944,1.4804
1.1988,1.7406,2.8893,1.4727
1.1886,1.7457,2.8969,1.4676
1.1836,1.7406,2.8995,1.4829
1.1912,1.733,2.8969,1.4778
1.1937,1.7483,2.8893,1.4676
1.1861,1.7483,2.902,1.4727
1.1836,1.7355,2.8944,1.4804
1.1963,1.7406,2.8918,1.4753
1.1912,1.7457,2.8918,1.4676
1.1912,1.7406,2.8995,1.4778
1.1937,1.7355,2.8867,1.4727
1.1963,1.7457,2.8893,1.4676
1.1836,1.7406,2.8995,1.4753
1.1912,1.7355,2.8944,1.4804
1.1937,1.7406,2.8893,1.4676
1.1886,1.7483,2.8944,1.4676
1.1836,1.733,2.902,1.4727
1.1886,1.733,2.8995,1.4778
1.1937,1.7406,2.8944,1.4727
1.1886,1.7406,2.8944,1.4753
1.1836,1.7406,2.8918,1.4727
1.1912,1.7406,2.8944,1.4727
1.1886,1.7406,2.8969,1.4676
1.1886,1.7381,2.8918,1.4753
1.1836,1.7355,2.8944,1.4804
1.1937,1.7406,2.8893,1.4753
1.1912,1.7457,2.8918,1.4727
1.1836,1.7432,2.902,1.4727
1.1912,1.7355,2.8944,1.4804
1.1963,1.7406,2.8944,1.4727
1.1886,1.7406,2.8944,1.4727
1.1886,1.7355,2.8944,1.4753
1.1886,1.7406,2.8918,1.4727
1.1912,1.7406,2.8918,1.4753
1.1886,1.7381,2.8944,1.4804
1.1963,1.7406,2.8867,1.4727
1.1836,1.7457,2.902,1.4727
1.1912,1.733,2.8918,1.4727
1.1963,1.7381,2.8893,1.4676
1.1836,1.7483,2.8995,1.4676
1.1836,1.733,2.8918,1.4804
1.1963,1.7432,2.8893,1.4727
1.1886,1.7406,2.8944,1.4727
1.1912,1.7355,2.8969,1.4804
1.1937,1.7457,2.8893,1.4676
1.1836,1.7457,2.8969,1.4727
1.1912,1.7406,2.8944,1.4778
1.1937,1.7406,2.8893,1.4676
1.1836,1.7457,2.902,1.4676
1.181,1.7355,2.902,1.4778
1.1963,1.7381,2.8918,1.4727
1.1912,1.7483,2.8918,1.4676
1.1912,1.7406,2.902,1.4727
1.1886,1.7406,2.8944,1.4753
1.1912,1.7457,2.8944,1.4702
1.1836,1.7406,2.902,1.4804
1.1912,1.7381,2.8867,1.4804
1.1963,1.7457,2.8867,1.4702
1.1937,1.7406,2.8918,1.4727
1.1912,1.733,2.8944,1.4804
1.1963,1.7406,2.8867,1.4676
1.1836,1.7457,2.902,1.4727
1.1912,1.7355,2.8944,1.4804
1.1963,1.7381,2.8867,1.4727
1.1912,1.7381,2.8944,1.4727
1.1912,1.733,2.8944,1.4829
1.1937,1.7457,2.8893,1.4676
1.1836,1.7406,2.902,1.4753
1.1886,1.7355,2.8969,1.4727
1.1912,1.7381,2.8918,1.4676
1.1836,1.733,2.902,1.4829
1.1963,1.7381,2.8944,1.4727
1.1886,1.7406,2.902,1.4727
1.1912,1.7304,2.8944,1.4804
1.1963,1.7457,2.8893,1.4676
1.1836,1.7381,2.8995,1.4753
1.1963,1.733,2.8893,1.4804
1.1963,1.7457,2.8893,1.4676
1.1861,1.7355,2.902,1.4727
1.1912,1.733,2.8944,1.4804
1.1963,1.7406,2.8969,1.4727
1.1912,1.7381,2.8969,1.4727
1.1886,1.733,2.8969,1.4804
1.1963,1.7381,2.8918,1.4727
1.1836,1.7432,2.902,1.4702
1.1836,1.733,2.8969,1.4804
1.1963,1.7381,2.8893,1.4753
1.1912,1.7406,2.8918,1.4727
1.1912,1.733,2.8969,1.4778
1.1963,1.7406,2.8893,1.4753
1.1912,1.7432,2.8969,1.4727
1.1912,1.7406,2.8944,1.4829
1.1988,1.7406,2.8893,1.4727
1.1836,1.7457,2.8944,1.4676
1.1836,1.733,2.902,1.4829
1.1963,1.7381,2.8867,1.4727
1.1912,1.7457,2.8918,1.4676
1.1861,1.7381,2.8944,1.4727
1.1912,1.7381,2.8944,1.4727
1.1912,1.7457,2.8944,1.4676
1.1836,1.7406,2.902,1.4727
1.1912,1.7381,2.8944,1.4804
1.1912,1.7432,2.8944,1.4676
1.1861,1.7406,2.8944,1.4727
1.1886,1.7406,2.8944,1.4727
1.1937,1.7457,2.8918,1.4676
1.1836,1.733,2.8944,1.4829
1.1912,1.7381,2.8893,1.4727
1.1836,1.7406,2.902,1.4727
1.1912,1.7304,2.8944,1.4727
1.1912,1.7381,2.8918,1.4651
1.1836,1.7381,2.8944,1.4727
1.1886,1.7406,2.8944,1.4727
1.1912,1.7457,2.8944,1.4676
1.1836,1.733,2.8995,1.4804
1.1963,1.7355,2.8893,1.4753
1.1886,1.7457,2.8944,1.4676
1.1861,1.7406,2.8995,1.4727
1.1912,1.7381,2.8918,1.4727
1.1912,1.7457,2.8944,1.4676
1.1836,1.7406,2.902,1.4804
1.1963,1.7406,2.8867,1.4727
1.1912,1.7406,2.8944,1.4676
1.1886,1.7355,2.8944,1.4804
1.1912,1.7406,2.8944,1.4727
1.1912,1.7406,2.902,1.4727
1.1963,1.733,2.8944,1.4804
