2.6926,1.3302,3.185,1.7915
2.7003,1.3328,3.1824,1.7991
2.7003,1.3302,3.1824,1.7889
2.7054,1.3302,3.185,1.7889
2.7003,1.3379,3.1799,1.7813
2.6926,1.3353,3.1875,1.7915
2.6952,1.3226,3.1875,1.7966
2.7003,1.3226,3.1824,1.7966
2.7054,1.3251,3.1773,1.7889
2.7003,1.3302,3.1824,1.7889
2.7003,1.3379,3.1824,1.7838
2.6926,1.3353,3.1875,1.7915
2.6952,1.3251,3.1875,1.794
2.7003,1.3226,3.1824,1.7966
2.7003,1.3277,3.1824,1.7889
2.7028,1.3379,3.1773,1.7838
2.6977,1.3353,3.1824,1.7838
2.6926,1.3328,3.1901,1.7889
2.6977,1.3277,3.1799,1.7915
2.7028,1.3302,3.1824,1.7915
2.7028,1.3302,3.1799,1.7864
2.7054,1.3379,3.1773,1.7813
2.6926,1.3379,3.1824,1.7813
2.6926,1.3302,3.1875,1.7889
2.6977,1.3226,3.185,1.794
2.6977,1.3302,3.185,1.7889
2.6952,1.3302,3.1824,1.7889
2.6977,1.3302,3.1824,1.7864
2.6977,1.3302,3.1824,1.7889
2.6977,1.3302,3.1824,1.794
2.7028,1.3302,3.1773,1.7889
2.6977,1.3353,3.1824,1.7813
2.6875,1.3328,3.1901,1.7889
2.6926,1.3226,3.1875,1.794
2.7028,1.3251,3.1773,1.7864
2.7054,1.3353,3.1748,1.7813
2.7003,1.3353,3.1824,1.7813
2.6926,1.3328,3.1901,1.7889
2.6952,1.3302,3.1901,1.794
2.6977,1.3251,3.1773,1.794
2.7028,1.3302,3.1748,1.7889
2.6977,1.3302,3.1824,1.7813
2.6952,1.3302,3.1824,1.7889
2.6952,1.3302,3.1875,1.7864
2.6977,1.3226,3.185,1.7966
2.6977,1.3302,3.1824,1.7889
2.7028,1.3353,3.1773,1.7813
2.6952,1.3353,3.1824,1.7813
2.6952,1.3302,3.1824,1.7838
2.6952,1.3302,3.1875,1.7915
2.7028,1.3226,3.1748,1.7915
2.7003,1.3328,3.1773,1.7813
2.6952,1.3353,3.185,1.7838
2.6901,1.3277,3.1875,1.7889
2.6977,1.3251,3.1824,1.794
2.6977,1.3328,3.185,1.7864
2.7028,1.3353,3.1773,1.7838
2.6901,1.3379,3.1901,1.7813
2.6901,1.3277,3.1875,1.794
2.7028,1.3226,3.1773,1.794
2.7028,1.3302,3.1799,1.7813
2.6952,1.3353,3.1824,1.7813
2.6875,1.3302,3.1875,1.7864
2.6952,1.3328,3.1824,1.794
2.6952,1.3328,3.1824,1.7864
2.7028,1.3353,3.1773,1.7813
2.6952,1.3353,3.1824,1.7838
2.6926,1.3277,3.1901,1.7889
2.6952,1.3302,3.1824,1.7966
2.6952,1.3302,3.185,1.7864
2.6977,1.3302,3.1824,1.7889
2.6977,1.3353,3.1824,1.7813
2.6901,1.3302,3.1875,1.7889
2.6952,1.3226,3.185,1.7966
2.6977,1.3226,3.1773,1.7864
2.7028,1.3302,3.1824,1.7889
2.6977,1.3353,3.185,1.7889
2.6901,1.3302,3.1875,1.7889
2.6901,1.3226,3.1875,1.7966
2.7003,1.3226,3.1773,1.7915
2.7028,1.3379,3.1773,1.7864
2.6952,1.3379,3.1824,1.7813
2.6875,1.3353,3.1901,1.7915
2.6901,1.3328,3.1875,1.794
2.6952,1.3251,3.1824,1.794
2.6977,1.3302,3.1773,1.7889
2.6977,1.3302,3.1824,1.7915
2.6977,1.3302,3.1824,1.7889
2.6901,1.3302,3.185,1.7915
2.6952,1.3226,3.185,1.794
2.7028,1.3251,3.1773,1.7864
2.7054,1.3353,3.1773,1.7813
2.7003,1.3379,3.185,1.7838
2.6977,1.3277,3.1824,1.7864
2.6926,1.3277,3.1875,1.7864
2.6977,1.3226,3.185,1.794
2.7028,1.3226,3.1748,1.7889
2.7028,1.3353,3.1773,1.7838
2.7003,1.3353,3.1824,1.7889
2.6926,1.3277,3.1901,1.7889
2.6952,1.3226,3.1901,1.794
2.7003,1.3226,3.1773,1.7966
2.7028,1.3302,3.1773,1.7813
2.6977,1.3379,3.1824,1.7813
2.6901,1.3379,3.1875,1.7889
2.6926,1.3328,3.1875,1.7966
2.6977,1.3277,3.1824,1.7966
2.7054,1.3302,3.1773,1.7915
2.6977,1.3302,3.1824,1.7889
2.7003,1.3353,3.1824,1.7889
2.6901,1.3328,3.1875,1.7889
2.6926,1.3226,3.185,1.7966
2.6977,1.3251,3.1824,1.7966
2.7028,1.3328,3.1773,1.7889
2.6977,1.3353,3.185,1.7838
2.6926,1.3302,3.1901,1.7889
2.6952,1.3251,3.1901,1.7966
2.7054,1.3251,3.1773,1.7864
2.6977,1.3302,3.1824,1.7813
2.6977,1.3277,3.1824,1.7864
2.6977,1.3277,3.185,1.7864
2.6977,1.3302,3.1799,1.7915
2.7028,1.3302,3.1748,1.7889
2.6977,1.3353,3.185,1.7813
2.6926,1.3302,3.1875,1.7889
2.6926,1.3251,3.1901,1.794
2.7028,1.32,3.1748,1.7966
2.7028,1.3353,3.1773,1.7838
2.6926,1.3353,3.185,1.7813
2.6901,1.3302,3.1901,1.7889
2.6977,1.3226,3.185,1.794
2.7028,1.3302,3.1773,1.7813
2.6952,1.3353,3.1824,1.7838
2.6926,1.3302,3.185,1.7889
2.6952,1.3226,3.185,1.794
2.6952,1.3277,3.185,1.7889
2.7028,1.3353,3.1799,1.7813
2.6952,1.3302,3.1824,1.7864
2.6977,1.3302,3.1824,1.7864
2.6977,1.3302,3.1824,1.7864
2.7028,1.3302,3.185,1.7889
2.6901,1.3353,3.1875,1.7813
2.6901,1.3226,3.1875,1.7915
2.7003,1.3251,3.185,1.7864
2.7028,1.3328,3.185,1.7864
2.6926,1.3379,3.1824,1.7889
2.6875,1.3302,3.1901,1.7889
2.6952,1.3251,3.185,1.7864
2.7028,1.3328,3.1824,1.7889
2.6926,1.3328,3.1824,1.7889
2.6875,1.3302,3.1901,1.7864
2.6926,1.3251,3.185,1.794
2.6926,1.3302,3.1824,1.7864
2.6952,1.3302,3.185,1.7889
2.6926,1.3353,3.185,1.7813
2.6875,1.3302,3.185,1.7838
2.6926,1.3302,3.185,1.7915
2.6926,1.3302,3.1824,1.7864
2.6926,1.3302,3.1824,1.7864
2.6926,1.3379,3.185,1.7864
2.685,1.3379,3.1901,1.7864
2.685,1.3328,3.1875,1.7864
2.685,1.3251,3.1901,1.794
2.7003,1.3226,3.1773,1.794
2.7003,1.3379,3.1773,1.7813
2.6926,1.3379,3.1875,1.7813
2.6875,1.3302,3.1901,1.794
2.6926,1.3251,3.1824,1.7915
2.6926,1.3302,3.1824,1.7889
2.6926,1.3302,3.1748,1.7889
2.6926,1.3302,3.1824,1.7889
2.685,1.3328,3.1875,1.7864
2.6875,1.3251,3.1875,1.794
2.6926,1.3251,3.1773,1.794
2.6977,1.3302,3.1748,1.7864
2.6926,1.3353,3.1799,1.7813
2.6875,1.3277,3.1875,1.7915
2.6926,1.3251,3.185,1.794
2.6977,1.3302,3.1748,1.7838
2.6977,1.3353,3.1748,1.7813
2.6875,1.3353,3.185,1.7813
2.685,1.3302,3.1875,1.7889
2.6926,1.3251,3.1824,1.794
2.6977,1.3251,3.1748,1.7889
2.6977,1.3379,3.1722,1.7813
2.6926,1.3353,3.1799,1.7813
2.6824,1.3328,3.1875,1.7889
2.685,1.3251,3.1875,1.794
2.6977,1.3251,3.1748,1.7915
2.6977,1.3379,3.1748,1.7838
2.6901,1.3404,3.1799,1.7813
2.6875,1.3328,3.185,1.7864
2.6926,1.3302,3.1799,1.7915
2.6926,1.3277,3.1799,1.7864
2.6977,1.3328,3.1748,1.7864
2.6926,1.3353,3.1799,1.7813
2.6875,1.3379,3.185,1.7864
2.685,1.3226,3.1875,1.794
2.7003,1.3251,3.1799,1.794
2.7003,1.3302,3.1748,1.7864
2.6901,1.3328,3.1799,1.7864
2.6952,1.3379,3.1773,1.7864
2.685,1.3328,3.185,1.7889
2.685,1.3251,3.185,1.7915
2.6926,1.3251,3.1799,1.7915
2.6977,1.3353,3.1748,1.7864
2.6901,1.3302,3.1773,1.7813
2.6926,1.3353,3.1824,1.7864
2.6875,1.3328,3.185,1.7864
2.6901,1.3251,3.185,1.794
2.6926,1.3226,3.1773,1.7915
2.6926,1.3328,3.1773,1.7889
2.7028,1.3328,3.1722,1.7889
2.6952,1.3353,3.1799,1.7787
2.6901,1.3353,3.185,1.7889
2.6875,1.3302,3.1799,1.7889
2.6926,1.3302,3.1773,1.7915
2.6977,1.3226,3.1773,1.7889
2.7003,1.3302,3.1748,1.7889
2.7003,1.3353,3.1722,1.7813
2.6875,1.3379,3.185,1.7813
2.6875,1.3302,3.185,1.7864
2.6875,1.3251,3.1875,1.7864
2.6926,1.3226,3.1773,1.7915
2.7028,1.3251,3.1748,1.7889
2.7003,1.3353,3.1722,1.7813
2.6952,1.3353,3.1773,1.7813
2.6952,1.3302,3.1799,1.7889
2.6875,1.3302,3.185,1.7864
2.6926,1.3251,3.1799,1.794
2.7028,1.3226,3.1722,1.7889
2.7028,1.3379,3.1748,1.7813
2.6977,1.3379,3.185,1.7787
2.6875,1.3302,3.1875,1.7864
2.6901,1.3302,3.1773,1.7889
2.6977,1.3226,3.1773,1.7966
2.7003,1.3226,3.1748,1.7864
2.7028,1.3379,3.1722,1.7813
2.6977,1.3353,3.1773,1.7813
2.6901,1.3302,3.185,1.7864
2.6952,1.3302,3.1773,1.7966
2.6926,1.3302,3.1799,1.7915
2.6977,1.3302,3.1773,1.7889
2.6952,1.3302,3.1799,1.7889
2.6977,1.3302,3.185,1.7889
2.6977,1.3251,3.1773,1.7915
2.7054,1.3302,3.1722,1.7889
2.6977,1.3353,3.1799,1.7813
2.6926,1.3302,3.185,1.7864
2.6952,1.3226,3.1773,1.7966
2.7028,1.3302,3.1722,1.7889
2.7003,1.3379,3.1773,1.7813
2.6901,1.3302,3.185,1.7889
2.7003,1.3251,3.1773,1.7966
2.7028,1.3302,3.1722,1.7889
2.7003,1.3379,3.1748,1.7813
2.6926,1.3302,3.1824,1.7889
2.6926,1.3226,3.185,1.7966
2.7054,1.3251,3.1722,1.794
2.7028,1.3277,3.1722,1.7838
2.7003,1.3353,3.1773,1.7838
2.6977,1.3328,3.1773,1.7864
2.6926,1.3302,3.185,1.7889
2.7003,1.3251,3.1799,1.7966
2.7054,1.3251,3.1748,1.7915
2.7054,1.3353,3.1722,1.7838
2.6977,1.3353,3.1773,1.7838
2.6926,1.3302,3.185,1.7889
2.6977,1.3302,3.1773,1.7966
2.7003,1.3302,3.1773,1.7864
2.7054,1.3302,3.1722,1.7889
2.6977,1.3353,3.1773,1.7838
2.6926,1.3353,3.1875,1.7889
2.6952,1.3226,3.185,1.794
2.6977,1.3328,3.1773,1.7889
2.6977,1.3302,3.1773,1.7813
2.7003,1.3302,3.1773,1.7864
2.6977,1.3302,3.1799,1.7889
2.7003,1.3302,3.1773,1.794
2.7079,1.3353,3.1722,1.7813
2.7003,1.3379,3.1773,1.7838
2.6926,1.3302,3.185,1.7915
2.6926,1.3302,3.185,1.7889
2.7003,1.3251,3.1773,1.7889
2.7028,1.3302,3.1722,1.7889
2.7054,1.3353,3.1722,1.7813
2.7003,1.3353,3.1799,1.7838
2.6901,1.3302,3.185,1.794
2.7003,1.3328,3.1773,1.7966
2.6977,1.3226,3.1773,1.7915
2.7054,1.3302,3.1722,1.7889
2.7028,1.3379,3.1722,1.7838
2.6926,1.3379,3.185,1.7838
2.6926,1.3328,3.1824,1.7915
2.6977,1.3251,3.1773,1.794
2.7054,1.3302,3.1748,1.7889
2.7003,1.3302,3.1773,1.7813
2.7003,1.3302,3.1799,1.7889
2.6926,1.3302,3.185,1.7915
2.6952,1.3251,3.1799,1.7915
2.7054,1.3226,3.1748,1.794
2.7028,1.3353,3.1748,1.7813
2.7003,1.3353,3.185,1.7838
2.6926,1.3226,3.185,1.7915
2.7054,1.3226,3.1722,1.7966
2.7054,1.3302,3.1722,1.7915
2.7003,1.3353,3.1773,1.7838
2.6977,1.3302,3.1799,1.7889
2.7003,1.3302,3.1773,1.7889
2.6977,1.3302,3.1773,1.794
2.7054,1.3302,3.1773,1.7889
2.6977,1.3353,3.1773,1.7889
2.6926,1.3302,3.185,1.7915
2.6977,1.3277,3.1799,1.7966
2.6977,1.3302,3.1799,1.7889
2.7054,1.3302,3.1773,1.7915
2.7003,1.3353,3.1773,1.7889
2.6926,1.3277,3.185,1.7889
2.6926,1.3226,3.185,1.7966
2.7028,1.3251,3.1748,1.794
2.7054,1.3353,3.1722,1.7813
2.6977,1.3353,3.1824,1.7838
2.6926,1.3328,3.185,1.7889
2.6977,1.3251,3.1799,1.7915
2.7028,1.3302,3.1722,1.7889
2.7054,1.3353,3.1824,1.7813
2.6901,1.3353,3.1875,1.7915
2.6926,1.3251,3.185,1.794
2.6977,1.3226,3.1773,1.7966
2.7054,1.3302,3.1722,1.7889
2.6977,1.3353,3.1773,1.7889
2.6901,1.3302,3.185,1.7889
2.6977,1.3226,3.1799,1.794
2.7054,1.3302,3.1773,1.7889
2.7003,1.3353,3.1773,1.7813
2.6926,1.3302,3.185,1.794
2.6977,1.3251,3.1773,1.7889
2.7028,1.3328,3.1748,1.7889
2.7003,1.3353,3.1799,1.7838
2.6901,1.3302,3.1773,1.7864
2.6977,1.3226,3.1773,1.7889
2.6977,1.3302,3.1773,1.7915
2.6977,1.3302,3.1773,1.7864
2.6977,1.3226,3.1824,1.794
2.7028,1.3302,3.1722,1.7889
2.6977,1.3353,3.1773,1.7838
2.6926,1.3302,3.185,1.7889
2.7003,1.3251,3.1799,1.794
2.7054,1.3302,3.1722,1.7864
2.7003,1.3353,3.1773,1.7813
2.6926,1.3277,3.185,1.794
2.7054,1.3226,3.1773,1.7889
2.7003,1.3302,3.1748,1.7889
2.7003,1.3302,3.1799,1.7889
2.6926,1.3302,3.1875,1.7889
2.6926,1.3251,3.185,1.794
2.7028,1.3226,3.1697,1.7966
2.7054,1.3302,3.1722,1.7889
2.7003,1.3353,3.1773,1.7838
2.6977,1.3379,3.185,1.7813
2.6926,1.3226,3.185,1.794
2.7003,1.3251,3.1799,1.7966
2.7079,1.3302,3.1722,1.7889
2.6977,1.3353,3.1799,1.7838
2.6926,1.3302,3.185,1.7864
2.6977,1.3302,3.1799,1.7966
2.6977,1.3302,3.1773,1.7889
2.7003,1.3302,3.1773,1.7813
2.7003,1.3328,3.1799,1.7889
2.7003,1.3328,3.1773,1.7889
2.7003,1.3302,3.1773,1.7966
2.7028,1.3353,3.1722,1.7838
2.7003,1.3379,3.1773,1.7838
2.6952,1.3277,3.185,1.7889
2.7003,1.3226,3.1799,1.7966
2.7003,1.3302,3.1799,1.7889
2.7054,1.3302,3.1773,1.7889
2.7003,1.3302,3.1799,1.7889
2.7028,1.3302,3.185,1.7915
2.7028,1.3226,3.1799,1.7966
2.7079,1.3302,3.1722,1.7889
2.7003,1.3353,3.1799,1.7813
2.6926,1.3302,3.185,1.7889
2.6952,1.3226,3.185,1.7966
2.7028,1.3251,3.1799,1.7889
2.7054,1.3302,3.1722,1.7889
2.7079,1.3353,3.1722,1.7838
2.6952,1.3353,3.185,1.7813
2.6926,1.3328,3.185,1.7864
2.6926,1.3226,3.1875,1.7966
2.7054,1.3226,3.1722,1.794
2.7054,1.3302,3.1748,1.7889
2.7003,1.3353,3.1799,1.7838
2.7028,1.3353,3.185,1.7889
2.6926,1.3302,3.1875,1.7966
2.7003,1.3226,3.1799,1.794
2.7028,1.3302,3.1773,1.7889
2.7054,1.3302,3.1722,1.7889
2.7003,1.3302,3.1773,1.7889
2.7003,1.3302,3.1773,1.7889
2.7003,1.3302,3.1799,1.7889
2.7003,1.3302,3.1773,1.7889
2.6977,1.3353,3.185,1.7813
2.6926,1.3302,3.185,1.794
2.7003,1.3226,3.1824,1.794
2.7028,1.3302,3.1748,1.7838
2.6977,1.3353,3.1773,1.7813
2.6926,1.3277,3.185,1.7889
2.7003,1.3226,3.1799,1.7966
2.7054,1.3277,3.1748,1.7889
2.7054,1.3353,3.1748,1.7813
2.6926,1.3277,3.185,1.7889
2.7003,1.3226,3.1824,1.794
2.7028,1.3302,3.1722,1.7889
2.7003,1.3353,3.1773,1.7838
2.6926,1.3302,3.1875,1.7889
2.7003,1.3251,3.1799,1.794
2.7028,1.3328,3.1748,1.7889
2.6977,1.3353,3.1773,1.7838
2.6977,1.3302,3.1799,1.7889
2.6977,1.3302,3.1799,1.7966
2.6977,1.3328,3.1824,1.7889
2.6977,1.3328,3.1799,1.7813
2.6977,1.3302,3.1824,1.7889
2.6952,1.3302,3.1824,1.7966
2.6952,1.3302,3.1799,1.7889
2.6977,1.3302,3.1799,1.7813
2.6977,1.3302,3.1824,1.7889
2.6952,1.3302,3.1799,1.7864
2.6952,1.3302,3.1824,1.7966
2.7028,1.3302,3.1748,1.7813
2.6952,1.3353,3.1824,1.7813
2.7003,1.3302,3.1875,1.7889
2.6952,1.3302,3.1799,1.7915
2.6977,1.3302,3.1799,1.7889
2.6952,1.3302,3.1799,1.7889
2.6977,1.3353,3.1799,1.7889
2.6901,1.3328,3.1875,1.7864
2.6901,1.3226,3.1875,1.794
2.7003,1.3251,3.1748,1.794
2.7028,1.3328,3.1748,1.7838
2.6901,1.3353,3.1875,1.7813
2.6875,1.3226,3.1875,1.7864
2.6977,1.3226,3.1799,1.7915
2.7028,1.3328,3.1748,1.7813
2.6977,1.3379,3.1824,1.7813
2.6901,1.3302,3.1875,1.7864
2.6926,1.3226,3.1824,1.7889
2.7028,1.3302,3.1773,1.7889
2.6952,1.3302,3.1824,1.7889
2.6901,1.3302,3.1875,1.7889
2.6952,1.3251,3.1824,1.7889
2.7003,1.3328,3.1748,1.7787
2.6977,1.3353,3.1799,1.7813
2.6901,1.3302,3.1875,1.794
2.6952,1.3226,3.1748,1.794
2.7003,1.3353,3.1748,1.7813
2.6875,1.3353,3.1824,1.7813
2.6926,1.3302,3.1875,1.794
2.6977,1.3226,3.185,1.794
2.7028,1.3302,3.1748,1.7864
2.7028,1.3353,3.1748,1.7813
2.6977,1.3379,3.1799,1.7813
2.6901,1.3328,3.1875,1.7889
2.6977,1.3251,3.1799,1.794
2.7028,1.3302,3.1748,1.7889
2.6977,1.3353,3.1875,1.7813
2.6901,1.3302,3.1875,1.7889
2.6977,1.3226,3.1773,1.7966
2.7028,1.3302,3.1748,1.7889
2.7003,1.3328,3.1799,1.7813
2.6977,1.3302,3.1824,1.7889
2.6926,1.3277,3.1799,1.7915
2.7028,1.3251,3.1748,1.794
2.7054,1.3302,3.1748,1.7838
2.6977,1.3379,3.1799,1.7838
2.6926,1.3302,3.1875,1.7915
2.6977,1.3302,3.1799,1.7889
2.7028,1.3302,3.1722,1.7889
2.7003,1.3353,3.1799,1.7838
2.6926,1.3277,3.1875,1.7889
2.7003,1.3302,3.1799,1.7966
2.7003,1.3302,3.1824,1.7889
2.7003,1.3277,3.1824,1.7813
2.6952,1.3302,3.185,1.7864
2.7003,1.3302,3.1824,1.794
2.7003,1.3302,3.1799,1.7889
2.7003,1.3302,3.1799,1.7889
2.7003,1.3353,3.1824,1.7838
2.7003,1.3302,3.1824,1.7915
2.7003,1.3302,3.185,1.7864
2.7028,1.3251,3.1824,1.7915
2.7054,1.3302,3.1748,1.7889
2.7003,1.3353,3.1799,1.7838
2.6952,1.3353,3.185,1.7889
2.6926,1.3226,3.185,1.7966
2.7003,1.3226,3.1824,1.7966
2.7054,1.3302,3.1748,1.7813
2.7003,1.3353,3.1799,1.7838
2.7003,1.3302,3.1799,1.7889
