2.3587,1.4245,3.1263,1.7175
2.3638,1.4143,3.1161,1.7252
2.3638,1.422,3.1187,1.7175
2.3663,1.422,3.1187,1.7099
2.3638,1.422,3.1187,1.7175
2.3638,1.4194,3.1161,1.7201
2.3638,1.422,3.1187,1.7201
2.3714,1.4194,3.111,1.7201
2.3663,1.4271,3.1161,1.7099
2.3612,1.422,3.1238,1.7201
2.3663,1.4169,3.1161,1.7277
2.3663,1.4143,3.111,1.7201
2.374,1.4271,3.1136,1.7124
2.3587,1.4271,3.1212,1.7124
2.3612,1.4194,3.1263,1.7175
2.3587,1.4169,3.1263,1.7226
2.3714,1.4143,3.111,1.7201
2.3663,1.4194,3.1161,1.7201
2.3663,1.4271,3.1136,1.7175
2.3587,1.422,3.1161,1.7201
2.3663,1.4169,3.1187,1.7175
2.3663,1.422,3.1161,1.7124
2.3587,1.4245,3.1238,1.7201
2.3663,1.4169,3.1212,1.7252
2.374,1.4194,3.1085,1.7201
2.3663,1.4271,3.1187,1.7099
2.3587,1.4194,3.1263,1.7175
2.3663,1.4143,3.1161,1.7252
2.3714,1.4194,3.1085,1.7175
2.3638,1.422,3.1161,1.715
2.3663,1.4194,3.1161,1.715
2.3612,1.4194,3.1238,1.7252
2.3663,1.4169,3.1161,1.7252
2.374,1.422,3.111,1.7175
2.3663,1.4271,3.1161,1.715
2.3587,1.4271,3.1263,1.7201
2.3587,1.4194,3.1161,1.7175
2.3663,1.4194,3.1187,1.7201
2.374,1.4271,3.111,1.7124
2.3663,1.4271,3.1161,1.7124
2.3612,1.4194,3.1212,1.7252
2.3689,1.4118,3.111,1.7226
2.3663,1.422,3.111,1.7201
2.3663,1.4271,3.1187,1.7124
2.3612,1.4194,3.1263,1.7252
2.3689,1.4118,3.1187,1.7252
2.374,1.4194,3.111,1.7201
2.3612,1.4271,3.1161,1.7124
2.3612,1.422,3.1238,1.7252
2.3663,1.4143,3.1161,1.7277
2.3663,1.4143,3.111,1.7252
2.3714,1.4194,3.111,1.7175
2.3663,1.4271,3.1161,1.715
2.3663,1.422,3.1187,1.7201
2.3587,1.422,3.1161,1.7201
2.3663,1.4143,3.1187,1.7252
2.3714,1.4194,3.111,1.7201
2.3714,1.4245,3.111,1.715
2.3612,1.4296,3.1263,1.7201
2.3587,1.422,3.1187,1.7201
2.3689,1.4194,3.1187,1.7175
2.3638,1.422,3.1187,1.7175
2.3663,1.422,3.1161,1.7201
2.3663,1.4194,3.1212,1.7226
2.3663,1.422,3.1187,1.7201
2.3663,1.4271,3.1161,1.7124
2.3587,1.4194,3.1238,1.7201
2.3663,1.4143,3.1161,1.7252
2.374,1.422,3.1136,1.7201
2.3612,1.4245,3.1238,1.7124
2.3612,1.4194,3.1263,1.7201
2.3663,1.422,3.1161,1.7175
2.3663,1.422,3.1212,1.7201
2.3663,1.4194,3.1187,1.7201
2.3663,1.422,3.1187,1.7277
2.3765,1.422,3.111,1.7201
2.3663,1.4296,3.1187,1.7124
2.3612,1.422,3.1263,1.7201
2.3663,1.4143,3.1187,1.7252
2.3714,1.4194,3.111,1.7175
2.3612,1.4271,3.1187,1.7124
2.3612,1.4194,3.1263,1.7252
2.3714,1.4143,3.111,1.7252
2.374,1.4271,3.1085,1.7099
2.3689,1.422,3.1187,1.7175
2.3663,1.422,3.1187,1.7252
2.374,1.4194,3.1136,1.7175
2.3663,1.4271,3.1187,1.715
2.3612,1.422,3.1212,1.7201
2.3663,1.4143,3.1187,1.7252
2.374,1.422,3.111,1.7099
2.3663,1.4271,3.1161,1.715
2.3587,1.4194,3.1238,1.7201
2.3663,1.4143,3.1161,1.7252
2.374,1.4194,3.1136,1.7201
2.3638,1.4271,3.1161,1.7124
2.3587,1.4194,3.1238,1.7201
2.3663,1.4118,3.1161,1.7226
2.374,1.4194,3.1136,1.7201
2.3663,1.4271,3.1161,1.7124
2.3612,1.4271,3.1238,1.7201
2.3612,1.4118,3.1263,1.7252
2.3663,1.4169,3.1161,1.7226
2.3714,1.4194,3.1136,1.715
2.3663,1.4296,3.1187,1.7124
2.3612,1.4194,3.1238,1.7201
2.3663,1.4143,3.1161,1.7226
2.3663,1.4194,3.1136,1.7201
2.3663,1.422,3.1161,1.7201
2.3638,1.4271,3.1161,1.7201
2.3587,1.422,3.1263,1.7252
2.374,1.4143,3.1187,1.7252
2.374,1.422,3.1136,1.7124
2.3663,1.4271,3.1161,1.7124
2.3663,1.422,3.1161,1.7201
2.3587,1.422,3.1238,1.7201
2.3663,1.4143,3.1161,1.7201
2.3714,1.4194,3.1136,1.7175
2.3663,1.4296,3.1161,1.7201
2.3587,1.422,3.1187,1.7201
2.3663,1.422,3.1187,1.7201
2.3663,1.4296,3.1161,1.715
2.3612,1.4194,3.1263,1.7252
2.3663,1.4169,3.1161,1.7201
2.3663,1.4194,3.1161,1.7201
2.3612,1.4271,3.1238,1.7201
2.3612,1.4143,3.1238,1.7226
2.374,1.4194,3.1136,1.7201
2.3663,1.4271,3.1161,1.715
2.3638,1.422,3.1238,1.7201
2.3663,1.4143,3.1161,1.7252
2.374,1.4271,3.111,1.7124
2.3612,1.4245,3.1212,1.7201
2.3663,1.4118,3.1187,1.7252
2.374,1.4194,3.111,1.7201
2.3663,1.4271,3.1187,1.715
2.3587,1.422,3.1212,1.7201
2.3663,1.422,3.1161,1.7277
2.3663,1.4169,3.1161,1.7201
2.3689,1.4271,3.1187,1.7124
2.3638,1.4194,3.1238,1.7201
2.3689,1.4143,3.1161,1.7252
2.3765,1.4194,3.111,1.7175
2.3689,1.4271,3.1187,1.715
2.3612,1.422,3.1212,1.7201
2.3638,1.4169,3.1263,1.7277
2.3689,1.4194,3.1161,1.7201
2.3689,1.4194,3.1161,1.7124
2.3714,1.422,3.1161,1.7175
2.3663,1.4194,3.1161,1.7201
2.3663,1.4169,3.1187,1.7201
2.374,1.422,3.111,1.7201
2.3689,1.4271,3.1161,1.715
2.3612,1.4271,3.1263,1.7175
2.3638,1.4143,3.1238,1.7252
2.3765,1.4143,3.1085,1.7201
2.374,1.4271,3.111,1.7124
2.3689,1.4271,3.1238,1.7124
2.3612,1.4194,3.1263,1.7277
2.3689,1.4143,3.1136,1.7252
2.374,1.4194,3.1136,1.7201
2.3689,1.4271,3.1187,1.7099
2.3612,1.422,3.1238,1.7201
2.3689,1.422,3.1187,1.7252
2.3663,1.4143,3.1136,1.7277
2.374,1.4194,3.1085,1.7201
2.3714,1.4271,3.1161,1.7124
2.3638,1.4271,3.1238,1.7201
2.3612,1.4143,3.1238,1.7277
2.374,1.4169,3.1161,1.7252
2.3765,1.4271,3.1136,1.7201
2.3714,1.4271,3.1187,1.7124
2.3612,1.4296,3.1238,1.7201
2.3638,1.4143,3.1238,1.7252
2.3663,1.4143,3.111,1.7252
2.3765,1.4194,3.111,1.7201
2.3689,1.4271,3.1161,1.715
2.3638,1.4194,3.1238,1.7201
2.3714,1.4143,3.1187,1.7252
2.3765,1.4194,3.1136,1.715
2.3663,1.4194,3.1161,1.715
2.3689,1.422,3.1161,1.7201
2.3663,1.4194,3.1161,1.7175
2.3663,1.4143,3.1187,1.7201
2.3663,1.4194,3.1136,1.7201
2.3663,1.4271,3.1212,1.7124
2.3612,1.4194,3.1263,1.7175
2.3663,1.4143,3.1212,1.7252
2.3765,1.4194,3.1161,1.7201
2.3689,1.4271,3.1187,1.7124
2.3612,1.422,3.1263,1.7175
2.3663,1.4143,3.1187,1.7277
2.3663,1.4194,3.111,1.7201
2.3689,1.4194,3.111,1.715
2.3638,1.4194,3.1238,1.7201
2.3663,1.4143,3.1161,1.7252
2.3765,1.4271,3.1136,1.7124
2.3689,1.4271,3.1161,1.7124
2.3714,1.422,3.1187,1.7201
2.3663,1.4194,3.1161,1.7252
2.3765,1.4118,3.111,1.7252
2.3765,1.4245,3.111,1.715
2.3663,1.4271,3.1212,1.7124
2.3663,1.422,3.1238,1.7201
2.3612,1.422,3.1212,1.7201
2.3663,1.422,3.1161,1.7252
2.374,1.4194,3.1161,1.7175
2.3663,1.4271,3.1212,1.7175
2.3612,1.4194,3.1238,1.7201
2.3612,1.4169,3.1263,1.7252
2.374,1.4143,3.111,1.7201
2.3714,1.4271,3.1136,1.715
2.3612,1.4271,3.1238,1.7124
2.3587,1.4194,3.1263,1.7201
2.3689,1.4143,3.1187,1.7201
2.3714,1.422,3.111,1.7201
2.3663,1.4271,3.1187,1.7124
2.3612,1.4296,3.1263,1.7175
2.3638,1.4143,3.1238,1.7252
2.3765,1.4169,3.1136,1.7277
2.374,1.4194,3.1212,1.7201
2.3689,1.4194,3.1212,1.7175
2.3663,1.422,3.1161,1.7201
2.374,1.4169,3.1187,1.7252
2.3714,1.4194,3.1136,1.7201
2.3663,1.4271,3.1263,1.7099
2.3587,1.422,3.1238,1.7201
2.3663,1.4194,3.1187,1.7252
2.3714,1.4194,3.1136,1.7124
2.3663,1.422,3.1212,1.7124
2.3663,1.4194,3.1187,1.7175
2.3663,1.422,3.1187,1.7277
2.374,1.4194,3.1136,1.7201
2.3663,1.4271,3.1187,1.7124
2.3612,1.4194,3.1263,1.7201
2.3663,1.4143,3.1161,1.7226
2.3663,1.4194,3.1212,1.7201
2.3663,1.4271,3.1212,1.715
2.3587,1.4194,3.1238,1.7201
2.3663,1.4143,3.1187,1.7252
2.3714,1.4143,3.1136,1.7201
2.3714,1.4271,3.111,1.7124
2.3587,1.4271,3.1238,1.7201
2.3663,1.4194,3.1212,1.7226
2.3663,1.4194,3.1212,1.7201
2.3714,1.422,3.1212,1.7201
2.3663,1.4245,3.1187,1.7175
2.3612,1.4194,3.1263,1.7175
2.3663,1.4169,3.1187,1.7252
2.3663,1.4194,3.1212,1.7175
2.3689,1.422,3.1187,1.7201
2.3638,1.4271,3.1212,1.7124
2.3587,1.422,3.1263,1.7175
2.3663,1.4143,3.1212,1.7252
2.3714,1.422,3.1136,1.7201
2.3663,1.4271,3.1212,1.7201
2.3587,1.422,3.1263,1.7201
2.3663,1.4194,3.1187,1.7252
2.3638,1.4169,3.1212,1.7175
2.3663,1.422,3.1136,1.7175
2.3663,1.4271,3.1161,1.7124
2.3587,1.4194,3.1263,1.7201
2.3612,1.4143,3.1263,1.7252
2.3714,1.4143,3.1136,1.7252
2.3714,1.422,3.1136,1.715
2.3663,1.4271,3.1212,1.7099
2.3612,1.422,3.1263,1.715
2.3663,1.4143,3.1136,1.7226
2.374,1.4271,3.1136,1.7124
2.3587,1.4271,3.1238,1.7124
2.3612,1.4194,3.1263,1.7252
2.3663,1.4143,3.1187,1.7252
2.374,1.422,3.1136,1.7175
2.3663,1.4194,3.1187,1.715
2.3689,1.422,3.1212,1.7201
2.3612,1.4194,3.1238,1.7175
2.3663,1.4169,3.1187,1.7201
2.374,1.422,3.111,1.7201
2.3663,1.4271,3.1212,1.7124
2.3587,1.4194,3.1263,1.7226
2.3765,1.4169,3.1187,1.7226
2.374,1.4271,3.1161,1.7201
2.3663,1.4271,3.1187,1.7124
2.3587,1.422,3.1238,1.7201
2.3663,1.4143,3.1161,1.7252
2.3663,1.4169,3.1161,1.7201
2.3663,1.4194,3.1187,1.7124
2.3689,1.4194,3.1187,1.7201
2.3612,1.4169,3.1263,1.7277
2.374,1.4143,3.111,1.7201
2.3663,1.4296,3.1187,1.7201
2.3612,1.422,3.1238,1.7201
2.3689,1.4143,3.1187,1.7252
2.3765,1.4118,3.1136,1.7201
2.3765,1.4271,3.111,1.7124
2.3663,1.4245,3.1161,1.7201
2.3689,1.4194,3.1187,1.7201
2.3663,1.4143,3.1161,1.7175
2.374,1.422,3.1187,1.7175
2.3689,1.4271,3.1161,1.7201
2.3587,1.422,3.1238,1.7252
2.3663,1.4118,3.1187,1.7277
2.3689,1.4169,3.1187,1.7201
2.3663,1.4194,3.1161,1.715
2.3689,1.422,3.1161,1.7175
2.3663,1.4194,3.1187,1.7252
2.3663,1.4194,3.1161,1.7201
2.3663,1.4169,3.1187,1.7201
2.3689,1.4194,3.1187,1.7175
2.3663,1.4194,3.1238,1.7175
2.3663,1.4143,3.1161,1.7201
2.3663,1.422,3.1161,1.7201
2.3663,1.422,3.1187,1.7124
2.3587,1.422,3.1238,1.7201
2.3663,1.4143,3.1161,1.7201
2.374,1.4194,3.111,1.7175
2.374,1.4245,3.1161,1.7124
2.3612,1.4271,3.1263,1.7175
2.3612,1.4118,3.1263,1.7252
2.3714,1.4143,3.1085,1.7226
2.374,1.4271,3.111,1.7201
2.3638,1.4271,3.1161,1.7201
2.3612,1.4194,3.1161,1.7201
2.3663,1.4143,3.1187,1.7201
2.3714,1.4194,3.111,1.7175
2.3663,1.4245,3.1161,1.7124
2.3587,1.4194,3.1238,1.715
2.3663,1.422,3.1187,1.7252
2.3663,1.4194,3.1161,1.7201
2.3663,1.4194,3.1212,1.715
2.3663,1.422,3.1187,1.7201
2.3663,1.4194,3.1187,1.7252
2.3663,1.422,3.1187,1.7175
2.3663,1.4194,3.1136,1.7099
2.3587,1.4271,3.1238,1.715
2.3612,1.4169,3.1238,1.7252
2.374,1.4143,3.1136,1.7226
2.374,1.4194,3.1136,1.7124
2.3663,1.4271,3.1238,1.715
2.3561,1.4143,3.1238,1.7277
2.3663,1.4143,3.1187,1.7201
2.374,1.4194,3.111,1.7201
2.3663,1.4271,3.1187,1.7124
2.3612,1.422,3.1212,1.7252
2.374,1.4143,3.1212,1.7252
2.3765,1.4194,3.111,1.7124
2.3612,1.4271,3.1263,1.715
2.3612,1.4143,3.1238,1.7226
2.3714,1.4194,3.111,1.7201
2.3689,1.4271,3.1161,1.715
2.3612,1.4169,3.1238,1.7201
2.3663,1.4143,3.1187,1.7277
2.374,1.4194,3.111,1.7201
2.3638,1.4194,3.1161,1.7201
2.3689,1.4194,3.1187,1.7252
2.3689,1.422,3.111,1.7201
2.3663,1.4271,3.1161,1.7099
2.3612,1.422,3.1238,1.7252
2.374,1.4118,3.111,1.7277
2.374,1.4271,3.111,1.7099
2.3663,1.4271,3.1238,1.715
2.3612,1.4143,3.1238,1.7252
2.374,1.4143,3.111,1.7175
2.374,1.4271,3.111,1.7124
2.3689,1.4271,3.1161,1.7124
2.3612,1.4194,3.1263,1.7252
2.3714,1.4169,3.1161,1.7252
2.374,1.4194,3.111,1.7201
2.3663,1.4271,3.1161,1.7124
2.3612,1.422,3.1238,1.7201
2.3663,1.4143,3.1187,1.7252
2.374,1.4194,3.1136,1.7201
2.3663,1.4271,3.1161,1.7124
2.3587,1.4143,3.1238,1.7277
2.3663,1.4143,3.1161,1.7252
2.3714,1.422,3.1136,1.7201
2.3663,1.4245,3.1187,1.7175
2.3663,1.4194,3.1238,1.7201
2.3663,1.4169,3.1161,1.7252
2.374,1.4271,3.1136,1.7099
2.3612,1.4271,3.1238,1.7124
2.3587,1.4245,3.1263,1.7252
2.3714,1.4143,3.111,1.7201
2.3714,1.4271,3.1136,1.7124
2.3587,1.4271,3.1263,1.7201
2.3612,1.4143,3.1238,1.7252
2.374,1.4143,3.111,1.7201
2.3765,1.4271,3.1136,1.7124
2.3663,1.4271,3.1238,1.715
2.3612,1.4194,3.1263,1.7201
2.3663,1.4169,3.1187,1.7252
2.3714,1.422,3.111,1.7201
2.3663,1.4271,3.1161,1.7124
2.3587,1.422,3.1238,1.7175
2.3663,1.422,3.1187,1.7252
2.3663,1.4169,3.111,1.7201
2.3714,1.4271,3.111,1.715
2.3587,1.4271,3.1161,1.7124
2.3612,1.4143,3.1238,1.7252
2.3663,1.422,3.1212,1.7175
2.374,1.4194,3.1161,1.7175
2.3663,1.4194,3.1187,1.7175
2.3638,1.4194,3.1238,1.7175
2.3663,1.422,3.1187,1.7201
2.3714,1.4194,3.111,1.7201
2.3663,1.4271,3.1161,1.7175
2.3587,1.422,3.1263,1.7201
2.3638,1.4169,3.1187,1.7175
2.3663,1.422,3.1136,1.7124
2.3587,1.4245,3.1238,1.7201
2.3663,1.4143,3.1187,1.7226
2.3689,1.422,3.111,1.7175
2.3663,1.4271,3.1263,1.715
2.3561,1.4194,3.1263,1.7226
2.3714,1.4143,3.1136,1.7252
2.3714,1.4271,3.1136,1.7124
2.3587,1.4271,3.1238,1.7201
2.3663,1.4143,3.1161,1.7252
2.3714,1.422,3.111,1.7201
2.3663,1.4271,3.1263,1.7124
2.3587,1.422,3.1263,1.7277
2.3714,1.4143,3.111,1.7226
2.3714,1.4271,3.1136,1.7124
2.3587,1.4271,3.1238,1.7175
2.3587,1.422,3.1187,1.7226
2.3663,1.4194,3.1187,1.7201
2.3663,1.4245,3.1161,1.7124
2.3587,1.4194,3.1263,1.7175
2.3663,1.4143,3.1187,1.7226
2.374,1.4194,3.1136,1.7099
2.3587,1.4271,3.1238,1.7124
2.3663,1.4194,3.1212,1.7252
2.374,1.422,3.111,1.7201
2.3663,1.4194,3.1212,1.7099
2.3587,1.4194,3.1263,1.7252
2.3663,1.4143,3.1161,1.7252
2.374,1.4271,3.1136,1.7124
2.3612,1.4271,3.1238,1.7099
2.3638,1.4143,3.1263,1.7226
2.3714,1.4143,3.1187,1.7201
2.3663,1.422,3.1187,1.7124
2.3587,1.4194,3.1238,1.7175
2.3663,1.4169,3.1161,1.7252
2.3714,1.4194,3.1136,1.7124
2.3587,1.4271,3.1263,1.7124
2.3587,1.422,3.1263,1.7226
2.3689,1.4143,3.1136,1.7226
2.3714,1.4271,3.111,1.715
2.3587,1.4271,3.1263,1.7099
2.3587,1.4143,3.1238,1.7252
2.3638,1.4143,3.1187,1.7252
2.3714,1.4271,3.1136,1.7124
2.3663,1.4271,3.1263,1.7124
2.3587,1.4143,3.1263,1.7252
2.3714,1.4143,3.1187,1.7252
2.374,1.4194,3.1136,1.7124
2.3663,1.4271,3.1187,1.7099
2.3587,1.422,3.1263,1.7252
2.3663,1.4194,3.1187,1.7201
2.374,1.422,3.1212,1.7201
2.3663,1.4271,3.1187,1.7099
2.3587,1.4194,3.1238,1.7175
2.3638,1.4169,3.1187,1.7252
2.374,1.4194,3.1136,1.7175
2.3638,1.4194,3.1187,1.7124
2.3587,1.422,3.1238,1.7201
2.3663,1.4143,3.1212,1.7226
2.3714,1.4194,3.1136,1.7124
2.3638,1.4296,3.1238,1.715
2.3587,1.4143,3.1263,1.7252
2.3714,1.4194,3.1136,1.7201
2.3663,1.4271,3.1212,1.715
2.3587,1.4194,3.1187,1.7175
2.3663,1.422,3.1212,1.7201
2.3663,1.422,3.1187,1.715
2.3612,1.422,3.1238,1.7201
2.3714,1.4143,3.1136,1.7252
2.374,1.4271,3.1136,1.715
2.3587,1.4271,3.1238,1.7175
2.3638,1.4143,3.1212,1.7252
2.3714,1.4194,3.1136,1.7175
2.3663,1.4271,3.1212,1.7124
2.3587,1.4169,3.1263,1.7175
2.374,1.4143,3.1136,1.7252
2.3714,1.4271,3.1136,1.7124
2.3663,1.4194,3.1263,1.7175
2.3663,1.4169,3.1212,1.7252
2.3765,1.422,3.1136,1.7099
2.3663,1.4271,3.1263,1.7099
2.3587,1.4118,3.1238,1.7252
2.374,1.4143,3.1136,1.7201
2.374,1.4271,3.111,1.7124
2.3612,1.4194,3.1263,1.7175
2.3663,1.4143,3.1187,1.7252
2.3663,1.4194,3.1136,1.7201
2.3663,1.4271,3.1187,1.7201
2.3663,1.422,3.1212,1.7201
2.3663,1.422,3.1212,1.7201
2.3663,1.4271,3.1212,1.7099
2.3587,1.4143,3.1263,1.7252
