3.2509,1.1696,3.2793,1.9011
3.2483,1.1773,3.2793,1.896
3.2483,1.1747,3.2793,1.9011
3.2509,1.1696,3.2767,1.9113
3.2534,1.1747,3.2742,1.896
3.2509,1.1824,3.2844,1.8935
3.2432,1.1696,3.2844,1.9062
3.2534,1.1747,3.2716,1.9037
3.2483,1.1773,3.2793,1.9011
3.2509,1.1747,3.2767,1.9062
3.2534,1.1773,3.2716,1.9011
3.2509,1.1747,3.2793,1.9011
3.2483,1.1773,3.2767,1.9011
3.2509,1.1773,3.2767,1.9011
3.2509,1.1824,3.2767,1.896
3.2432,1.1773,3.2869,1.9011
3.2534,1.1722,3.2716,1.9011
3.2458,1.1824,3.2793,1.8986
3.2407,1.1747,3.2869,1.9011
3.2483,1.1722,3.2818,1.9037
3.2534,1.1824,3.2716,1.9011
3.2407,1.1747,3.2844,1.9011
3.2483,1.1696,3.2793,1.9011
3.2483,1.1773,3.2793,1.8935
3.2407,1.1773,3.2844,1.9011
3.2483,1.1696,3.2716,1.9088
3.2534,1.1824,3.2716,1.896
3.2407,1.1747,3.2844,1.8986
3.2483,1.1696,3.2793,1.9011
3.2534,1.1824,3.2767,1.896
3.2432,1.1747,3.2844,1.9011
3.2483,1.1747,3.2793,1.9011
3.2458,1.1773,3.2793,1.8935
3.2407,1.1773,3.2869,1.9011
3.2534,1.1696,3.2742,1.9011
3.2458,1.1824,3.2818,1.8935
3.2458,1.1747,3.2793,1.9011
3.2483,1.1722,3.2742,1.9011
3.2458,1.1824,3.2793,1.896
3.2407,1.1722,3.2869,1.9062
3.2534,1.1773,3.2742,1.9011
3.2483,1.1747,3.2793,1.8986
3.2534,1.1696,3.2767,1.9062
3.2483,1.1824,3.2793,1.896
3.2407,1.1696,3.2869,1.9088
3.2534,1.1696,3.2742,1.9011
3.2458,1.1824,3.2793,1.896
3.2407,1.1773,3.2793,1.8986
3.2458,1.1747,3.2793,1.9011
3.2458,1.1747,3.2793,1.896
3.2407,1.1747,3.2869,1.9011
3.2534,1.1696,3.2716,1.9062
3.256,1.1849,3.2691,1.8935
3.2407,1.1773,3.2869,1.9011
3.2458,1.1696,3.2793,1.9088
3.2534,1.1747,3.2716,1.9011
3.2483,1.1824,3.2767,1.9011
3.2483,1.1747,3.2793,1.9011
3.2458,1.1773,3.2793,1.9011
3.2483,1.1824,3.2793,1.8935
3.2407,1.1696,3.2869,1.9062
3.2509,1.1773,3.2716,1.9011
3.2483,1.1824,3.2793,1.9011
3.2407,1.1773,3.2767,1.8986
3.2458,1.1696,3.2767,1.9011
3.2534,1.1747,3.2716,1.9011
3.2381,1.1824,3.2844,1.896
3.2407,1.1696,3.2844,1.9062
3.2534,1.1773,3.2716,1.9011
3.2483,1.1824,3.2793,1.9011
3.2458,1.1747,3.2844,1.9011
3.2458,1.1747,3.2793,1.9011
3.2483,1.1824,3.2793,1.8986
3.2407,1.1747,3.2793,1.8986
3.2458,1.1747,3.2793,1.9037
3.2458,1.1747,3.2793,1.896
3.2407,1.1773,3.2844,1.9062
3.2483,1.1696,3.2793,1.9062
3.256,1.1824,3.2716,1.896
3.2432,1.1747,3.2818,1.9037
3.2534,1.1696,3.2716,1.9037
3.2483,1.1824,3.2793,1.8935
3.2432,1.1696,3.2844,1.9062
3.2534,1.1722,3.2691,1.9037
3.2509,1.1824,3.2767,1.8986
3.2407,1.1798,3.2818,1.9011
3.2483,1.1747,3.2691,1.9037
3.2509,1.1824,3.2767,1.896
3.2458,1.1696,3.2844,1.9113
3.256,1.1747,3.2742,1.9037
3.2509,1.1798,3.2767,1.9011
3.2509,1.1747,3.2767,1.9062
3.2509,1.1773,3.2767,1.9011
3.2509,1.1824,3.2793,1.896
3.2458,1.1747,3.2818,1.9037
3.2509,1.1747,3.2767,1.9037
3.2534,1.1824,3.2742,1.8986
3.2458,1.1773,3.2793,1.9011
3.2585,1.1747,3.2716,1.9037
3.2432,1.1824,3.2767,1.8986
3.2432,1.1696,3.2818,1.9088
3.2585,1.1798,3.2691,1.9037
3.2534,1.1747,3.2767,1.9037
3.2509,1.1671,3.2767,1.9062
3.2585,1.1824,3.2716,1.8935
3.2432,1.1773,3.2818,1.9037
3.2534,1.1696,3.2767,1.9088
3.2534,1.1773,3.2716,1.9062
3.2534,1.1747,3.2767,1.9011
3.2509,1.1696,3.2767,1.9088
3.2585,1.1824,3.2716,1.8986
3.2458,1.1773,3.2844,1.9037
3.2509,1.1747,3.2767,1.9037
3.2585,1.1747,3.2716,1.8986
3.2483,1.1824,3.2844,1.9011
3.2509,1.1696,3.2767,1.9088
3.2585,1.1747,3.2716,1.896
3.2432,1.1824,3.2818,1.896
3.2458,1.1696,3.2818,1.9088
3.2585,1.1773,3.2716,1.9011
3.2534,1.1798,3.2767,1.9011
3.2458,1.1722,3.2844,1.9011
3.2585,1.1747,3.2716,1.9037
3.2458,1.1824,3.2844,1.896
3.2432,1.1696,3.2767,1.9088
3.2585,1.1773,3.2742,1.9037
3.2534,1.1773,3.2767,1.9011
3.2483,1.1722,3.2716,1.9088
3.256,1.1824,3.2716,1.896
3.2483,1.1747,3.2844,1.9011
3.2534,1.1696,3.2767,1.9037
3.2585,1.1722,3.2767,1.9037
3.2509,1.1747,3.2742,1.9011
3.2509,1.1696,3.2767,1.9088
3.2585,1.1747,3.2691,1.9037
3.2534,1.1824,3.2844,1.8986
3.2432,1.1696,3.2818,1.9113
3.2585,1.1696,3.2716,1.9011
3.2509,1.1824,3.2767,1.9011
3.2458,1.1747,3.2767,1.9011
3.2534,1.1773,3.2716,1.9037
3.2534,1.1798,3.2742,1.8935
3.2483,1.1696,3.2844,1.9062
3.2585,1.1747,3.2716,1.9011
3.2509,1.1824,3.2767,1.9037
3.2483,1.1696,3.2844,1.9088
3.2585,1.1696,3.2767,1.9037
3.2534,1.1824,3.2767,1.896
3.2458,1.1773,3.2818,1.9037
3.2534,1.1696,3.2767,1.9088
3.2509,1.1773,3.2691,1.9037
3.2534,1.1747,3.2767,1.9037
3.2534,1.1696,3.2716,1.9062
3.2534,1.1747,3.2742,1.9037
3.2534,1.1747,3.2767,1.9037
3.2534,1.1722,3.2767,1.9088
3.2611,1.1747,3.2691,1.9037
3.2534,1.1798,3.2767,1.896
3.2483,1.1696,3.2818,1.9088
3.2534,1.1722,3.2691,1.9113
3.2611,1.1824,3.2716,1.896
3.2458,1.1824,3.2844,1.9037
3.2458,1.1696,3.2793,1.9088
3.2585,1.1747,3.2691,1.9011
3.2509,1.1824,3.2767,1.9011
3.2458,1.1747,3.2844,1.9037
3.2509,1.1747,3.2767,1.9037
3.2534,1.1747,3.2793,1.8986
3.2458,1.1773,3.2844,1.9037
3.2509,1.1696,3.2767,1.9113
3.2611,1.1722,3.2742,1.896
3.2534,1.1824,3.2818,1.8986
3.2483,1.1722,3.2844,1.9062
3.256,1.1696,3.2716,1.9037
3.256,1.1824,3.2691,1.896
3.2458,1.1722,3.2869,1.9037
3.2509,1.1722,3.2767,1.9113
3.2585,1.1747,3.2716,1.8986
3.2458,1.1824,3.2818,1.8935
3.2432,1.1696,3.2844,1.9088
3.256,1.1696,3.2716,1.9088
3.2585,1.1824,3.2742,1.896
3.2458,1.1747,3.2844,1.9011
3.2534,1.1696,3.2767,1.9088
3.2585,1.1824,3.2691,1.896
3.2458,1.1824,3.2844,1.9011
3.2458,1.1696,3.2844,1.9113
3.2585,1.1747,3.2716,1.9011
3.2509,1.1722,3.2767,1.9011
3.2534,1.1696,3.2767,1.9088
3.2611,1.1773,3.2716,1.9037
3.2534,1.1824,3.2844,1.8986
3.2458,1.1747,3.2844,1.9037
3.2534,1.1696,3.2793,1.9037
3.2534,1.1747,3.2767,1.9011
3.2534,1.1747,3.2767,1.9011
3.2483,1.1722,3.2844,1.9011
3.2534,1.1773,3.2767,1.9037
3.2534,1.1747,3.2793,1.896
3.2534,1.1747,3.2767,1.9011
3.2534,1.1747,3.2767,1.9011
3.2534,1.1722,3.2767,1.9011
3.2509,1.1747,3.2818,1.8986
3.2509,1.1747,3.2767,1.9037
3.2509,1.1747,3.2767,1.9113
3.2585,1.1773,3.2716,1.9011
3.2534,1.1824,3.2767,1.9011
3.2458,1.1773,3.2844,1.9011
3.2509,1.1696,3.2767,1.9037
3.256,1.1773,3.2716,1.9037
3.2509,1.1824,3.2793,1.9011
3.2432,1.1773,3.2844,1.9011
3.2509,1.1696,3.2767,1.9011
3.2483,1.1773,3.2793,1.896
3.2458,1.1722,3.2844,1.9011
3.2509,1.1696,3.2793,1.9062
3.256,1.1747,3.2716,1.8935
3.2432,1.1824,3.2844,1.896
3.2432,1.1696,3.2869,1.9088
3.256,1.1773,3.2691,1.9011
3.2509,1.1824,3.2767,1.8935
3.2407,1.1722,3.2844,1.8986
3.2458,1.1747,3.2793,1.9011
3.2483,1.1824,3.2767,1.8935
3.2407,1.1722,3.2767,1.9011
3.2483,1.1773,3.2767,1.9011
3.2458,1.1798,3.2793,1.8986
3.2432,1.1747,3.2844,1.9011
3.2534,1.1696,3.2691,1.9088
3.2534,1.1798,3.2691,1.896
3.2407,1.1773,3.2844,1.9011
3.2483,1.1722,3.2716,1.9088
3.2534,1.1824,3.2716,1.8935
3.2407,1.1773,3.2818,1.9011
3.2483,1.1773,3.2767,1.9011
3.2483,1.1824,3.2767,1.8935
3.2407,1.1747,3.2844,1.9011
3.2534,1.1671,3.2716,1.9088
3.256,1.1824,3.2716,1.8986
3.2407,1.1824,3.2818,1.9011
3.2483,1.1671,3.2767,1.9062
3.256,1.1773,3.2691,1.9011
3.2407,1.1824,3.2767,1.8986
3.2483,1.1747,3.2844,1.9011
3.2483,1.1747,3.2793,1.9011
3.2509,1.1824,3.2767,1.896
3.2432,1.1747,3.2818,1.9011
3.2483,1.1696,3.2716,1.9062
3.256,1.1747,3.2767,1.9011
3.2483,1.1747,3.2767,1.9037
3.2483,1.1747,3.2767,1.9062
3.2483,1.1747,3.2691,1.9011
3.2483,1.1824,3.2767,1.896
3.2432,1.1696,3.2844,1.9011
3.256,1.1696,3.2742,1.9062
3.256,1.1824,3.2716,1.9011
3.2483,1.1773,3.2742,1.9011
3.2509,1.1747,3.2742,1.9088
3.2483,1.1747,3.2793,1.9011
3.2509,1.1824,3.2742,1.896
3.2432,1.1773,3.2818,1.9011
3.2509,1.1696,3.2767,1.9088
3.2585,1.1824,3.2691,1.896
3.2432,1.1773,3.2767,1.9037
3.2509,1.1773,3.2742,1.9011
3.2509,1.1824,3.2767,1.896
3.2458,1.1696,3.2818,1.9088
3.2585,1.1747,3.2691,1.9011
3.2509,1.1849,3.2742,1.9011
3.2534,1.1671,3.2767,1.9062
3.2585,1.1824,3.2716,1.8935
3.2432,1.1747,3.2844,1.9011
3.2509,1.1747,3.2767,1.9011
3.2534,1.1747,3.2767,1.896
3.2534,1.1747,3.2818,1.9037
3.2585,1.1696,3.2767,1.9088
3.256,1.1773,3.2691,1.896
3.2483,1.1824,3.2844,1.9011
3.2483,1.1722,3.2844,1.9088
3.2585,1.1747,3.2691,1.9037
3.2534,1.1824,3.2767,1.8986
3.2483,1.1696,3.2818,1.9088
3.2585,1.1696,3.2691,1.9088
3.2585,1.1824,3.2691,1.8986
3.2483,1.1824,3.2844,1.9037
3.2534,1.1671,3.2767,1.9088
3.2585,1.1773,3.2716,1.9037
3.2534,1.1824,3.2742,1.896
3.2483,1.1696,3.2818,1.9011
3.2611,1.1696,3.2691,1.9113
3.2611,1.1722,3.2691,1.896
3.2534,1.1824,3.2818,1.896
3.2534,1.1696,3.2767,1.9088
3.2611,1.1773,3.2691,1.9011
3.256,1.1747,3.2716,1.9037
3.2534,1.1747,3.2818,1.9062
3.2534,1.1696,3.2742,1.9113
3.2611,1.1773,3.2691,1.9011
3.2534,1.1747,3.2767,1.9011
3.256,1.1747,3.2742,1.9113
3.2636,1.1747,3.2691,1.9011
3.256,1.1798,3.2742,1.8986
3.2509,1.1722,3.2818,1.9037
3.256,1.1696,3.2767,1.9113
3.2636,1.1824,3.2716,1.8986
3.256,1.1824,3.2818,1.8986
3.2509,1.1696,3.2793,1.9088
3.2636,1.1696,3.2691,1.9088
3.2636,1.1824,3.2691,1.8986
3.2534,1.1747,3.2818,1.9037
3.2636,1.1696,3.2691,1.9062
3.2611,1.1824,3.2767,1.8986
3.2509,1.1747,3.2844,1.9113
3.2636,1.1773,3.2691,1.9037
3.256,1.1798,3.2742,1.9037
3.256,1.1773,3.2742,1.9088
3.2611,1.1747,3.2716,1.9011
3.2509,1.1824,3.2742,1.8986
3.2509,1.1671,3.2818,1.9088
3.256,1.1696,3.2716,1.9088
3.2636,1.1798,3.2691,1.8986
3.2509,1.1747,3.2844,1.9037
3.256,1.1747,3.2742,1.9037
3.2636,1.1722,3.2691,1.9037
3.2534,1.1824,3.2767,1.9037
3.256,1.1747,3.2742,1.9113
3.2611,1.1747,3.2691,1.9037
3.256,1.1798,3.2767,1.896
3.2509,1.1747,3.2818,1.9113
3.2611,1.1696,3.2716,1.9037
3.2534,1.1824,3.2742,1.896
3.2483,1.1747,3.2818,1.9037
3.256,1.1696,3.2767,1.9139
3.2585,1.1747,3.2691,1.896
3.2483,1.1824,3.2742,1.8986
3.2534,1.1747,3.2844,1.9088
3.2611,1.1722,3.2691,1.9037
3.256,1.1798,3.2767,1.9037
3.256,1.1747,3.2767,1.9113
3.2585,1.1773,3.2691,1.8986
3.256,1.1824,3.2767,1.8986
3.2509,1.1722,3.2793,1.9037
3.2534,1.1747,3.2742,1.9037
3.2534,1.1747,3.2793,1.8986
3.2483,1.1722,3.2818,1.9037
3.2534,1.1696,3.2767,1.9113
3.2611,1.1824,3.2691,1.8986
3.256,1.1747,3.2793,1.9037
3.256,1.1696,3.2767,1.9113
3.2636,1.1747,3.2691,1.8986
3.2534,1.1824,3.2793,1.896
3.2509,1.1696,3.2793,1.9113
3.2636,1.1747,3.2716,1.9037
3.2534,1.1747,3.2767,1.9062
3.2534,1.1696,3.2767,1.9113
3.2636,1.1747,3.2691,1.8986
3.2483,1.1824,3.2818,1.8986
3.256,1.1696,3.2767,1.9113
3.2636,1.1722,3.2691,1.9037
3.2585,1.1747,3.2742,1.9037
3.256,1.1696,3.2767,1.9113
3.2636,1.1747,3.2767,1.9011
3.2509,1.1747,3.2818,1.9113
3.256,1.1696,3.2742,1.9113
3.2636,1.1824,3.2691,1.8986
3.2509,1.1747,3.2844,1.9011
3.256,1.1747,3.2767,1.9037
3.256,1.1747,3.2767,1.8986
3.2483,1.1773,3.2844,1.9037
3.2636,1.1696,3.2691,1.9088
3.2611,1.1824,3.2691,1.8986
3.2483,1.1747,3.2844,1.9037
3.2585,1.1696,3.2742,1.9037
3.2636,1.1747,3.2691,1.896
3.256,1.1824,3.2818,1.8986
3.2509,1.1696,3.2844,1.9088
3.2636,1.1722,3.2691,1.9037
3.256,1.1824,3.2767,1.9037
3.256,1.1747,3.2767,1.9037
3.256,1.1747,3.2767,1.9037
3.256,1.1747,3.2691,1.8986
3.2509,1.1824,3.2818,1.9011
3.256,1.1696,3.2742,1.9088
3.2636,1.1747,3.2691,1.896
3.256,1.1824,3.2767,1.8986
3.2534,1.1747,3.2844,1.9037
3.256,1.1696,3.2691,1.9113
3.2611,1.1824,3.2691,1.8986
3.2534,1.1824,3.2844,1.9037
3.2534,1.1696,3.2742,1.9037
3.2534,1.1773,3.2767,1.9037
3.2483,1.1747,3.2818,1.9037
3.2534,1.1696,3.2767,1.9088
3.2611,1.1824,3.2691,1.8986
3.2483,1.1722,3.2818,1.9037
3.2534,1.1747,3.2767,1.9062
3.2534,1.1747,3.2742,1.9011
3.2534,1.1747,3.2742,1.9011
3.2534,1.1696,3.2691,1.9113
3.2611,1.1747,3.2691,1.896
3.256,1.1773,3.2742,1.9037
3.2534,1.1747,3.2742,1.9088
3.2611,1.1722,3.2691,1.9011
3.2458,1.1824,3.2818,1.896
3.2483,1.1696,3.2818,1.9113
3.2611,1.1773,3.2691,1.9037
3.2534,1.1798,3.2742,1.9011
3.2483,1.1747,3.2818,1.9011
3.2534,1.1747,3.2767,1.9037
3.2611,1.1824,3.2691,1.896
3.2458,1.1747,3.2793,1.9011
3.2509,1.1696,3.2691,1.9088
3.2611,1.1747,3.2691,1.9037
3.2534,1.1824,3.2716,1.896
3.2432,1.1696,3.2844,1.9062
3.2585,1.1722,3.2691,1.9037
3.2611,1.1824,3.2691,1.8986
3.2483,1.1824,3.2844,1.9037
3.2483,1.1671,3.2844,1.9113
3.2585,1.1773,3.2716,1.9037
3.2509,1.1824,3.2742,1.9011
3.2458,1.1747,3.2767,1.9011
3.2509,1.1696,3.2742,1.9011
3.2534,1.1747,3.2742,1.8986
3.2458,1.1747,3.2793,1.9037
3.2534,1.1671,3.2742,1.9088
3.2585,1.1747,3.2691,1.8935
3.2458,1.1824,3.2844,1.8986
3.2432,1.1696,3.2742,1.9088
3.2509,1.1747,3.2691,1.9037
3.2534,1.1824,3.2742,1.9037
3.2509,1.1747,3.2767,1.9011
3.2534,1.1773,3.2793,1.9037
3.2534,1.1824,3.2767,1.896
3.2432,1.1747,3.2818,1.9011
3.2585,1.1671,3.2767,1.9088
3.256,1.1798,3.2691,1.896
3.2432,1.1747,3.2818,1.9011
3.2509,1.1696,3.2767,1.9062
3.256,1.1824,3.2691,1.896
3.2483,1.1747,3.2844,1.9011
3.2509,1.1747,3.2767,1.9037
3.2509,1.1824,3.2767,1.8986
3.2458,1.1747,3.2818,1.9088
3.2483,1.1696,3.2691,1.9088
3.256,1.1798,3.2716,1.8935
3.2432,1.1773,3.2793,1.9011
3.2483,1.1696,3.2767,1.9088
3.2509,1.1747,3.2742,1.9037
3.2432,1.1747,3.2844,1.9011
3.2483,1.1696,3.2767,1.9088
3.2534,1.1824,3.2691,1.896
3.2483,1.1824,3.2818,1.9011
3.2483,1.1696,3.2742,1.9088
3.256,1.1773,3.2691,1.8935
3.2432,1.1824,3.2844,1.8935
3.2509,1.1696,3.2767,1.9062
3.2509,1.1747,3.2691,1.9011
3.2483,1.1747,3.2767,1.9011
3.2509,1.1696,3.2767,1.9062
3.2534,1.1824,3.2716,1.896
3.2458,1.1747,3.2844,1.9011
3.2509,1.1722,3.2767,1.9088
3.2483,1.1747,3.2742,1.8935
3.2432,1.1747,3.2844,1.9011
3.2509,1.1696,3.2767,1.9011
3.2483,1.1747,3.2767,1.9011
3.2509,1.1747,3.2767,1.9011
3.2534,1.1696,3.2767,1.9088
3.2534,1.1747,3.2691,1.9011
3.2509,1.1747,3.2767,1.9037
3.2534,1.1696,3.2767,1.9062
3.256,1.1747,3.2691,1.8986
3.2509,1.1798,3.2767,1.8986
3.2483,1.1696,3.2818,1.9062
3.256,1.1747,3.2691,1.9037
3.2509,1.1824,3.2767,1.896
3.2432,1.1747,3.2818,1.9011
3.256,1.1696,3.2767,1.9088
3.256,1.1824,3.2691,1.896
3.2432,1.1824,3.2844,1.9011
3.2534,1.1696,3.2767,1.9062
3.256,1.1773,3.2767,1.9037
3.2534,1.1747,3.2767,1.9011
3.2509,1.1747,3.2767,1.9088
3.256,1.1773,3.2691,1.896
3.2509,1.1798,3.2767,1.8986
3.2432,1.1696,3.2844,1.9088
3.2585,1.1696,3.2767,1.9011
3.2509,1.1773,3.2742,1.8935
3.2432,1.1722,3.2844,1.9011
3.2509,1.1696,3.2767,1.9088
3.256,1.1747,3.2691,1.8935
3.2509,1.1824,3.2818,1.8986
3.2432,1.1696,3.2818,1.9088
3.256,1.1747,3.2691,1.9011
3.2458,1.1824,3.2818,1.8935
3.2432,1.1696,3.2818,1.9062
3.2585,1.1773,3.2691,1.9011
3.2509,1.1773,3.2742,1.9037
