2.9068,1.4347,3.3277,1.919
2.9119,1.4296,3.3201,1.9266
2.9169,1.4424,3.3175,1.9139
2.9068,1.4398,3.3277,1.919
2.9119,1.4296,3.3226,1.919
2.9169,1.4347,3.3226,1.919
2.9144,1.4347,3.3226,1.9215
2.9119,1.4347,3.3201,1.9241
2.9169,1.4373,3.3175,1.919
2.9144,1.4424,3.3226,1.9113
2.9042,1.4347,3.3303,1.9241
2.9119,1.4373,3.3226,1.919
2.9093,1.4347,3.3226,1.9139
2.9042,1.4373,3.3277,1.9266
2.9169,1.4296,3.315,1.919
2.9119,1.4398,3.3201,1.919
2.9093,1.4373,3.3201,1.9241
2.9169,1.4347,3.315,1.9139
2.9068,1.4373,3.3303,1.919
2.9119,1.4347,3.3201,1.9215
2.9068,1.4424,3.3201,1.9139
2.9068,1.4296,3.3277,1.9266
2.9169,1.4347,3.315,1.919
2.9144,1.4373,3.3226,1.919
2.9119,1.4271,3.3226,1.9266
2.9169,1.4424,3.3175,1.9139
2.9068,1.4347,3.3303,1.9215
2.9093,1.4347,3.3226,1.9215
2.9119,1.4398,3.3226,1.9139
2.9068,1.4373,3.3201,1.9266
2.9195,1.4347,3.315,1.9139
2.9068,1.4398,3.3277,1.919
2.9119,1.4322,3.3226,1.919
2.9119,1.4347,3.3201,1.9139
2.9042,1.4347,3.3303,1.919
2.9119,1.4373,3.3226,1.9215
2.9119,1.4424,3.3226,1.9139
2.9068,1.4322,3.3303,1.9241
2.9169,1.4347,3.3124,1.9215
2.9068,1.4424,3.3303,1.9139
2.9119,1.4296,3.3226,1.9266
2.9169,1.4424,3.315,1.9139
2.9068,1.4347,3.3303,1.9215
2.9119,1.4347,3.3226,1.9215
2.9144,1.4424,3.3201,1.919
2.9119,1.4373,3.3226,1.919
2.9195,1.4373,3.315,1.9215
2.9068,1.4424,3.3277,1.9215
2.9119,1.4271,3.3226,1.919
2.9119,1.4322,3.3226,1.9139
2.9068,1.4347,3.3303,1.9241
2.9195,1.4296,3.315,1.919
2.9119,1.4347,3.3201,1.9215
2.9093,1.4347,3.3226,1.9266
2.9195,1.4347,3.315,1.9113
2.9068,1.4424,3.3277,1.9215
2.9119,1.4296,3.3201,1.9266
2.9119,1.4373,3.3226,1.919
2.9119,1.4347,3.3226,1.919
2.9093,1.4296,3.3201,1.9266
2.9195,1.4347,3.315,1.9139
2.9068,1.4347,3.3277,1.9215
2.9093,1.4347,3.3252,1.9215
2.9119,1.4347,3.3201,1.9139
2.9068,1.4373,3.3303,1.9164
2.9195,1.4271,3.3175,1.9241
2.9119,1.4398,3.3252,1.919
2.9119,1.4373,3.3201,1.9266
2.922,1.4347,3.315,1.9139
2.9068,1.4347,3.3277,1.9215
2.9144,1.4296,3.3201,1.919
2.9119,1.4373,3.3226,1.9139
2.9068,1.4271,3.3277,1.9241
2.9195,1.4271,3.315,1.9215
2.9144,1.4424,3.3201,1.919
2.9144,1.4347,3.3226,1.9241
2.9169,1.4347,3.315,1.919
2.9119,1.4398,3.3201,1.9139
2.9093,1.4296,3.3303,1.9241
2.9195,1.4373,3.315,1.919
2.9119,1.4398,3.3201,1.9139
2.9068,1.4373,3.3226,1.9164
2.9144,1.4347,3.3201,1.9215
2.9119,1.4373,3.3226,1.9139
2.9068,1.4373,3.3277,1.919
2.9119,1.4296,3.3175,1.9266
2.9195,1.4347,3.315,1.919
2.9119,1.4347,3.3201,1.9215
2.9119,1.4347,3.3303,1.9241
2.9195,1.4347,3.315,1.919
2.9093,1.4398,3.3226,1.919
2.9119,1.4373,3.3201,1.9241
2.9195,1.4347,3.315,1.9215
2.9144,1.4347,3.3201,1.9215
2.9195,1.4296,3.315,1.9215
2.9144,1.4424,3.3201,1.9139
2.9144,1.4347,3.3303,1.9241
2.922,1.4347,3.3201,1.919
2.9068,1.4449,3.3277,1.9215
2.9144,1.4322,3.3201,1.9266
2.922,1.4424,3.315,1.9139
2.9068,1.4373,3.3277,1.919
2.9195,1.4296,3.315,1.9292
2.9195,1.4424,3.315,1.9139
2.9068,1.4347,3.3201,1.919
2.9195,1.4347,3.315,1.919
2.9144,1.4347,3.3201,1.9215
2.9119,1.4296,3.3201,1.9266
2.9169,1.4424,3.3252,1.9139
2.9119,1.4373,3.3277,1.919
2.9195,1.4373,3.3175,1.9215
2.9068,1.4424,3.3201,1.9139
2.9119,1.4271,3.3226,1.9266
2.9169,1.4347,3.315,1.9164
2.9068,1.4424,3.3277,1.919
2.9119,1.4296,3.3226,1.919
2.9144,1.4322,3.3201,1.9215
2.9068,1.4373,3.3303,1.9266
2.9169,1.4296,3.3175,1.919
2.9093,1.4424,3.3201,1.919
2.9068,1.4373,3.3226,1.9241
2.9169,1.4347,3.3175,1.9113
2.9017,1.4398,3.3303,1.919
2.9119,1.4296,3.3226,1.9241
2.9144,1.4398,3.3175,1.9139
2.9068,1.4373,3.3252,1.919
2.9068,1.4271,3.3252,1.9266
2.9144,1.4449,3.3201,1.9139
2.9017,1.4347,3.3303,1.919
2.9068,1.4322,3.3252,1.9215
2.9093,1.4347,3.3175,1.919
2.9093,1.4347,3.3226,1.9164
2.9068,1.4296,3.3226,1.9241
2.9144,1.4398,3.3175,1.9113
2.9017,1.4398,3.3226,1.919
2.9144,1.4296,3.3201,1.9241
2.9144,1.4424,3.3175,1.9139
2.9017,1.4347,3.3303,1.9164
2.9068,1.4347,3.3252,1.919
2.9068,1.4347,3.3226,1.9139
2.9017,1.4373,3.3303,1.919
2.9068,1.4296,3.3226,1.9241
2.9119,1.4347,3.3175,1.919
2.9068,1.4398,3.3252,1.9139
2.9042,1.4296,3.3303,1.9241
2.9169,1.4296,3.315,1.919
2.9068,1.4398,3.3252,1.9139
2.9017,1.4373,3.3303,1.919
2.9144,1.4271,3.3175,1.9241
2.9119,1.4398,3.3175,1.9139
2.9017,1.4347,3.3303,1.919
2.9068,1.4296,3.3226,1.9241
2.9144,1.4398,3.3175,1.9113
2.9017,1.4424,3.3303,1.919
2.9068,1.4322,3.3226,1.9241
2.9119,1.4347,3.315,1.919
2.9068,1.4347,3.3252,1.9113
2.9017,1.4296,3.3303,1.9241
2.9119,1.4347,3.3175,1.919
2.9068,1.4398,3.3226,1.9113
2.8991,1.4322,3.3303,1.9241
2.9144,1.4296,3.3175,1.9164
2.9068,1.4424,3.3201,1.9113
2.9017,1.4373,3.3303,1.919
2.9068,1.4296,3.3226,1.919
2.9068,1.4347,3.3252,1.9164
2.9068,1.4373,3.3226,1.919
2.9068,1.4296,3.3226,1.9241
2.9144,1.4373,3.315,1.919
2.8991,1.4424,3.3201,1.9164
2.9068,1.4347,3.3201,1.9241
2.9119,1.4347,3.3175,1.9164
2.9068,1.4398,3.3226,1.9113
2.9017,1.4373,3.3277,1.9241
2.9068,1.4373,3.3201,1.9164
2.9068,1.4373,3.3226,1.9139
2.9068,1.4373,3.3252,1.9164
2.9068,1.4373,3.3226,1.9241
2.9144,1.4347,3.315,1.9164
2.9068,1.4424,3.3201,1.9113
2.9017,1.4373,3.3303,1.9241
2.9068,1.4296,3.3175,1.9241
2.9119,1.4424,3.3175,1.9113
2.8991,1.4322,3.3303,1.9164
2.9068,1.4296,3.3252,1.9241
2.9119,1.4449,3.315,1.9113
2.8991,1.4424,3.3277,1.9139
2.9068,1.4296,3.3252,1.9241
2.9169,1.4347,3.315,1.9215
2.9068,1.4424,3.3201,1.919
2.9068,1.4347,3.3277,1.9241
2.9144,1.4296,3.315,1.919
2.9093,1.4424,3.3226,1.9113
2.9017,1.4347,3.3303,1.9164
2.9068,1.4322,3.3252,1.919
2.9093,1.4347,3.3201,1.919
2.9017,1.4347,3.3303,1.919
2.9068,1.4271,3.3226,1.9241
2.9169,1.4347,3.315,1.9139
2.9017,1.4424,3.3303,1.9139
2.9042,1.4296,3.3277,1.9241
2.9169,1.4347,3.3175,1.9215
2.9093,1.4424,3.3201,1.9164
2.9093,1.4373,3.3303,1.919
2.9068,1.4347,3.3175,1.919
2.9093,1.4424,3.3226,1.9113
2.9017,1.4296,3.3303,1.9241
2.9169,1.4322,3.315,1.9241
2.9169,1.4373,3.315,1.9113
2.9042,1.4373,3.3303,1.919
2.9093,1.4347,3.3201,1.919
2.9093,1.4424,3.3226,1.9139
2.9042,1.4347,3.3303,1.9241
2.9169,1.4296,3.3175,1.9241
2.9169,1.4398,3.3175,1.9113
2.9017,1.4347,3.3277,1.919
2.9093,1.4347,3.3226,1.919
2.9119,1.4424,3.3226,1.9139
2.9042,1.4347,3.3303,1.9241
2.9169,1.4322,3.3252,1.9266
2.9169,1.4373,3.3201,1.9113
2.9042,1.4373,3.3303,1.919
2.9093,1.4296,3.315,1.9241
2.9169,1.4424,3.3175,1.9113
2.9017,1.4373,3.3303,1.919
2.9093,1.4373,3.3226,1.919
2.9093,1.4398,3.3252,1.9139
2.9042,1.4347,3.3252,1.919
2.9093,1.4373,3.315,1.919
2.9093,1.4398,3.3201,1.9139
2.9017,1.4296,3.3303,1.9241
2.9169,1.4347,3.3175,1.919
2.9093,1.4424,3.3252,1.919
2.9093,1.4373,3.3226,1.919
2.9068,1.4373,3.3252,1.9215
2.9068,1.4424,3.3252,1.9113
2.9017,1.4373,3.3303,1.919
2.9093,1.4347,3.3252,1.919
2.9093,1.4373,3.3252,1.9113
2.9017,1.4347,3.3303,1.9164
2.9068,1.4322,3.3226,1.9241
2.9144,1.4424,3.3175,1.9139
2.9017,1.4373,3.3303,1.919
2.9093,1.4296,3.3252,1.9241
2.9144,1.4347,3.3252,1.919
2.9068,1.4347,3.3252,1.919
2.9068,1.4373,3.3252,1.9164
2.9068,1.4373,3.3252,1.9215
2.9068,1.4398,3.3252,1.9113
2.9017,1.4296,3.3303,1.9241
2.9119,1.4296,3.3226,1.919
2.9068,1.4398,3.3252,1.9113
2.9042,1.4373,3.3303,1.9241
2.9068,1.4296,3.3175,1.9241
2.9144,1.4398,3.3175,1.9113
2.9017,1.4347,3.3303,1.919
2.9068,1.4373,3.3252,1.919
2.9093,1.4373,3.3226,1.9113
2.9017,1.4347,3.3303,1.919
2.9068,1.4322,3.3252,1.9215
2.9068,1.4424,3.3226,1.9139
2.9042,1.4347,3.3328,1.9164
2.9068,1.4373,3.3252,1.919
2.9068,1.4347,3.3226,1.9113
2.9017,1.4373,3.3303,1.9164
2.9093,1.4296,3.3252,1.9266
2.9169,1.4373,3.3226,1.9215
2.9093,1.4347,3.3226,1.919
2.9042,1.4271,3.3303,1.9266
2.9169,1.4347,3.315,1.9215
2.9093,1.4347,3.3226,1.9164
2.9093,1.4373,3.3252,1.919
2.9093,1.4296,3.315,1.919
2.9093,1.4424,3.3226,1.9113
2.9042,1.4296,3.3303,1.9266
2.9169,1.4296,3.3175,1.919
2.9119,1.4398,3.3226,1.9139
2.9119,1.4347,3.3226,1.919
2.9144,1.4347,3.3226,1.9215
2.9093,1.4424,3.3226,1.9139
2.9042,1.4373,3.3277,1.9215
2.9169,1.4347,3.3175,1.9215
2.9068,1.4424,3.3201,1.9139
2.9068,1.4296,3.3226,1.919
2.9169,1.4373,3.315,1.919
2.9093,1.4373,3.3277,1.919
2.9119,1.4296,3.3226,1.9266
2.9169,1.4398,3.3175,1.9164
2.9068,1.4373,3.3303,1.9241
2.9119,1.4296,3.3226,1.9266
2.9119,1.4347,3.3226,1.9139
2.9068,1.4373,3.3277,1.9241
2.9169,1.4296,3.3175,1.9266
2.9119,1.4424,3.3226,1.9139
2.9068,1.4373,3.3303,1.919
2.9093,1.4347,3.3226,1.9215
2.9144,1.4424,3.3201,1.9113
2.9068,1.4347,3.3201,1.9266
2.9169,1.4373,3.3175,1.919
2.9068,1.4424,3.3303,1.9139
2.9093,1.4373,3.3201,1.9241
2.9169,1.4373,3.315,1.9139
2.9042,1.4398,3.3303,1.9215
2.9119,1.4271,3.3226,1.9241
2.9169,1.4347,3.315,1.9215
2.9093,1.4373,3.3226,1.919
2.9119,1.4296,3.315,1.9266
2.9195,1.4373,3.3226,1.9139
2.9068,1.4347,3.3303,1.9215
2.9169,1.4296,3.3226,1.919
2.9119,1.4398,3.3226,1.9164
2.9068,1.4271,3.3277,1.9266
2.9169,1.4347,3.315,1.919
2.9119,1.4373,3.3226,1.9139
2.9093,1.4347,3.3252,1.919
2.9144,1.4347,3.3175,1.9215
2.9119,1.4398,3.3226,1.919
2.9093,1.4347,3.3201,1.919
2.9195,1.4347,3.3175,1.9215
2.9068,1.4424,3.3226,1.9139
2.9093,1.4296,3.3201,1.9266
2.9169,1.4347,3.3175,1.9215
2.9068,1.4373,3.3303,1.919
2.9093,1.4296,3.3226,1.9241
2.9169,1.4398,3.3175,1.9139
2.9068,1.4347,3.3303,1.919
2.9119,1.4296,3.3252,1.9215
2.9093,1.4373,3.315,1.919
2.9093,1.4373,3.3226,1.9215
2.9093,1.4296,3.3252,1.9241
2.9169,1.4347,3.315,1.9215
2.9093,1.4347,3.3201,1.919
2.9093,1.4373,3.3226,1.9266
2.9169,1.4373,3.3175,1.919
2.9093,1.4424,3.3201,1.9139
2.9068,1.4373,3.3303,1.9266
2.9169,1.4322,3.3175,1.919
2.9119,1.4398,3.3226,1.9139
2.9042,1.4373,3.3303,1.919
2.9093,1.4347,3.3226,1.919
2.9093,1.4449,3.3226,1.9139
2.9042,1.4296,3.3303,1.9266
2.9169,1.4373,3.3175,1.919
2.9119,1.4373,3.3226,1.919
2.9093,1.4373,3.3303,1.9241
2.9144,1.4373,3.315,1.919
2.9093,1.4373,3.3226,1.9215
2.9169,1.4322,3.3226,1.9266
2.9195,1.4424,3.3175,1.9139
2.9068,1.4373,3.3303,1.919
2.9093,1.4322,3.3201,1.9215
2.9119,1.4347,3.3201,1.9113
2.9068,1.4373,3.3303,1.919
2.9195,1.4296,3.3226,1.9241
2.9169,1.4398,3.3175,1.9139
2.9042,1.4398,3.3277,1.919
2.9119,1.4271,3.3252,1.9215
2.9195,1.4347,3.3175,1.9215
2.9144,1.4347,3.3226,1.9139
2.9068,1.4271,3.3226,1.9241
2.9169,1.4347,3.3175,1.9215
2.9144,1.4424,3.3226,1.919
2.9119,1.4373,3.3201,1.919
2.9195,1.4347,3.315,1.919
2.9144,1.4398,3.3226,1.9139
2.9068,1.4296,3.3226,1.9241
2.9169,1.4347,3.3175,1.9139
2.9068,1.4373,3.3303,1.919
2.9119,1.4271,3.3252,1.919
2.9119,1.4398,3.3226,1.9139
2.9068,1.4271,3.3303,1.9241
2.9169,1.4271,3.3175,1.919
2.9119,1.4398,3.3226,1.9139
2.9068,1.4347,3.3303,1.9266
2.9169,1.4296,3.3226,1.919
2.9144,1.4398,3.3226,1.9139
2.9042,1.4373,3.3303,1.9215
2.9119,1.4296,3.3226,1.9215
2.9119,1.4424,3.3226,1.9139
2.9068,1.4296,3.3303,1.9266
2.9169,1.4296,3.315,1.919
2.9119,1.4424,3.3252,1.9139
2.9042,1.4296,3.3277,1.9241
2.9169,1.4296,3.3175,1.919
2.9093,1.4398,3.3226,1.9139
2.9042,1.4347,3.3303,1.9215
2.9093,1.4347,3.3226,1.919
2.9093,1.4424,3.3201,1.9139
2.9042,1.4373,3.3303,1.9241
2.9169,1.4296,3.3175,1.9241
2.9144,1.4398,3.3175,1.9139
2.9042,1.4347,3.3303,1.919
2.9093,1.4271,3.3226,1.919
2.9093,1.4347,3.3252,1.919
2.9093,1.4373,3.3277,1.919
2.9144,1.4271,3.3226,1.9241
2.9119,1.4347,3.3201,1.9113
2.9042,1.4398,3.3303,1.9139
2.9017,1.4347,3.3303,1.9241
2.9119,1.4296,3.3175,1.919
2.9068,1.4424,3.3252,1.9139
2.9017,1.4271,3.3303,1.9241
2.9144,1.4296,3.3175,1.919
2.9068,1.4424,3.3226,1.919
2.9068,1.4373,3.3226,1.9164
2.9042,1.4373,3.3277,1.9164
2.9068,1.4398,3.3226,1.9139
2.9017,1.4373,3.3303,1.9241
2.9144,1.4271,3.3175,1.9241
2.9144,1.4424,3.3175,1.9113
2.9017,1.4347,3.3303,1.919
2.9068,1.4347,3.3252,1.9164
2.9042,1.4398,3.3252,1.9113
2.8991,1.4347,3.3303,1.9241
2.9119,1.4296,3.3175,1.919
2.9042,1.4424,3.3252,1.9113
2.8966,1.4373,3.3303,1.919
2.9119,1.4347,3.3175,1.9164
2.8966,1.4424,3.3252,1.9113
2.9068,1.4296,3.3226,1.9215
2.9042,1.4373,3.3252,1.9164
2.9068,1.4347,3.3226,1.9164
2.9017,1.4296,3.3252,1.9164
2.9042,1.4373,3.3252,1.9113
2.8966,1.4347,3.3303,1.9241
2.9068,1.4296,3.3175,1.919
2.9042,1.4398,3.3252,1.9164
2.9017,1.4347,3.3226,1.9241
2.9093,1.4373,3.3175,1.9113
2.8966,1.4398,3.3303,1.9139
2.9017,1.4296,3.3252,1.9241
2.9068,1.4347,3.3201,1.919
2.8966,1.4373,3.3277,1.919
2.9017,1.4373,3.3252,1.9164
2.9042,1.4424,3.3226,1.9113
2.9017,1.4373,3.3252,1.9241
2.9093,1.4347,3.3175,1.919
2.9042,1.4449,3.3303,1.9139
2.8966,1.4296,3.3252,1.9241
2.9093,1.4347,3.3175,1.9164
2.8966,1.4398,3.3303,1.9139
2.9042,1.4296,3.3226,1.9164
2.9093,1.4373,3.3175,1.919
2.9042,1.4347,3.3252,1.919
2.9017,1.4296,3.3226,1.9241
2.9093,1.4373,3.3175,1.9139
2.9042,1.4424,3.3303,1.9113
2.9042,1.4347,3.3226,1.919
2.9017,1.4347,3.3252,1.9164
2.9042,1.4449,3.3226,1.9113
2.8966,1.4373,3.3303,1.9241
2.9093,1.4322,3.3226,1.919
2.9017,1.4398,3.3252,1.9088
2.8966,1.4347,3.3303,1.9215
2.9093,1.4296,3.315,1.9241
2.9042,1.4424,3.3226,1.9113
2.8966,1.4373,3.3277,1.919
2.9042,1.4347,3.3252,1.9164
2.9042,1.4347,3.3201,1.9139
2.9042,1.4347,3.3226,1.9164
2.9017,1.4296,3.315,1.9241
2.9093,1.4398,3.3175,1.9113
2.8966,1.4424,3.3277,1.9139
2.9042,1.4296,3.3252,1.9241
2.9093,1.4347,3.3175,1.9164
2.9042,1.4373,3.3201,1.9164
2.9042,1.4271,3.3252,1.9215
2.9093,1.4373,3.3175,1.9088
2.8991,1.4347,3.3303,1.919
2.9042,1.4296,3.3226,1.9164
2.9042,1.4347,3.3226,1.919
2.9042,1.4347,3.3252,1.9164
2.9017,1.4296,3.3226,1.9241
2.9093,1.4398,3.3175,1.9113
2.8966,1.4424,3.3303,1.9164
2.9017,1.4271,3.3252,1.9164
2.9017,1.4347,3.3201,1.9113
2.894,1.4347,3.3303,1.9164
2.9017,1.4296,3.3226,1.9215
2.9042,1.4398,3.3252,1.9088
2.8966,1.4347,3.3277,1.9164
2.9017,1.4347,3.3175,1.9164
2.9042,1.4398,3.3303,1.9113
2.894,1.4296,3.3303,1.9215
2.9068,1.4347,3.315,1.9164
2.9017,1.4373,3.3226,1.9164
2.9017,1.4322,3.3252,1.9241
2.9068,1.4424,3.3175,1.9088
2.894,1.4373,3.3303,1.919
2.9017,1.4347,3.3226,1.9164
2.9017,1.4424,3.3226,1.9088
2.8966,1.4373,3.3303,1.9241
2.9042,1.4271,3.315,1.9241
2.9068,1.4424,3.315,1.9088
2.894,1.4347,3.3303,1.919
2.9017,1.4271,3.3226,1.9241
2.9068,1.4347,3.3252,1.9139
2.8991,1.4373,3.3252,1.919
2.9017,1.4347,3.3252,1.9241
2.9068,1.4347,3.3175,1.9113
