2.1548,1.6463,3.1926,1.7685
2.1522,1.654,3.1901,1.7711
2.1497,1.654,3.2003,1.7711
2.1624,1.6489,3.1901,1.7762
2.1624,1.6565,3.185,1.7634
2.1497,1.6591,3.1977,1.7609
2.1471,1.6463,3.1977,1.7762
2.1624,1.6514,3.185,1.7685
2.1548,1.654,3.1926,1.7711
2.1548,1.654,3.1926,1.7762
2.1624,1.654,3.185,1.7685
2.1548,1.654,3.1926,1.7685
2.1548,1.6463,3.1926,1.7762
2.1624,1.654,3.1875,1.766
2.1497,1.6591,3.1977,1.7711
2.1548,1.6489,3.1926,1.7685
2.1548,1.6514,3.185,1.7609
2.1497,1.654,3.1977,1.7685
2.1548,1.6514,3.1926,1.7685
2.1548,1.6616,3.1901,1.7634
2.1497,1.654,3.1977,1.7685
2.1522,1.6514,3.1926,1.7685
2.1548,1.6591,3.1901,1.766
2.1471,1.654,3.1977,1.7685
2.1548,1.6565,3.1952,1.7685
2.1548,1.654,3.1926,1.7634
2.1471,1.654,3.2003,1.7762
2.1522,1.6489,3.1926,1.7762
2.1624,1.6591,3.185,1.7634
2.1497,1.654,3.2003,1.7685
2.1522,1.654,3.1926,1.7685
2.1573,1.6591,3.1926,1.7634
2.1471,1.6489,3.1977,1.7762
2.1624,1.654,3.185,1.7685
2.1548,1.654,3.1926,1.7685
2.1522,1.6489,3.1926,1.7762
2.1599,1.6616,3.185,1.7609
2.1471,1.654,3.1977,1.7711
2.1548,1.6514,3.1926,1.7711
2.1522,1.6591,3.1926,1.7609
2.1471,1.6463,3.1926,1.7762
2.1624,1.654,3.1901,1.7685
2.1548,1.654,3.1977,1.7685
2.1548,1.6489,3.1901,1.7762
2.1599,1.6591,3.1901,1.7609
2.1497,1.6565,3.1977,1.7685
2.1522,1.654,3.1901,1.7685
2.1522,1.6591,3.1926,1.7634
2.1497,1.6489,3.1901,1.7762
2.1522,1.654,3.1875,1.7685
2.1522,1.654,3.1901,1.7685
2.1522,1.654,3.1901,1.7736
2.1573,1.6565,3.185,1.7685
2.1548,1.6591,3.1926,1.7634
2.1497,1.6463,3.1977,1.7736
2.1599,1.654,3.185,1.7685
2.1471,1.6591,3.1901,1.7634
2.1471,1.6463,3.1977,1.7762
2.1599,1.6463,3.185,1.7685
2.1522,1.6616,3.1901,1.7634
2.1471,1.6565,3.1977,1.7762
2.1522,1.6489,3.1901,1.7762
2.1573,1.6616,3.185,1.7634
2.1471,1.6591,3.1952,1.7685
2.1446,1.6489,3.1977,1.7762
2.1573,1.6565,3.185,1.7711
2.1522,1.6591,3.1926,1.7634
2.1471,1.6489,3.1977,1.7762
2.1573,1.6489,3.1901,1.7685
2.1522,1.6591,3.1901,1.7634
2.1471,1.654,3.1901,1.7685
2.1573,1.654,3.1824,1.7685
2.1522,1.6616,3.1901,1.7609
2.1471,1.6489,3.1952,1.7736
2.1599,1.6489,3.185,1.7685
2.1497,1.6616,3.1901,1.7685
2.142,1.6514,3.1977,1.7685
2.1573,1.654,3.185,1.7685
2.1522,1.6591,3.1901,1.7609
2.1471,1.6489,3.1901,1.7762
2.1573,1.654,3.1875,1.7685
2.1522,1.6514,3.1901,1.7685
2.1522,1.6489,3.185,1.7736
2.1573,1.6616,3.1824,1.7609
2.1471,1.6565,3.1977,1.7685
2.1497,1.6489,3.1901,1.7685
2.1522,1.6514,3.1901,1.7634
2.1471,1.6565,3.1952,1.7762
2.1599,1.6489,3.185,1.7736
2.1599,1.6616,3.1875,1.7634
2.142,1.654,3.1977,1.7685
2.1497,1.6489,3.1926,1.7736
2.1522,1.654,3.1824,1.7685
2.1497,1.654,3.1901,1.7685
2.1497,1.6489,3.1901,1.7762
2.1573,1.6565,3.185,1.7609
2.1522,1.6616,3.1977,1.7634
2.1446,1.6565,3.1952,1.7685
2.1497,1.6565,3.1926,1.7685
2.1522,1.6616,3.1901,1.7609
2.1522,1.6565,3.1901,1.7685
2.1522,1.654,3.185,1.7685
2.1522,1.6591,3.1901,1.7634
2.1446,1.6489,3.1977,1.7762
2.1573,1.6463,3.1824,1.7685
2.1522,1.6616,3.1926,1.7609
2.1522,1.654,3.1977,1.766
2.1497,1.6514,3.1901,1.7685
2.1522,1.6616,3.1901,1.7609
2.1471,1.6489,3.1977,1.7762
2.1522,1.654,3.1901,1.7685
2.1548,1.654,3.1901,1.7609
2.1471,1.6565,3.1952,1.7736
2.1522,1.6489,3.1875,1.7762
2.1599,1.6616,3.1875,1.7609
2.1471,1.654,3.1977,1.7685
2.1522,1.6489,3.1901,1.7711
2.1548,1.654,3.1901,1.7685
2.1522,1.6514,3.1926,1.7685
2.1522,1.6489,3.1901,1.7762
2.1573,1.6514,3.1875,1.7685
2.1548,1.6616,3.1875,1.7634
2.1471,1.6489,3.2003,1.7736
2.1573,1.6463,3.1875,1.7711
2.1599,1.6616,3.1901,1.7609
2.1471,1.6565,3.1977,1.7711
2.1522,1.6514,3.1901,1.7685
2.1548,1.6616,3.1926,1.7634
2.1471,1.6489,3.1977,1.7736
2.1599,1.6463,3.185,1.7685
2.1522,1.6616,3.1926,1.7685
2.1522,1.654,3.1926,1.7736
2.1573,1.6565,3.1875,1.7685
2.1522,1.6616,3.1901,1.7685
2.1522,1.654,3.1926,1.7762
2.1599,1.6514,3.185,1.7711
2.1471,1.6616,3.1977,1.7685
2.1522,1.6489,3.1901,1.7762
2.1522,1.6565,3.1926,1.7685
2.1522,1.6565,3.1952,1.7685
2.1497,1.6514,3.1901,1.7762
2.1573,1.654,3.185,1.7634
2.1471,1.6616,3.1926,1.7609
2.1497,1.654,3.1926,1.7762
2.1573,1.6514,3.1875,1.7685
2.1471,1.6565,3.2003,1.766
2.1522,1.6489,3.1926,1.7762
2.1522,1.6591,3.1926,1.7609
2.1471,1.654,3.1926,1.7685
2.1599,1.6514,3.1875,1.7634
2.1471,1.6616,3.2003,1.7685
2.1522,1.6489,3.1901,1.7736
2.1522,1.6565,3.1926,1.7634
2.1446,1.6565,3.2003,1.7736
2.1522,1.6565,3.1952,1.7711
2.1522,1.6616,3.1926,1.7609
2.1471,1.6489,3.1977,1.7762
2.1573,1.654,3.1901,1.7685
2.1446,1.654,3.2028,1.7685
2.1599,1.6489,3.185,1.7787
2.1522,1.6616,3.1926,1.766
2.1522,1.6565,3.1926,1.7685
2.1599,1.6565,3.185,1.7634
2.1522,1.6616,3.1901,1.7634
2.1471,1.6489,3.2003,1.7762
2.1599,1.6514,3.185,1.7685
2.1522,1.6616,3.1926,1.7685
2.1522,1.6514,3.1926,1.7762
2.1599,1.6514,3.185,1.7634
2.1522,1.6565,3.1926,1.7711
2.1522,1.6489,3.1926,1.7762
2.1599,1.6514,3.1926,1.7685
2.1548,1.6591,3.2003,1.7634
2.1497,1.6489,3.1901,1.7762
2.1599,1.6565,3.185,1.7711
2.1548,1.6616,3.1926,1.7685
2.1548,1.6489,3.1926,1.7762
2.1599,1.6616,3.185,1.7634
2.1497,1.6565,3.1977,1.7711
2.1548,1.654,3.1926,1.7762
2.1548,1.6616,3.1901,1.7685
2.1471,1.654,3.1977,1.7711
2.1599,1.654,3.185,1.7685
2.1548,1.654,3.1926,1.7685
2.1522,1.6489,3.1952,1.7685
2.1548,1.6565,3.1926,1.7634
2.1471,1.654,3.1952,1.7711
2.1624,1.6489,3.1901,1.7762
2.1599,1.6616,3.185,1.7634
2.1497,1.6565,3.1977,1.7685
2.1573,1.6489,3.1926,1.7762
2.1573,1.6616,3.185,1.7634
2.1497,1.654,3.1977,1.7711
2.1522,1.654,3.1926,1.7685
2.1522,1.6616,3.1926,1.7609
2.1471,1.6489,3.1977,1.7787
2.1624,1.654,3.1901,1.7685
2.1471,1.654,3.1977,1.7685
2.1522,1.6489,3.185,1.7762
2.1522,1.6616,3.1926,1.7685
2.1497,1.654,3.1977,1.7762
2.1599,1.6514,3.1875,1.7685
2.1548,1.6616,3.1901,1.7711
2.1522,1.6489,3.1926,1.7762
2.1599,1.654,3.185,1.7609
2.1471,1.6616,3.1977,1.7685
2.1522,1.6489,3.1901,1.7762
2.1624,1.654,3.1875,1.7634
2.1471,1.6565,3.2003,1.7685
2.1522,1.6489,3.1952,1.7787
2.1624,1.6591,3.185,1.7634
2.1471,1.654,3.1926,1.7685
2.1522,1.654,3.1926,1.7685
2.1548,1.6616,3.1926,1.7634
2.1497,1.6489,3.1977,1.7762
2.1624,1.654,3.1875,1.7685
2.1548,1.654,3.1952,1.7711
2.1522,1.6565,3.1926,1.7762
2.1599,1.6565,3.1875,1.7634
2.1471,1.6616,3.1977,1.7711
2.1522,1.6489,3.1926,1.7787
2.1548,1.6514,3.1875,1.7634
2.1522,1.6565,3.2003,1.7685
2.1548,1.6514,3.1952,1.7685
2.1522,1.6591,3.1926,1.7609
2.1471,1.6489,3.2003,1.7762
2.1599,1.6489,3.1875,1.7711
2.1548,1.6616,3.1952,1.7685
2.1548,1.6565,3.1926,1.7762
2.1624,1.6514,3.1901,1.7685
2.1497,1.6616,3.1977,1.7634
2.1548,1.6489,3.1926,1.7762
2.1624,1.654,3.1926,1.7685
2.1548,1.654,3.1926,1.7711
2.1548,1.6489,3.1952,1.7787
2.1624,1.654,3.1901,1.7634
2.1497,1.6591,3.2003,1.7685
2.1522,1.6489,3.1952,1.7736
2.1624,1.6565,3.1875,1.7685
2.1497,1.6565,3.2003,1.7685
2.1624,1.6489,3.1875,1.7762
2.1548,1.6591,3.1926,1.7634
2.1573,1.6565,3.1952,1.7685
2.1624,1.654,3.1875,1.7711
2.1548,1.6514,3.1926,1.7685
2.1548,1.654,3.1952,1.7787
2.1624,1.6514,3.1875,1.7685
2.1548,1.6616,3.1926,1.766
2.1497,1.6489,3.2003,1.7762
2.1624,1.6489,3.1875,1.7711
2.1497,1.6591,3.1952,1.766
2.1497,1.654,3.1977,1.7787
2.1624,1.654,3.1875,1.7711
2.1573,1.6591,3.1952,1.7685
2.1497,1.6565,3.1926,1.7711
2.1573,1.6514,3.1901,1.7711
2.1573,1.6591,3.1952,1.766
2.1522,1.6489,3.1977,1.7787
2.1624,1.654,3.1875,1.7711
2.1548,1.654,3.1952,1.7711
2.1573,1.6489,3.1952,1.7762
2.1624,1.6591,3.1875,1.766
2.1497,1.6591,3.2003,1.7685
2.1573,1.6489,3.1952,1.7787
2.1548,1.654,3.1952,1.7634
2.1497,1.654,3.1977,1.7787
2.1624,1.654,3.1875,1.7711
2.1522,1.6616,3.1926,1.7711
2.1548,1.6489,3.1926,1.7762
2.1624,1.6565,3.1875,1.7685
2.1497,1.6565,3.2028,1.7787
2.1548,1.6489,3.1875,1.7762
2.1548,1.6616,3.1926,1.7634
2.1497,1.6489,3.2003,1.7762
2.1624,1.6565,3.1875,1.7685
2.1573,1.6616,3.1952,1.7634
2.1548,1.654,3.1926,1.7711
2.1548,1.6565,3.1926,1.7711
2.1548,1.6565,3.1926,1.7609
2.1573,1.6565,3.1926,1.7685
2.1573,1.654,3.1952,1.7787
2.1599,1.654,3.1875,1.7711
2.1548,1.6616,3.1926,1.766
2.1497,1.654,3.2003,1.7762
2.1624,1.6489,3.1875,1.7762
2.1624,1.6591,3.185,1.7634
2.1548,1.654,3.1952,1.7736
2.1573,1.6514,3.1952,1.7762
2.1599,1.6565,3.1875,1.766
2.1548,1.654,3.1926,1.7711
2.1548,1.654,3.1901,1.7736
2.1624,1.654,3.1875,1.7711
2.1497,1.6591,3.1926,1.766
2.1497,1.6565,3.1926,1.7762
2.1624,1.6514,3.185,1.7711
2.1573,1.6616,3.1926,1.766
2.1497,1.6463,3.2003,1.7787
2.1624,1.6489,3.1875,1.7736
2.1624,1.6591,3.1875,1.7634
2.1497,1.6591,3.1977,1.7711
2.1497,1.6489,3.1926,1.7762
2.1624,1.654,3.185,1.7711
2.1548,1.6616,3.1926,1.7711
2.1497,1.6514,3.2003,1.7711
2.1548,1.6463,3.1952,1.7685
2.1548,1.6565,3.1926,1.7634
2.1548,1.654,3.2003,1.7685
2.1573,1.6489,3.1901,1.7762
2.1624,1.6616,3.185,1.7609
2.1548,1.6565,3.1977,1.7685
2.1548,1.6565,3.1926,1.7685
2.1573,1.6616,3.1901,1.7634
2.1522,1.6463,3.2003,1.7762
2.165,1.654,3.185,1.7711
2.1573,1.6565,3.1926,1.7711
2.1573,1.6489,3.1926,1.7762
2.1624,1.6565,3.1926,1.7711
2.1548,1.6565,3.1901,1.7711
2.1573,1.6463,3.1926,1.7787
2.165,1.654,3.185,1.7711
2.1599,1.6565,3.1926,1.7711
2.1548,1.654,3.1926,1.7787
2.165,1.654,3.185,1.7711
2.1599,1.6591,3.1926,1.7634
2.1522,1.6565,3.1977,1.7787
2.1599,1.6489,3.1926,1.7762
2.1624,1.6565,3.185,1.766
2.1573,1.6616,3.1901,1.7634
2.1522,1.6565,3.1977,1.7711
2.1573,1.6565,3.1952,1.7711
2.1599,1.6591,3.1926,1.7634
2.1548,1.6489,3.2003,1.7787
2.165,1.6489,3.1875,1.7787
2.1599,1.6616,3.1926,1.7711
2.1548,1.654,3.2003,1.7736
2.1599,1.654,3.1926,1.7711
2.1599,1.6616,3.1926,1.766
2.1522,1.654,3.1977,1.7762
2.1675,1.6463,3.1875,1.7685
2.1599,1.6591,3.1926,1.766
2.1522,1.6489,3.2003,1.7787
2.1675,1.6489,3.1875,1.7711
2.1599,1.6616,3.1926,1.7634
2.1522,1.654,3.2003,1.7711
2.1573,1.6489,3.1952,1.7787
2.165,1.654,3.1875,1.7634
2.1573,1.6616,3.1977,1.7634
2.1522,1.654,3.2003,1.7762
2.1624,1.6489,3.185,1.7787
2.165,1.6616,3.1875,1.7634
2.1522,1.6591,3.1977,1.7736
2.1599,1.6489,3.1952,1.7787
2.1573,1.654,3.1926,1.7711
2.1573,1.654,3.1926,1.7711
2.1573,1.6489,3.1901,1.7787
2.1624,1.6616,3.1875,1.766
2.1522,1.6565,3.2028,1.7711
2.1573,1.6489,3.1952,1.7787
2.165,1.6591,3.1901,1.7736
2.1573,1.6591,3.1952,1.766
2.1497,1.654,3.2003,1.7711
2.1573,1.6489,3.1952,1.7711
2.1624,1.654,3.1926,1.7685
2.1573,1.6565,3.1952,1.7711
2.1522,1.6489,3.2003,1.7787
2.165,1.6463,3.1875,1.7711
2.1624,1.6616,3.1901,1.766
2.1522,1.6565,3.2028,1.7685
2.1573,1.6489,3.1952,1.7711
2.165,1.654,3.1901,1.7711
2.1548,1.6514,3.1952,1.7711
2.1548,1.6489,3.1952,1.7762
2.1624,1.6565,3.1952,1.7711
2.1599,1.6616,3.1952,1.7711
2.1548,1.6565,3.1952,1.7685
2.1573,1.6565,3.1952,1.7736
2.1573,1.6565,3.1977,1.766
2.1573,1.654,3.1977,1.7711
2.1573,1.654,3.1952,1.7787
2.165,1.6565,3.1901,1.7711
2.1573,1.654,3.1952,1.7634
2.1522,1.654,3.2003,1.7711
2.1548,1.6489,3.1952,1.7762
2.165,1.6565,3.1901,1.7711
2.1573,1.6616,3.1952,1.7685
2.1522,1.654,3.2028,1.7685
2.1548,1.6489,3.1952,1.7787
2.1624,1.6514,3.1875,1.7711
2.1599,1.6591,3.1952,1.766
2.1522,1.654,3.2028,1.7711
2.1599,1.6489,3.1952,1.7711
2.165,1.6565,3.1875,1.7711
2.1573,1.6616,3.1926,1.7634
2.1522,1.654,3.1977,1.7711
2.1573,1.654,3.1977,1.7736
2.1624,1.6565,3.1875,1.7711
2.1548,1.6591,3.1952,1.7634
2.1522,1.654,3.1926,1.7711
2.1548,1.6463,3.1977,1.7787
2.1624,1.654,3.1952,1.7711
2.1599,1.6591,3.1952,1.766
2.1522,1.654,3.2003,1.7787
2.1599,1.6463,3.1952,1.7787
2.1599,1.6565,3.1952,1.7711
2.1573,1.6565,3.1952,1.7711
2.1522,1.6565,3.1977,1.7736
2.1573,1.6463,3.1952,1.7711
2.1573,1.6514,3.1952,1.766
2.1599,1.654,3.1977,1.7711
2.1522,1.6489,3.2028,1.7813
2.1573,1.654,3.1977,1.7711
2.1599,1.654,3.1952,1.766
2.1573,1.654,3.1952,1.7711
2.1599,1.654,3.1952,1.7787
2.165,1.6514,3.1875,1.7711
2.1599,1.6565,3.1952,1.766
2.1522,1.654,3.2028,1.7711
2.1573,1.6489,3.1875,1.7813
2.1675,1.654,3.1875,1.766
2.1599,1.6591,3.1952,1.7711
2.1522,1.6565,3.2028,1.7787
2.1573,1.6489,3.1952,1.7762
2.165,1.6514,3.1901,1.7736
2.1599,1.654,3.1952,1.7711
2.1522,1.654,3.1952,1.7711
2.1599,1.654,3.1952,1.7711
2.1573,1.6565,3.1977,1.7685
2.1599,1.6565,3.1952,1.7685
2.1573,1.654,3.1952,1.7711
2.1548,1.654,3.1952,1.7711
2.1573,1.654,3.1952,1.766
2.1573,1.6514,3.1977,1.7711
2.1624,1.654,3.1952,1.7787
2.1548,1.6514,3.1977,1.7711
2.1599,1.654,3.1952,1.766
2.1522,1.654,3.2028,1.7711
2.1599,1.6489,3.1977,1.7787
2.1624,1.6565,3.1901,1.766
2.1599,1.6591,3.1952,1.7711
2.1522,1.6514,3.2028,1.7711
2.1599,1.6489,3.1952,1.7711
2.1599,1.6565,3.1875,1.7711
2.1599,1.654,3.1952,1.7711
2.1573,1.6565,3.1977,1.7711
2.1573,1.6489,3.1977,1.7711
2.1624,1.654,3.1926,1.7685
2.1573,1.654,3.1952,1.7711
2.1573,1.6489,3.1952,1.7762
2.1624,1.6514,3.1875,1.7634
2.1522,1.6616,3.2028,1.766
2.1522,1.6489,3.2028,1.7787
2.165,1.6514,3.1901,1.766
2.1599,1.6591,3.1952,1.7634
2.1522,1.6489,3.2028,1.7787
2.165,1.6514,3.1875,1.7711
2.1599,1.6591,3.1952,1.7711
2.1522,1.6463,3.2028,1.7787
2.165,1.6463,3.1875,1.7736
2.1599,1.6591,3.1977,1.7711
2.1599,1.6514,3.1952,1.7711
2.1599,1.6514,3.1952,1.7736
2.1573,1.6616,3.1977,1.7634
2.1522,1.654,3.2054,1.7787
2.1624,1.6489,3.1901,1.7787
2.165,1.6616,3.1901,1.766
2.1522,1.6565,3.2028,1.7711
2.1573,1.6489,3.1952,1.7711
2.1599,1.6565,3.1977,1.766
2.1522,1.654,3.2028,1.7711
2.1599,1.6489,3.1952,1.7813
2.1624,1.6514,3.1977,1.7711
2.1599,1.6514,3.1952,1.7711
2.1573,1.654,3.1952,1.7813
2.1624,1.654,3.1952,1.7736
2.1599,1.6591,3.1952,1.766
2.1522,1.654,3.2028,1.7711
2.1599,1.6463,3.1952,1.7736
2.1624,1.6514,3.1952,1.7736
2.1624,1.6514,3.1952,1.7711
2.1599,1.654,3.2003,1.7736
2.1599,1.6463,3.1901,1.7813
2.1675,1.6591,3.1901,1.7685
2.1548,1.6591,3.2028,1.766
2.1548,1.654,3.2028,1.7711
2.1599,1.6514,3.1977,1.7711
2.1624,1.6514,3.1952,1.766
2.1548,1.654,3.2028,1.7711
2.1599,1.6489,3.1977,1.7787
2.1675,1.6591,3.1901,1.7685
2.1548,1.6616,3.2028,1.7711
2.1624,1.6489,3.1977,1.7762
2.1599,1.6514,3.1952,1.7711
2.1624,1.6514,3.1952,1.7711
2.1624,1.6463,3.1977,1.7787
2.1675,1.6591,3.1901,1.7711
2.1624,1.6591,3.2028,1.7685
2.1548,1.6489,3.2028,1.7787
2.1675,1.6489,3.1901,1.7711
2.1675,1.6591,3.1901,1.766
2.1573,1.654,3.2028,1.7711
