0.96433,1.9599,2.9505,1.5084
0.96433,1.9624,2.9505,1.5059
0.95668,1.9624,2.9581,1.5059
0.96433,1.9548,2.9505,1.5161
0.96433,1.9624,2.9505,1.5084
0.96433,1.9624,2.953,1.5033
0.96433,1.9624,2.9505,1.5084
0.96433,1.9522,2.9505,1.5161
0.96943,1.9599,2.9428,1.5084
0.96433,1.9675,2.9479,1.5033
0.95668,1.9522,2.9556,1.5135
0.96943,1.9548,2.9428,1.511
0.96178,1.9675,2.9479,1.5033
0.95668,1.9624,2.953,1.5161
0.96433,1.9548,2.9428,1.5135
0.96943,1.9675,2.9428,1.5033
0.95413,1.9675,2.953,1.5084
0.96178,1.9573,2.9454,1.5161
0.96943,1.9624,2.9428,1.5084
0.96433,1.9675,2.9479,1.5059
0.96178,1.9599,2.9454,1.5084
0.96178,1.9548,2.9505,1.5084
0.96178,1.9624,2.9505,1.5084
0.96178,1.9599,2.9505,1.511
0.96178,1.9599,2.9479,1.5135
0.96433,1.9624,2.9505,1.5059
0.96943,1.9675,2.9454,1.5033
0.95668,1.965,2.9556,1.5059
0.96178,1.9573,2.9479,1.5161
0.96943,1.9599,2.9428,1.5084
0.96433,1.9675,2.9479,1.5033
0.95668,1.9599,2.9556,1.5084
0.96178,1.9548,2.9505,1.5161
0.96943,1.9624,2.9428,1.5084
0.96433,1.9675,2.9479,1.5033
0.95668,1.9599,2.9556,1.5084
0.96433,1.9548,2.9505,1.5161
0.96943,1.9624,2.9428,1.5084
0.96433,1.9675,2.9479,1.5033
0.95668,1.9624,2.9581,1.5084
0.96433,1.9548,2.9505,1.5135
0.96943,1.9675,2.9428,1.5008
0.95668,1.9675,2.953,1.5059
0.95668,1.9548,2.9556,1.5135
0.96943,1.9599,2.9428,1.511
0.96433,1.9599,2.9505,1.5033
0.95923,1.9599,2.9581,1.5084
0.96433,1.9573,2.9505,1.5135
0.97197,1.9675,2.9428,1.5033
0.96433,1.9675,2.9556,1.5033
0.95668,1.9599,2.9581,1.5161
0.96178,1.9548,2.9428,1.5135
0.96943,1.9675,2.9428,1.5033
0.95668,1.9675,2.9581,1.5033
0.95668,1.9548,2.9556,1.5135
0.96943,1.9548,2.9428,1.5084
0.96178,1.9675,2.9479,1.5033
0.95668,1.9624,2.9556,1.5084
0.96433,1.9548,2.9505,1.5084
0.96943,1.9624,2.9479,1.511
0.96433,1.9599,2.9505,1.511
0.96433,1.9624,2.9505,1.5161
0.96943,1.9599,2.9428,1.5084
0.96433,1.9675,2.9479,1.5033
0.95668,1.9624,2.9556,1.5161
0.96943,1.9548,2.9428,1.5135
0.96943,1.9675,2.9428,1.5008
0.95668,1.9599,2.9556,1.5084
0.96178,1.9548,2.9479,1.5161
0.96943,1.9599,2.9428,1.5084
0.96178,1.9675,2.9479,1.5033
0.95668,1.9624,2.9556,1.5084
0.96433,1.9548,2.9479,1.5161
0.96943,1.9599,2.9403,1.5084
0.96433,1.9599,2.9479,1.511
0.96178,1.9599,2.9479,1.511
0.96433,1.9624,2.9479,1.511
0.96433,1.9624,2.9479,1.5059
0.96433,1.9624,2.9479,1.5084
0.96433,1.9624,2.9479,1.5084
0.96178,1.9548,2.9479,1.5084
0.96178,1.9624,2.9479,1.5033
0.96433,1.9599,2.9479,1.5059
0.96433,1.9624,2.9479,1.5135
0.96943,1.9624,2.9428,1.511
0.96178,1.9675,2.9479,1.5033
0.95923,1.9624,2.9479,1.5084
0.96178,1.965,2.9454,1.5161
0.96178,1.965,2.9454,1.5084
0.96688,1.9624,2.9479,1.5084
0.96433,1.9624,2.9479,1.511
0.96178,1.9624,2.9454,1.5161
0.96178,1.9624,2.9479,1.5084
0.96433,1.9624,2.9428,1.5084
0.96178,1.9675,2.9479,1.5084
0.96433,1.9624,2.9454,1.511
0.96178,1.9624,2.9479,1.5084
0.96178,1.9624,2.9479,1.5033
0.95923,1.9599,2.9479,1.5059
0.96433,1.9624,2.9479,1.5161
0.96943,1.9624,2.9428,1.511
0.96178,1.9675,2.9479,1.5008
0.95413,1.9573,2.953,1.5135
0.96178,1.9548,2.9428,1.5161
0.96943,1.9675,2.9428,1.5008
0.95668,1.9675,2.9556,1.5084
0.95668,1.9548,2.9556,1.5135
0.96943,1.9624,2.9428,1.5084
0.96178,1.9675,2.9505,1.5008
0.95668,1.9599,2.953,1.5084
0.96943,1.9548,2.9479,1.5135
0.96943,1.9624,2.9479,1.5084
0.96433,1.9624,2.9505,1.511
0.96178,1.9624,2.9505,1.5084
0.96178,1.9624,2.9479,1.511
0.96178,1.9624,2.9479,1.5033
0.96178,1.9624,2.953,1.5084
0.96433,1.9573,2.9479,1.5161
0.96688,1.9624,2.9428,1.5084
0.96433,1.9701,2.9505,1.5033
0.96433,1.965,2.9556,1.5084
0.96178,1.9573,2.9479,1.5161
0.96688,1.9599,2.9428,1.5084
0.96178,1.9701,2.9505,1.5033
0.95668,1.9624,2.9556,1.511
0.96178,1.9624,2.953,1.5135
0.96688,1.9573,2.9428,1.5084
0.96688,1.9675,2.9454,1.5008
0.96178,1.9675,2.9556,1.5033
0.95668,1.9548,2.9556,1.5161
0.96943,1.9548,2.9505,1.5084
0.96178,1.9624,2.9479,1.5008
0.95668,1.9624,2.9581,1.5084
0.95923,1.9599,2.9505,1.5084
0.96943,1.9624,2.9479,1.5059
0.96433,1.9624,2.9505,1.511
0.95923,1.9624,2.9479,1.5161
0.96943,1.9624,2.9428,1.5084
0.96178,1.9675,2.9479,1.5084
0.95668,1.9624,2.9556,1.511
0.96178,1.9624,2.9479,1.5084
0.96433,1.9624,2.9479,1.5033
0.95668,1.9624,2.9556,1.5059
0.96688,1.9573,2.9505,1.5161
0.96943,1.9675,2.9454,1.5033
0.96178,1.9675,2.9505,1.5008
0.95668,1.9599,2.9556,1.5135
0.96433,1.9548,2.9428,1.5135
0.96943,1.9624,2.9428,1.5033
0.96178,1.9675,2.9556,1.5033
0.95413,1.9548,2.9556,1.5135
0.96943,1.9573,2.9428,1.5161
0.96943,1.9624,2.9403,1.511
0.96433,1.9675,2.9479,1.5033
0.95668,1.9624,2.953,1.5084
0.95923,1.9573,2.9505,1.5161
0.96943,1.9701,2.9428,1.5033
0.95668,1.9675,2.953,1.5008
0.95668,1.9573,2.9556,1.5161
0.96943,1.9624,2.9428,1.5084
0.96178,1.9599,2.9479,1.5084
0.95923,1.9599,2.9479,1.5135
0.96943,1.9624,2.9428,1.5033
0.95668,1.9675,2.9556,1.5059
0.96178,1.9548,2.9505,1.5135
0.96688,1.9624,2.9403,1.5059
0.96433,1.9675,2.9479,1.5033
0.95668,1.9573,2.9556,1.5161
0.96943,1.9548,2.9403,1.5135
0.96943,1.9675,2.9428,1.5033
0.95923,1.9701,2.953,1.511
0.95668,1.9573,2.9556,1.5135
0.96943,1.9624,2.9428,1.5084
0.96943,1.9675,2.9479,1.5033
0.95668,1.9624,2.9581,1.5059
0.96178,1.9548,2.9505,1.5135
0.96178,1.9624,2.9479,1.5059
0.96433,1.9624,2.9479,1.511
0.96178,1.9548,2.9505,1.5161
0.96943,1.9599,2.9428,1.5008
0.95668,1.9675,2.9479,1.5033
0.95413,1.9624,2.9556,1.5135
0.96178,1.9573,2.9505,1.5135
0.96943,1.9624,2.9428,1.511
0.96178,1.9675,2.9505,1.5033
0.95668,1.9675,2.9556,1.511
0.95668,1.9573,2.9581,1.5135
0.96943,1.9548,2.9454,1.5135
0.96943,1.9675,2.9428,1.5033
0.96433,1.9624,2.9505,1.5084
0.95923,1.9599,2.9505,1.5135
0.96433,1.9624,2.9505,1.5059
0.96178,1.9599,2.9428,1.5033
0.96178,1.9675,2.9505,1.5033
0.95668,1.9548,2.9581,1.5161
0.96943,1.9599,2.9428,1.5084
0.96433,1.9675,2.9505,1.5033
0.95668,1.9624,2.9581,1.5084
0.96178,1.9548,2.9505,1.5135
0.96943,1.9624,2.9454,1.5084
0.96688,1.9675,2.9428,1.5033
0.95413,1.9675,2.9581,1.5033
0.95668,1.9548,2.9556,1.5161
0.96943,1.9548,2.9454,1.5161
0.96943,1.9675,2.9428,1.5033
0.95668,1.9675,2.9581,1.511
0.96433,1.9522,2.953,1.5161
0.96943,1.9599,2.9479,1.5084
0.96433,1.9624,2.9505,1.511
0.96433,1.9624,2.9505,1.5135
0.96433,1.9624,2.953,1.511
0.96433,1.9675,2.9505,1.5033
0.95668,1.9599,2.9581,1.5084
0.96433,1.9548,2.953,1.5161
0.96943,1.9675,2.9454,1.5033
0.95668,1.9599,2.9581,1.5059
0.96433,1.9624,2.953,1.5084
0.96178,1.9599,2.9454,1.5008
0.95923,1.9599,2.9581,1.5084
0.96433,1.9599,2.9505,1.5161
0.96943,1.9624,2.953,1.511
0.95668,1.9624,2.9581,1.511
0.96178,1.9573,2.9479,1.5161
0.96433,1.9624,2.9505,1.5084
0.96433,1.9599,2.953,1.5059
0.96688,1.9624,2.953,1.5161
0.96433,1.9624,2.953,1.5084
0.96433,1.9675,2.953,1.5033
0.95668,1.9599,2.9581,1.5161
0.96433,1.9522,2.953,1.5161
0.96943,1.9675,2.9454,1.5033
0.95668,1.9675,2.953,1.5084
0.96433,1.9624,2.953,1.5161
0.96943,1.9573,2.953,1.5084
0.96943,1.9675,2.9454,1.5033
0.95668,1.9599,2.9581,1.5059
0.96433,1.9548,2.953,1.5135
0.96943,1.9599,2.9454,1.5084
0.96433,1.9675,2.9607,1.5033
0.95923,1.9573,2.9607,1.5161
0.96943,1.9522,2.9454,1.5084
0.97197,1.9675,2.9479,1.5033
0.95923,1.9675,2.9607,1.5084
0.96433,1.9522,2.953,1.5135
0.96943,1.9599,2.9454,1.5084
0.96433,1.9675,2.953,1.5033
0.95923,1.9599,2.9607,1.511
0.96433,1.9548,2.953,1.511
0.96433,1.9599,2.9505,1.5033
0.95923,1.9624,2.9581,1.511
0.96433,1.9548,2.953,1.5161
0.96943,1.9624,2.9454,1.5084
0.96433,1.9599,2.953,1.511
0.96433,1.9548,2.953,1.5161
0.97197,1.9599,2.9479,1.5084
0.96433,1.9624,2.953,1.5084
0.95668,1.9548,2.9607,1.5161
0.96943,1.9599,2.9454,1.511
0.96433,1.9675,2.953,1.5084
0.96433,1.9599,2.9581,1.511
0.96178,1.9573,2.9479,1.5161
0.96943,1.9675,2.9479,1.5033
0.95923,1.9624,2.9607,1.511
0.96433,1.9624,2.953,1.5084
0.96433,1.9599,2.953,1.5033
0.95668,1.9624,2.9607,1.511
0.96943,1.9573,2.9479,1.5135
0.97197,1.9675,2.9479,1.5033
0.95668,1.9624,2.9607,1.511
0.96433,1.9548,2.9556,1.5161
0.96943,1.9675,2.9479,1.5033
0.96433,1.9599,2.953,1.511
0.96433,1.9599,2.9556,1.5161
0.96433,1.9599,2.953,1.5084
0.96433,1.9624,2.9556,1.5033
0.96433,1.9599,2.9556,1.5084
0.95923,1.9548,2.953,1.5161
0.97197,1.9624,2.9479,1.5084
0.96688,1.9599,2.953,1.5033
0.95668,1.9599,2.9607,1.511
0.96433,1.9522,2.953,1.511
0.97197,1.9599,2.953,1.511
0.96688,1.9599,2.9505,1.5084
0.96433,1.9573,2.9556,1.5135
0.96943,1.9675,2.9479,1.5033
0.95668,1.9675,2.953,1.5033
0.96433,1.9548,2.9505,1.5084
0.96943,1.9599,2.9454,1.511
0.96433,1.9599,2.953,1.511
0.96433,1.9599,2.953,1.5084
0.96433,1.9548,2.9505,1.511
0.96433,1.9599,2.9479,1.5084
0.96688,1.9599,2.953,1.511
0.96433,1.9599,2.953,1.511
0.96433,1.9548,2.953,1.511
0.96433,1.9599,2.953,1.511
0.96688,1.9624,2.953,1.5059
0.96178,1.9624,2.9556,1.5135
0.96943,1.9599,2.9454,1.5084
0.96433,1.965,2.953,1.5084
0.96178,1.9599,2.953,1.511
0.96433,1.9573,2.9505,1.5135
0.96943,1.9675,2.9479,1.5033
0.95668,1.9624,2.9607,1.511
0.96433,1.9548,2.953,1.5161
0.96943,1.9624,2.9479,1.5084
0.96433,1.9675,2.9556,1.5033
0.95668,1.9599,2.953,1.511
0.96433,1.9548,2.9556,1.5161
0.96433,1.9573,2.9505,1.5033
0.95668,1.9675,2.9607,1.5059
0.95923,1.9548,2.9607,1.5161
0.97197,1.9624,2.9479,1.5033
0.95668,1.9675,2.9607,1.5008
0.95668,1.9548,2.9607,1.5186
0.96943,1.9548,2.9479,1.511
0.96688,1.965,2.9556,1.5059
0.95668,1.9599,2.9632,1.511
0.95668,1.9548,2.9607,1.5161
0.97197,1.9624,2.9479,1.5084
0.96433,1.9675,2.953,1.5084
0.96178,1.9599,2.953,1.5084
0.96433,1.9599,2.953,1.5084
0.96433,1.9599,2.9556,1.5033
0.95668,1.9599,2.9607,1.511
0.96433,1.9548,2.953,1.5161
0.96943,1.9675,2.9454,1.5033
0.95668,1.9675,2.9607,1.5008
0.95923,1.9548,2.9607,1.5161
0.96943,1.9548,2.9454,1.511
0.96943,1.9675,2.9505,1.5033
0.95668,1.9675,2.9607,1.5059
0.95668,1.9599,2.953,1.511
0.96433,1.9548,2.9556,1.511
0.96433,1.9599,2.953,1.511
0.96433,1.9675,2.953,1.5084
0.96433,1.9599,2.9556,1.5135
0.96943,1.9599,2.9505,1.511
0.95923,1.9675,2.9556,1.5033
0.95923,1.9548,2.9607,1.5135
0.96433,1.9548,2.953,1.5161
0.96943,1.9675,2.9479,1.5033
0.95668,1.9675,2.9632,1.511
0.95668,1.9522,2.9632,1.5161
0.96943,1.9599,2.9479,1.5084
0.96433,1.9675,2.9581,1.5059
0.96433,1.9599,2.9556,1.511
0.96433,1.9624,2.9556,1.5059
0.96433,1.9624,2.9556,1.5033
0.95668,1.9573,2.9607,1.5084
0.96433,1.9548,2.9479,1.5161
0.96943,1.9599,2.9505,1.511
0.96433,1.9675,2.9632,1.5033
0.95668,1.9548,2.9607,1.5135
0.96943,1.9548,2.9505,1.511
0.96943,1.9675,2.9479,1.5033
0.95668,1.9599,2.9607,1.511
0.96433,1.9548,2.953,1.5161
0.96943,1.9573,2.9454,1.5084
0.96433,1.9573,2.9556,1.5084
0.96178,1.9599,2.9556,1.511
0.96433,1.9624,2.9505,1.5084
0.96178,1.9675,2.953,1.5033
0.95668,1.9522,2.9607,1.5135
0.96943,1.9548,2.9505,1.511
0.96943,1.9675,2.9505,1.5033
0.95923,1.9675,2.9607,1.5059
0.96433,1.9548,2.9556,1.5161
0.96943,1.9624,2.9479,1.511
0.96433,1.9675,2.9556,1.5033
0.95668,1.9624,2.9632,1.5084
0.96178,1.9548,2.9556,1.5161
0.96688,1.9599,2.9505,1.5084
0.96433,1.9675,2.9556,1.5033
0.95668,1.9599,2.9607,1.5084
0.96178,1.9548,2.9556,1.5161
0.96943,1.9624,2.9479,1.5084
0.96433,1.9675,2.9556,1.5084
0.95923,1.9599,2.953,1.5084
0.96943,1.9624,2.9479,1.5084
0.95668,1.9675,2.953,1.5084
0.96433,1.9599,2.9556,1.5084
0.96433,1.9599,2.9479,1.511
0.96433,1.9675,2.953,1.5008
0.95668,1.9573,2.9556,1.5084
0.96178,1.9624,2.9556,1.5084
0.96433,1.965,2.953,1.5084
0.95668,1.9624,2.953,1.511
0.96433,1.9548,2.9556,1.511
0.96178,1.9573,2.9556,1.5084
0.96433,1.9599,2.953,1.511
0.96178,1.9599,2.9556,1.5161
0.96178,1.9573,2.9556,1.511
0.96433,1.9675,2.9556,1.5033
0.95668,1.9599,2.9607,1.511
0.96433,1.9548,2.9556,1.5161
0.96943,1.9599,2.9479,1.511
0.96178,1.9675,2.953,1.5033
0.95668,1.9599,2.9632,1.5161
0.96433,1.9522,2.9556,1.5161
0.96943,1.9573,2.9505,1.5008
0.96433,1.965,2.9607,1.5033
0.95668,1.9599,2.9556,1.511
0.96433,1.9573,2.9556,1.5059
0.96433,1.9675,2.9556,1.5059
0.95668,1.9599,2.9607,1.5161
0.96943,1.9548,2.9479,1.5161
0.96943,1.9675,2.9505,1.5033
0.95668,1.9624,2.9581,1.5084
0.96433,1.9548,2.953,1.5161
0.96433,1.9624,2.9479,1.5084
0.96178,1.9675,2.9556,1.5008
0.95668,1.9624,2.9607,1.5084
0.96433,1.9548,2.9556,1.5084
0.96433,1.9624,2.9505,1.5084
0.96433,1.9675,2.953,1.5059
0.96178,1.9624,2.953,1.5084
0.96433,1.9599,2.953,1.511
0.96943,1.9624,2.9556,1.511
0.96178,1.9675,2.953,1.5084
0.95668,1.9599,2.9607,1.511
0.96433,1.9624,2.953,1.5161
0.96943,1.9624,2.9505,1.5008
0.96433,1.9675,2.9607,1.5033
0.95668,1.9624,2.9607,1.5161
0.96178,1.9573,2.9556,1.5135
0.96943,1.9624,2.9505,1.5059
0.96433,1.9675,2.953,1.5059
0.95668,1.9573,2.9607,1.5161
0.96943,1.9548,2.9505,1.511
0.96943,1.9675,2.9556,1.5033
0.95668,1.9599,2.9607,1.511
0.96433,1.9548,2.953,1.5084
0.96433,1.9599,2.9556,1.5033
0.95668,1.9599,2.9607,1.511
0.97197,1.9548,2.9479,1.511
0.96178,1.9675,2.953,1.511
0.96433,1.9599,2.953,1.5161
0.96943,1.9624,2.9505,1.511
0.95923,1.965,2.9607,1.5033
0.96433,1.9548,2.9581,1.5084
0.96433,1.9599,2.9479,1.511
0.95668,1.9624,2.9632,1.5084
0.96178,1.9624,2.953,1.5084
0.96178,1.9675,2.953,1.5033
0.95668,1.9548,2.9632,1.5186
0.96943,1.9599,2.9479,1.511
0.96433,1.9624,2.9556,1.511
0.96433,1.9573,2.953,1.5161
0.96943,1.9675,2.9505,1.5033
0.95668,1.9599,2.9632,1.5084
0.96433,1.9573,2.9581,1.5135
0.96433,1.9624,2.953,1.5033
0.95668,1.9599,2.9632,1.511
0.96433,1.9548,2.9556,1.511
0.96433,1.9599,2.9505,1.511
0.96433,1.9624,2.9556,1.5084
0.96433,1.9548,2.9556,1.5161
0.96943,1.9599,2.9505,1.5084
0.96433,1.9624,2.953,1.5135
0.96433,1.9624,2.9581,1.5084
0.96433,1.9573,2.9581,1.511
0.96433,1.9675,2.953,1.5059
0.95668,1.9599,2.9607,1.5084
0.96433,1.9548,2.9556,1.511
0.96688,1.9599,2.953,1.511
0.95923,1.9599,2.9607,1.5084
0.96433,1.9548,2.9479,1.5161
0.96943,1.9675,2.9505,1.5033
0.95668,1.9599,2.9632,1.511
0.96433,1.9599,2.9556,1.5084
0.95923,1.9675,2.9607,1.5059
0.95668,1.9522,2.9632,1.5135
0.96943,1.9624,2.9479,1.5135
0.96433,1.9675,2.9607,1.5033
0.96433,1.9522,2.9556,1.5186
0.97197,1.9599,2.9505,1.5059
0.95923,1.9675,2.9607,1.5084
0.96433,1.9548,2.9581,1.5161
0.96433,1.9624,2.9581,1.5059
0.95668,1.9624,2.9632,1.5161
0.96433,1.9624,2.9581,1.511
0.96433,1.9624,2.9556,1.5033
0.96433,1.9624,2.9581,1.5161
0.97197,1.9599,2.9505,1.511
0.96688,1.9675,2.9632,1.5059
0.95923,1.9522,2.9632,1.5161
0.96433,1.9624,2.9505,1.511
0.96433,1.9675,2.9632,1.511
0.96433,1.9548,2.9581,1.5161
0.96688,1.9624,2.9581,1.511
0.95923,1.9624,2.9632,1.511
0.96433,1.9548,2.9505,1.5135
0.97197,1.9675,2.9479,1.5033
0.95668,1.9573,2.9632,1.5084
0.96433,1.9624,2.9556,1.5161
0.96943,1.9675,2.9556,1.5059
0.95923,1.9599,2.9632,1.511
0.96433,1.9599,2.9581,1.511
0.96433,1.9675,2.9556,1.5059
