3.9162,0.6776,2.6803,1.8603
3.9035,0.6776,2.6956,1.8629
3.906,0.6623,2.693,1.8731
3.9162,0.6623,2.6828,1.8731
3.9162,0.67505,2.6828,1.8603
3.9137,0.67505,2.6879,1.8578
3.9035,0.6623,2.6956,1.8629
3.9111,0.6623,2.6879,1.8731
3.9162,0.6674,2.6828,1.8654
3.9111,0.66995,2.6879,1.8603
3.9111,0.6674,2.6905,1.8654
3.9111,0.66995,2.6879,1.8705
3.9162,0.66995,2.6828,1.8654
3.9111,0.67505,2.6879,1.8603
3.906,0.66995,2.6956,1.8654
3.9111,0.6623,2.6879,1.8731
3.9162,0.66995,2.6828,1.8578
3.906,0.6776,2.6956,1.8578
3.906,0.6623,2.6956,1.8731
3.9162,0.6623,2.6879,1.8654
3.9111,0.67505,2.6879,1.8603
3.906,0.66995,2.6956,1.868
3.9111,0.6623,2.6879,1.8731
3.9188,0.66995,2.6803,1.8603
3.906,0.6776,2.6879,1.8603
3.906,0.6623,2.6956,1.8654
3.9111,0.66485,2.6828,1.8705
3.9188,0.6776,2.6828,1.8578
3.9035,0.67505,2.6956,1.8654
3.9137,0.6623,2.6879,1.8731
3.9162,0.66995,2.6828,1.8654
3.906,0.67505,2.6879,1.8578
3.906,0.66995,2.6956,1.8731
3.9111,0.6623,2.6803,1.8731
3.9188,0.66995,2.6828,1.8578
3.9111,0.67505,2.6879,1.8603
3.9035,0.66995,2.693,1.8629
3.9111,0.6623,2.6879,1.8731
3.9188,0.66995,2.6803,1.8654
3.9162,0.67505,2.6803,1.8629
3.906,0.67505,2.693,1.8603
3.906,0.6623,2.693,1.8705
3.9188,0.6623,2.6879,1.868
3.9137,0.66995,2.6879,1.8654
3.9137,0.66995,2.6879,1.8654
3.9111,0.66995,2.6854,1.868
3.9137,0.6674,2.6879,1.8654
3.9137,0.66995,2.6879,1.8603
3.906,0.67505,2.693,1.8603
3.906,0.6623,2.6956,1.8731
3.9162,0.66485,2.6879,1.8731
3.9188,0.67505,2.6828,1.8578
3.906,0.67505,2.693,1.8654
3.9137,0.6623,2.6879,1.8731
3.9111,0.6674,2.6879,1.8654
3.9111,0.6725,2.6879,1.8654
3.9111,0.6674,2.6879,1.8629
3.9111,0.6674,2.6879,1.8629
3.9137,0.6674,2.6879,1.8603
3.906,0.66995,2.693,1.8629
3.9111,0.6623,2.6854,1.8731
3.9188,0.66995,2.6803,1.868
3.9188,0.6725,2.6803,1.8603
3.906,0.67505,2.693,1.8603
3.906,0.6674,2.6956,1.8731
3.9137,0.6623,2.6879,1.8654
3.9162,0.66995,2.6803,1.8654
3.9137,0.67505,2.6879,1.8603
3.9137,0.66995,2.6956,1.8629
3.9137,0.66995,2.6879,1.8705
3.9111,0.66995,2.6879,1.8629
3.9188,0.6674,2.6879,1.868
3.9137,0.66995,2.6879,1.8629
3.906,0.66995,2.6879,1.8654
3.9137,0.66485,2.6879,1.8654
3.9111,0.66995,2.6879,1.8578
3.906,0.66995,2.693,1.8629
3.9111,0.6623,2.6879,1.8731
3.9188,0.6725,2.6828,1.8603
3.9137,0.67505,2.6879,1.8654
3.906,0.66995,2.6956,1.8629
3.9137,0.6623,2.6879,1.8731
3.9188,0.67505,2.6828,1.8603
3.906,0.6725,2.693,1.8578
3.906,0.6623,2.693,1.8731
3.9162,0.66995,2.6828,1.8654
3.9137,0.6776,2.6879,1.8603
3.9111,0.66995,2.6956,1.8654
3.9111,0.6623,2.6879,1.8629
3.9188,0.6674,2.6828,1.8654
3.9137,0.67505,2.6879,1.8629
3.906,0.6623,2.693,1.8654
3.9111,0.6623,2.6879,1.8705
3.9188,0.66995,2.6828,1.8654
3.9111,0.6725,2.6879,1.8603
3.9086,0.6674,2.6956,1.8731
3.9111,0.6623,2.6905,1.8731
3.9162,0.67505,2.6828,1.8578
3.906,0.67505,2.693,1.8654
3.9111,0.6623,2.6905,1.8731
3.9188,0.66995,2.6803,1.8629
3.9111,0.6776,2.6879,1.8603
3.906,0.66995,2.6956,1.8654
3.9111,0.66485,2.6879,1.8705
3.9213,0.66995,2.6803,1.8578
3.9137,0.67505,2.693,1.8603
3.906,0.6674,2.693,1.8731
3.9188,0.6623,2.6879,1.8731
3.9188,0.6776,2.6828,1.8603
3.906,0.67505,2.6879,1.8603
3.906,0.66995,2.693,1.8705
3.9162,0.6623,2.6828,1.8731
3.9188,0.67505,2.6803,1.8578
3.9137,0.66995,2.6879,1.8629
3.9137,0.66995,2.6879,1.8731
3.9111,0.66995,2.6879,1.8654
3.9111,0.66995,2.6879,1.8629
3.9137,0.66995,2.6879,1.8654
3.906,0.6674,2.6956,1.8654
3.9111,0.6674,2.6879,1.8654
3.9137,0.66995,2.6879,1.8629
3.9137,0.66995,2.6879,1.8629
3.9086,0.6623,2.6956,1.8705
3.9188,0.6623,2.6828,1.8731
3.9162,0.6674,2.6803,1.8629
3.9137,0.6725,2.6879,1.8578
3.906,0.6674,2.693,1.8654
3.9137,0.6623,2.6879,1.8705
3.9188,0.66485,2.6803,1.8629
3.9162,0.67505,2.6828,1.8578
3.9086,0.67505,2.693,1.8603
3.906,0.6623,2.693,1.8705
3.9162,0.6623,2.6879,1.8705
3.9188,0.66995,2.6828,1.8629
3.9111,0.67505,2.6879,1.8578
3.906,0.6674,2.6956,1.8654
3.9137,0.6623,2.6879,1.8705
3.9188,0.66995,2.6828,1.8654
3.9137,0.66995,2.6854,1.8578
3.9111,0.6674,2.6879,1.8654
3.9137,0.66995,2.6879,1.8705
3.9111,0.6674,2.6879,1.8629
3.9137,0.66995,2.6879,1.8629
3.9111,0.6725,2.6879,1.8629
3.906,0.66995,2.6956,1.8629
3.9111,0.6623,2.6879,1.8654
3.9188,0.6674,2.6828,1.8654
3.9111,0.6776,2.6879,1.8578
3.906,0.66995,2.693,1.8629
3.9111,0.66995,2.6879,1.8705
3.9137,0.6674,2.6879,1.8629
3.9162,0.66995,2.6879,1.8578
3.9111,0.66995,2.6854,1.8629
3.9111,0.6725,2.6879,1.8705
3.9111,0.6674,2.6879,1.8629
3.9111,0.6776,2.6879,1.8603
3.906,0.66995,2.6956,1.8731
3.9111,0.66485,2.6828,1.8731
3.9162,0.67505,2.6828,1.8578
3.906,0.6725,2.6956,1.8578
3.9035,0.66995,2.6956,1.8731
3.9162,0.6623,2.6828,1.8731
3.9162,0.67505,2.6803,1.8578
3.906,0.6776,2.6956,1.8629
3.9111,0.6623,2.6879,1.868
3.9162,0.6674,2.6828,1.8654
3.9086,0.66995,2.6879,1.8578
3.9111,0.66995,2.6956,1.8654
3.9086,0.6674,2.6879,1.8654
3.9086,0.6674,2.6879,1.8578
3.9111,0.66995,2.6905,1.8654
3.9111,0.6623,2.6879,1.8705
3.9188,0.6674,2.6828,1.8654
3.9111,0.67505,2.6956,1.8578
3.906,0.66485,2.6981,1.8654
3.9111,0.6623,2.6905,1.8705
3.9162,0.66995,2.6828,1.8578
3.9137,0.67505,2.6879,1.8578
3.906,0.66995,2.6981,1.8629
3.9111,0.66995,2.6905,1.8654
3.9086,0.66995,2.6879,1.8603
3.906,0.6776,2.6956,1.8629
3.906,0.6623,2.6956,1.8731
3.9188,0.66995,2.6828,1.8654
3.9111,0.6776,2.6879,1.8578
3.9035,0.66995,2.6956,1.8629
3.9111,0.66485,2.6905,1.8629
3.9188,0.66995,2.6828,1.8578
3.9035,0.6776,2.6956,1.8578
3.906,0.66485,2.6956,1.8629
3.9162,0.6623,2.6854,1.8629
3.9111,0.66995,2.6879,1.8578
3.9137,0.66995,2.6879,1.8629
3.9111,0.66995,2.6879,1.8705
3.9111,0.66995,2.6905,1.8654
3.9137,0.67505,2.6879,1.8578
3.906,0.66995,2.693,1.8731
3.9111,0.6623,2.6879,1.8705
3.9162,0.6674,2.6854,1.8578
3.9111,0.6725,2.6879,1.8603
3.906,0.66995,2.6956,1.8654
3.9111,0.66485,2.6879,1.8705
3.9111,0.66995,2.6854,1.8654
3.9111,0.6776,2.6879,1.8629
3.9137,0.66995,2.6879,1.8629
3.9111,0.6674,2.6905,1.8629
3.9111,0.67505,2.6879,1.8603
3.9035,0.66995,2.6956,1.8654
3.9111,0.6623,2.6879,1.8705
3.9188,0.66995,2.6828,1.8578
3.9111,0.6776,2.693,1.8578
3.906,0.66995,2.6956,1.8731
3.9111,0.66485,2.6879,1.8705
3.9188,0.66995,2.6828,1.8578
3.9137,0.6776,2.6879,1.8603
3.906,0.66995,2.6956,1.8705
3.9111,0.6623,2.6828,1.8731
3.9162,0.6725,2.6828,1.8603
3.9137,0.6776,2.6905,1.8603
3.906,0.66995,2.6956,1.8731
3.9188,0.66485,2.6879,1.8705
3.9188,0.66995,2.6854,1.8578
3.9137,0.6776,2.6879,1.8578
3.906,0.6623,2.6981,1.8731
3.9162,0.66485,2.6828,1.8705
3.9188,0.66995,2.6828,1.8629
3.9111,0.6776,2.6879,1.8603
3.906,0.66995,2.6981,1.8629
3.9137,0.66995,2.6879,1.8731
3.9137,0.66995,2.6905,1.8629
3.9188,0.6674,2.6828,1.8578
3.9111,0.67505,2.6956,1.8603
3.906,0.6623,2.6956,1.8731
3.9137,0.6623,2.6905,1.8705
3.9188,0.66995,2.6803,1.8603
3.9137,0.67505,2.6879,1.8603
3.906,0.66995,2.6956,1.8629
3.9137,0.6623,2.6879,1.8654
3.9162,0.66995,2.6828,1.8654
3.9111,0.6776,2.6905,1.8578
3.906,0.66995,2.693,1.8654
3.9137,0.66995,2.6879,1.8654
3.9137,0.66995,2.6905,1.8578
3.9111,0.66995,2.6879,1.8629
3.9111,0.66995,2.6879,1.8731
3.9162,0.66995,2.6828,1.8654
3.9137,0.6776,2.6879,1.8603
3.9035,0.66995,2.6956,1.8654
3.9111,0.66485,2.6905,1.8731
3.9162,0.66995,2.6828,1.8654
3.9111,0.67505,2.6905,1.8578
3.906,0.66995,2.693,1.8629
3.9111,0.66485,2.6879,1.8731
3.9188,0.6623,2.6854,1.8654
3.9188,0.6776,2.6828,1.8603
3.9137,0.66995,2.6879,1.8629
3.906,0.66485,2.6956,1.8731
3.9162,0.66485,2.6828,1.8731
3.9111,0.66995,2.6879,1.8654
3.9111,0.66995,2.6854,1.868
3.906,0.66995,2.6879,1.8654
3.9111,0.66995,2.6879,1.8654
3.9188,0.66995,2.6905,1.8654
3.9111,0.66995,2.6879,1.868
3.906,0.66995,2.6956,1.8629
3.9111,0.6623,2.6879,1.8731
3.9137,0.66995,2.6879,1.8629
3.9162,0.6725,2.6828,1.8603
3.906,0.6776,2.6956,1.8603
3.906,0.66485,2.693,1.8731
3.9137,0.6623,2.693,1.8731
3.9188,0.6674,2.6803,1.8603
3.9111,0.67505,2.6879,1.8603
3.906,0.66995,2.693,1.8654
3.9111,0.66995,2.6879,1.8731
3.9111,0.6674,2.6905,1.8654
3.9111,0.6674,2.6879,1.8629
3.9111,0.6776,2.6879,1.8654
3.906,0.66995,2.6956,1.8654
3.9137,0.6623,2.6879,1.8731
3.9162,0.6674,2.6828,1.8654
3.9137,0.67505,2.6879,1.8603
3.9111,0.66995,2.6905,1.8629
3.9111,0.66995,2.6879,1.8731
3.9111,0.6674,2.6879,1.8629
3.9111,0.66995,2.6905,1.8654
3.9111,0.6776,2.6905,1.8603
3.9035,0.66995,2.6956,1.8629
3.906,0.66485,2.6956,1.8705
3.9162,0.66485,2.6828,1.8731
3.9188,0.6674,2.6828,1.8603
3.9137,0.6776,2.6879,1.8603
3.9035,0.6674,2.6981,1.8629
3.9111,0.66485,2.6879,1.8705
3.9188,0.66995,2.6828,1.8654
3.9111,0.66995,2.6879,1.8578
3.9086,0.66995,2.6879,1.8654
3.906,0.6623,2.6956,1.8705
3.9162,0.6623,2.6828,1.8731
3.9188,0.66995,2.6828,1.8603
3.9111,0.6776,2.6879,1.8578
3.9035,0.66995,2.6956,1.8629
3.9111,0.66995,2.6879,1.8731
3.9111,0.66995,2.6905,1.8654
3.9111,0.66995,2.6879,1.8603
3.906,0.66995,2.6956,1.8654
3.9111,0.66995,2.6905,1.8705
3.9162,0.6674,2.6803,1.8629
3.9111,0.6776,2.6854,1.8578
3.906,0.66995,2.6981,1.8629
3.9035,0.66995,2.6879,1.8705
3.9111,0.6623,2.6828,1.8654
3.9162,0.66995,2.6905,1.8578
3.9137,0.66995,2.6879,1.8654
3.9086,0.66995,2.6879,1.868
3.9137,0.66995,2.6879,1.8629
3.9111,0.6674,2.6879,1.8603
3.906,0.66995,2.6956,1.8654
3.9111,0.6623,2.6879,1.8705
3.9162,0.6674,2.6803,1.8654
3.9111,0.6674,2.6879,1.8629
3.906,0.6623,2.6956,1.8705
3.9188,0.66485,2.6828,1.8654
3.9162,0.67505,2.6803,1.8578
3.9035,0.66995,2.6956,1.8629
3.9111,0.6623,2.6905,1.8654
3.9162,0.66995,2.6803,1.8629
3.9111,0.67505,2.6879,1.8603
3.906,0.6674,2.6956,1.8654
3.9111,0.6623,2.6879,1.868
3.9188,0.66995,2.6828,1.8654
3.9111,0.66995,2.6879,1.8629
3.906,0.66995,2.6879,1.8654
3.9111,0.6623,2.6879,1.8629
3.9162,0.66995,2.6828,1.8629
3.9111,0.67505,2.6879,1.8603
3.906,0.66995,2.6956,1.8629
3.9111,0.66485,2.6879,1.8705
3.9162,0.66995,2.6828,1.8654
3.9111,0.67505,2.6879,1.8603
3.9035,0.66995,2.6956,1.8654
3.9111,0.6623,2.6879,1.8731
3.9162,0.66995,2.6803,1.8654
3.9111,0.6725,2.6879,1.8654
3.9035,0.66995,2.6854,1.8654
3.9111,0.66995,2.6879,1.8629
3.9111,0.6776,2.6879,1.8603
3.906,0.66995,2.6956,1.868
3.9111,0.66485,2.6879,1.8731
3.9213,0.6674,2.6828,1.8603
3.906,0.6776,2.693,1.8629
3.9111,0.6623,2.6879,1.8731
3.9188,0.66995,2.6854,1.8654
3.9137,0.66995,2.6879,1.8629
3.9137,0.66995,2.6879,1.8731
3.9188,0.66995,2.6803,1.8654
3.9111,0.6776,2.6905,1.8578
3.906,0.66995,2.693,1.8705
3.9111,0.6623,2.6879,1.8705
3.9188,0.66995,2.6828,1.8603
3.9111,0.67505,2.6879,1.8578
3.906,0.66995,2.693,1.8629
3.9111,0.66485,2.6879,1.8731
3.9188,0.6674,2.6803,1.8654
3.9111,0.67505,2.6879,1.8654
3.906,0.67505,2.693,1.8654
3.9035,0.6623,2.693,1.8731
3.9137,0.6674,2.6879,1.8654
3.9188,0.67505,2.6803,1.8603
3.9137,0.66995,2.6879,1.8654
3.9111,0.66995,2.6879,1.8731
3.9111,0.66995,2.6879,1.8654
3.9137,0.66995,2.6879,1.8654
3.9137,0.66995,2.6879,1.8654
3.906,0.6674,2.693,1.8654
3.9137,0.6623,2.6854,1.8705
3.9188,0.6725,2.6803,1.8603
3.906,0.67505,2.693,1.8603
3.906,0.6623,2.693,1.8629
3.9111,0.66995,2.6879,1.8654
3.9111,0.66995,2.6879,1.8654
3.9137,0.6776,2.6879,1.8603
3.906,0.66995,2.693,1.868
3.9111,0.6623,2.6879,1.8731
3.9213,0.6674,2.6803,1.8654
3.9188,0.6776,2.6828,1.8578
3.906,0.6776,2.6956,1.8629
3.906,0.6623,2.6956,1.8731
3.9213,0.6623,2.6803,1.8705
3.9213,0.66995,2.6803,1.8578
3.906,0.6776,2.693,1.8603
3.906,0.66995,2.6956,1.8731
3.9111,0.6623,2.6879,1.8731
3.9188,0.66995,2.6828,1.8603
3.9137,0.67505,2.6854,1.8603
3.906,0.66995,2.693,1.8654
3.9137,0.6623,2.6879,1.8654
3.9162,0.6623,2.6803,1.8654
3.9188,0.6776,2.6828,1.8603
3.906,0.6776,2.693,1.8654
3.906,0.6623,2.693,1.8731
3.9137,0.6623,2.6828,1.8731
3.9213,0.66995,2.6803,1.8603
3.906,0.6776,2.693,1.8603
3.906,0.66995,2.693,1.868
3.9137,0.6623,2.6879,1.8731
3.9188,0.6623,2.6803,1.8654
3.9213,0.67505,2.6828,1.8603
3.906,0.67505,2.6879,1.8603
3.906,0.66995,2.693,1.8654
3.9111,0.66995,2.6879,1.8731
3.9137,0.6674,2.6879,1.8654
3.9188,0.67505,2.6803,1.8603
3.906,0.67505,2.6956,1.8603
3.9111,0.66995,2.6879,1.868
3.9188,0.6623,2.6803,1.8705
3.9188,0.67505,2.6828,1.8603
3.9137,0.6776,2.693,1.8603
3.906,0.66995,2.6956,1.8731
3.9111,0.6623,2.6879,1.8731
3.9188,0.66995,2.6803,1.8603
3.9137,0.6776,2.6879,1.8578
3.906,0.66995,2.693,1.8629
3.9111,0.6623,2.6879,1.8654
3.9188,0.66995,2.6803,1.868
3.9137,0.6776,2.6879,1.8603
3.906,0.67505,2.6956,1.8654
3.9137,0.66995,2.6854,1.8705
3.9213,0.66995,2.6828,1.8654
3.9137,0.6725,2.6879,1.8603
3.9086,0.66995,2.693,1.8629
3.9137,0.6623,2.6879,1.8731
3.9188,0.66995,2.6879,1.8654
3.9111,0.67505,2.6956,1.8603
3.906,0.66485,2.6956,1.8731
3.9188,0.6623,2.6828,1.8654
3.9188,0.67505,2.6854,1.8603
3.906,0.66995,2.6956,1.8654
3.9137,0.6623,2.6854,1.8654
3.9137,0.66995,2.6879,1.8654
3.9111,0.66995,2.6879,1.868
3.9137,0.66995,2.6879,1.8731
3.9213,0.66995,2.6828,1.8654
3.9111,0.6776,2.6854,1.8629
3.906,0.66995,2.693,1.8654
3.9111,0.6623,2.6803,1.8731
3.9188,0.67505,2.6828,1.8603
3.906,0.67505,2.693,1.8603
3.906,0.6623,2.6956,1.8731
3.9188,0.66995,2.6803,1.8654
3.9137,0.6674,2.6879,1.868
3.906,0.66995,2.6879,1.868
3.9188,0.6623,2.6803,1.8654
3.9137,0.67505,2.6879,1.8603
3.906,0.66995,2.6956,1.868
3.9111,0.66995,2.6879,1.8654
3.9137,0.66995,2.6879,1.8603
3.9137,0.6674,2.6879,1.8654
3.9111,0.6623,2.6879,1.8731
3.9188,0.66995,2.6828,1.8603
3.9137,0.67505,2.6854,1.8603
3.9137,0.6623,2.6879,1.8731
3.9162,0.66995,2.6803,1.8654
3.9137,0.66995,2.6879,1.8654
3.9111,0.66485,2.6879,1.8731
3.9188,0.66995,2.6803,1.8654
3.9137,0.67505,2.6879,1.8654
3.906,0.6674,2.6879,1.8654
3.9111,0.6674,2.6879,1.8654
3.9111,0.6674,2.6828,1.8603
3.906,0.6776,2.693,1.8603
3.906,0.6623,2.6956,1.8731
3.9188,0.6623,2.6803,1.8731
3.9188,0.67505,2.6828,1.8654
3.9137,0.66995,2.6879,1.8654
3.9111,0.66995,2.6854,1.8654
3.9111,0.6674,2.6879,1.8654
3.9137,0.6674,2.6828,1.8603
3.906,0.66995,2.693,1.8629
3.9137,0.66995,2.6879,1.8731
3.9111,0.66995,2.6879,1.8654
3.9137,0.66995,2.6879,1.8654
3.906,0.66995,2.6879,1.8654
3.9111,0.6674,2.6879,1.868
3.9188,0.6674,2.6803,1.8654
3.9111,0.6776,2.6879,1.8603
3.906,0.66995,2.6905,1.8654
3.9111,0.6623,2.6879,1.8731
3.9162,0.6674,2.6828,1.8654
3.9137,0.67505,2.6879,1.8578
3.906,0.6674,2.693,1.8654
3.9111,0.6623,2.6879,1.8705
3.9162,0.66995,2.6854,1.8654
3.9111,0.67505,2.6879,1.8654
3.906,0.66995,2.6956,1.8654
3.9111,0.6623,2.6879,1.8731
3.9188,0.66995,2.6828,1.8654
3.9111,0.67505,2.6879,1.8629
3.906,0.66995,2.6879,1.8629
3.9111,0.6623,2.6879,1.8654
