4.7064,1.4041,3.97,2.1842
4.7115,1.4016,3.9649,2.1867
4.7217,1.4092,3.9573,2.1791
4.7166,1.4067,3.9649,2.1714
4.7115,1.4092,3.9649,2.1791
4.7064,1.4092,3.9675,2.1791
4.7141,1.4016,3.9649,2.1791
4.7166,1.4092,3.9624,2.1791
4.7141,1.4169,3.9675,2.1714
4.709,1.4067,3.9726,2.1791
4.7166,1.4016,3.9675,2.1842
4.7217,1.4016,3.9624,2.1765
4.7217,1.4143,3.9649,2.1714
4.709,1.4118,3.9726,2.1765
4.709,1.4067,3.9828,2.1765
4.7141,1.3965,3.9777,2.1842
4.7192,1.4016,3.9726,2.1791
4.7115,1.4067,3.9802,2.174
4.7064,1.4041,3.993,2.1791
4.7039,1.3914,3.9981,2.1867
4.7192,1.3914,3.993,2.1791
4.7115,1.3939,3.993,2.1765
4.7115,1.3965,4.0032,2.1791
4.709,1.3888,3.9981,2.1893
4.7166,1.3888,3.9904,2.1816
4.7166,1.4016,3.993,2.174
4.7115,1.4016,3.9981,2.1791
4.7064,1.3939,4.0032,2.1816
4.7039,1.3863,4.0032,2.1842
4.7166,1.3888,3.993,2.1842
4.7192,1.3939,3.9904,2.174
4.7115,1.399,3.9981,2.1765
4.7064,1.3939,4.0032,2.1791
4.7064,1.3914,4.0032,2.1867
4.7217,1.3888,3.9904,2.1791
4.7217,1.399,3.9904,2.1714
4.7141,1.4016,4.0032,2.1714
4.7064,1.3939,4.0006,2.1842
4.7217,1.3914,3.9904,2.1867
4.7192,1.4016,3.9879,2.174
4.7141,1.4016,4.0006,2.174
4.7064,1.3965,4.0006,2.1842
4.7217,1.3939,3.993,2.1842
4.7217,1.3965,3.9879,2.1765
4.7141,1.4041,3.993,2.1714
4.709,1.3965,3.9981,2.1765
4.7166,1.3914,3.9904,2.1842
4.7217,1.3939,3.9853,2.1765
4.7217,1.4041,3.9853,2.1714
4.709,1.4041,3.9955,2.1714
4.709,1.3914,3.9981,2.1842
4.7217,1.3914,3.9828,2.1842
4.7217,1.4067,3.9828,2.1714
4.7192,1.4067,3.9955,2.1714
4.709,1.4016,3.993,2.1842
4.7166,1.3939,3.9879,2.1842
4.7243,1.399,3.9828,2.1714
4.7192,1.4041,3.9879,2.1714
4.7115,1.4041,3.9955,2.1765
4.7192,1.4016,3.9904,2.1816
4.7166,1.3965,3.9853,2.1765
4.7243,1.4016,3.9828,2.1765
4.7192,1.4041,3.9879,2.1765
4.709,1.399,3.9853,2.1765
4.7166,1.3965,3.9904,2.1842
4.7243,1.4016,3.9828,2.174
4.7166,1.399,3.9904,2.1689
4.7166,1.3965,3.9904,2.1765
4.7166,1.399,3.9904,2.1765
4.7166,1.3914,3.993,2.1765
4.7243,1.3965,3.9879,2.1765
4.7166,1.4041,3.993,2.1689
4.7115,1.4041,4.0032,2.1765
4.709,1.3965,4.0032,2.1816
4.7141,1.3914,3.9955,2.1816
4.7217,1.3965,3.9904,2.1765
4.7166,1.4016,3.9981,2.1689
4.7141,1.3965,3.9981,2.1765
4.7141,1.3965,3.9981,2.1765
4.7166,1.3965,3.9981,2.1765
4.7166,1.3965,3.9981,2.1689
4.7141,1.3965,3.9981,2.1765
4.7141,1.3965,4.0032,2.1765
4.7141,1.3888,3.9981,2.174
4.7192,1.3914,3.993,2.1765
4.7217,1.3965,3.993,2.1714
4.709,1.4041,3.9955,2.1689
4.709,1.3965,4.0032,2.174
4.7141,1.3914,3.9981,2.1816
4.7217,1.3965,3.9904,2.174
4.7141,1.4041,3.9955,2.174
4.709,1.3965,4.0032,2.174
4.7141,1.3965,3.9955,2.1816
4.7166,1.3965,3.993,2.1765
4.7243,1.4016,3.9879,2.174
4.7141,1.4041,3.993,2.174
4.7166,1.399,4.0006,2.1765
4.7141,1.3965,3.9981,2.1765
4.7166,1.3965,3.9904,2.174
4.7141,1.4016,3.9981,2.1689
4.709,1.3965,4.0057,2.174
4.709,1.3914,4.0006,2.1816
4.7192,1.3914,3.993,2.1765
4.7115,1.4016,4.0006,2.1689
4.7064,1.4016,4.0032,2.1765
4.7141,1.3965,4.0032,2.1816
4.7115,1.3965,4.0032,2.1765
4.7115,1.3965,4.0032,2.1689
4.7115,1.3965,4.0032,2.174
4.7115,1.3965,4.0006,2.1765
4.7115,1.3888,4.0032,2.174
4.7141,1.3939,3.9981,2.1765
4.7115,1.4016,4.0032,2.174
4.7064,1.3965,4.0108,2.174
4.7115,1.3888,4.0006,2.1765
4.7192,1.3965,3.9955,2.174
4.7115,1.4016,4.0006,2.1689
4.7064,1.3965,4.0083,2.1765
4.7115,1.3914,4.0006,2.1816
4.7166,1.3914,3.993,2.174
4.7166,1.3965,3.993,2.1689
4.7115,1.4041,3.9981,2.1714
4.7115,1.399,4.0032,2.1765
4.7115,1.399,3.9981,2.1816
4.7115,1.3965,3.9981,2.1765
4.7217,1.399,3.9904,2.1689
4.7141,1.4016,3.9981,2.1689
4.7115,1.399,3.9955,2.174
4.7115,1.3965,4.0006,2.1765
4.7115,1.3965,3.9981,2.1816
4.7166,1.399,3.993,2.174
4.7115,1.4041,3.9981,2.1689
4.7039,1.399,4.0032,2.1765
4.7115,1.399,3.9981,2.1816
4.7115,1.3965,3.9981,2.1765
4.709,1.3965,3.9981,2.1765
4.7115,1.4041,4.0057,2.1689
4.7039,1.3914,4.0032,2.1816
4.709,1.3939,3.9981,2.1842
4.7192,1.3965,3.993,2.1689
4.7039,1.4041,3.9981,2.1689
4.7039,1.3965,4.0057,2.1842
4.709,1.3914,3.9955,2.1816
4.7166,1.399,3.9955,2.1689
4.709,1.4041,4.0006,2.1714
4.7039,1.399,4.0057,2.1765
4.7064,1.3914,3.9981,2.1816
4.7166,1.399,3.993,2.1765
4.7141,1.4041,3.993,2.1689
4.709,1.4041,3.9955,2.1765
4.7013,1.3965,4.0032,2.1765
4.7115,1.3914,3.9981,2.1816
4.7166,1.399,3.9904,2.1689
4.709,1.4067,3.9955,2.1689
4.7013,1.3965,4.0032,2.1765
4.709,1.399,3.9955,2.1765
4.709,1.4016,3.9981,2.1765
4.7141,1.399,4.0006,2.1765
4.709,1.4067,4.0006,2.1689
4.7013,1.3965,4.0032,2.174
4.7039,1.3914,4.0006,2.1765
4.7141,1.3965,3.9955,2.1765
4.7064,1.4016,4.0006,2.1689
4.7013,1.4067,4.0057,2.1765
4.7013,1.3939,4.0032,2.1816
4.7141,1.3939,3.9981,2.1842
4.7141,1.399,3.9879,2.1689
4.709,1.4041,3.993,2.1689
4.7039,1.399,4.0006,2.1791
4.709,1.399,3.9904,2.1816
4.709,1.3965,3.9904,2.1765
4.709,1.399,3.9879,2.1765
4.709,1.4067,3.9904,2.1765
4.7013,1.4016,3.9955,2.174
4.709,1.3939,3.9904,2.1816
4.7166,1.4016,3.9828,2.1765
4.7115,1.4067,3.9904,2.1689
4.709,1.4041,3.9955,2.174
4.709,1.3965,3.9879,2.1765
4.709,1.4016,3.9879,2.174
4.709,1.4016,3.9879,2.174
4.709,1.4016,3.9879,2.174
4.7166,1.4041,3.9828,2.1765
4.709,1.4016,3.9879,2.174
4.709,1.4041,3.9828,2.1816
4.709,1.4041,3.9879,2.1765
4.709,1.4041,3.9853,2.1689
4.709,1.4118,3.993,2.1765
4.7039,1.3965,3.9904,2.1816
4.7166,1.399,3.9777,2.1765
4.7141,1.4092,3.9802,2.1714
4.7115,1.4016,3.9828,2.174
4.7115,1.399,3.9828,2.1816
4.7141,1.4092,3.9802,2.1689
4.709,1.4092,3.9828,2.1689
4.7013,1.4016,3.9904,2.1765
4.709,1.3965,3.9853,2.1816
4.7166,1.4041,3.9802,2.1765
4.7166,1.4041,3.9853,2.1689
4.709,1.4041,3.9879,2.1765
4.709,1.4067,3.9828,2.174
4.7064,1.399,3.9853,2.1765
4.709,1.4041,3.9777,2.1765
4.7064,1.4092,3.9828,2.1689
4.7013,1.4041,3.9904,2.1765
4.709,1.4041,3.9828,2.1816
4.7064,1.4067,3.9853,2.1765
4.7141,1.4041,3.9751,2.1689
4.7064,1.4118,3.9853,2.1689
4.709,1.4041,3.993,2.1765
4.7064,1.3965,3.9853,2.1842
4.7141,1.4016,3.9777,2.174
4.7064,1.4092,3.9853,2.1714
4.7013,1.4041,3.993,2.1765
4.7064,1.3965,3.9853,2.1791
4.7039,1.4016,3.9879,2.1765
4.7115,1.4016,3.9879,2.1791
4.7039,1.4092,3.9879,2.1714
4.6988,1.4016,3.9955,2.1791
4.7039,1.4041,3.9904,2.1842
4.7064,1.4016,3.9904,2.1765
4.7039,1.4016,3.9879,2.1765
4.709,1.4092,3.9853,2.1765
4.6988,1.4067,4.0032,2.1714
4.6988,1.3965,4.0032,2.1816
4.709,1.3939,3.993,2.1765
4.7115,1.4067,3.9879,2.1714
4.6962,1.4067,4.0032,2.1765
4.7013,1.399,4.0032,2.1816
4.7064,1.3939,3.9904,2.1842
4.709,1.4067,3.993,2.1714
4.6962,1.4067,4.0032,2.1714
4.6962,1.3939,4.0032,2.1816
4.709,1.3939,3.9904,2.1867
4.709,1.4067,3.993,2.1714
4.6962,1.4041,4.0032,2.1765
4.6937,1.3914,4.0032,2.1842
4.7064,1.3939,3.993,2.1765
4.7064,1.4067,3.993,2.1714
4.6937,1.4067,4.0057,2.1765
4.6937,1.3914,4.0006,2.1842
4.7064,1.3965,3.993,2.1791
4.7013,1.4067,3.9981,2.1714
4.6937,1.399,4.0032,2.1765
4.7013,1.3939,3.9955,2.1791
4.7064,1.399,3.9904,2.1714
4.7013,1.4067,4.0006,2.1714
4.6937,1.4016,4.0006,2.1791
4.6988,1.3965,3.993,2.1842
4.6988,1.4016,3.993,2.1765
4.6988,1.4016,3.993,2.1765
4.7013,1.4041,3.9904,2.1791
4.6937,1.4016,3.9981,2.1791
4.7013,1.3965,3.9904,2.1765
4.7064,1.4041,3.9853,2.1791
4.6988,1.4041,3.9904,2.1714
4.6988,1.4041,3.993,2.1791
4.6911,1.4041,3.993,2.1791
4.6962,1.3939,3.993,2.1791
4.7013,1.4016,3.9879,2.1765
4.6962,1.4092,3.993,2.1765
4.6911,1.4092,4.0006,2.1765
4.6911,1.4041,3.9981,2.1867
4.6962,1.3965,3.9904,2.1867
4.7039,1.4016,3.9828,2.1714
4.6988,1.4092,3.9879,2.1714
4.6911,1.4067,3.993,2.1791
4.6962,1.399,3.9879,2.1867
4.7039,1.4067,3.9802,2.1765
4.6962,1.4067,3.9853,2.1714
4.6962,1.4067,3.9828,2.1791
4.6911,1.4067,3.9904,2.1791
4.6937,1.4016,3.9828,2.1791
4.7013,1.4016,3.9751,2.1765
4.7013,1.4067,3.9751,2.1714
4.6962,1.4143,3.9828,2.174
4.6886,1.4143,3.9879,2.1791
4.686,1.4041,3.9879,2.1842
4.6911,1.399,3.9802,2.1842
4.6911,1.4092,3.9802,2.1816
4.6911,1.4067,3.9802,2.174
4.6911,1.4092,3.9828,2.1791
4.6937,1.4118,3.9879,2.1765
4.6911,1.4016,3.9802,2.1867
4.6962,1.4041,3.9751,2.1816
4.6962,1.4169,3.9751,2.174
4.6835,1.4143,3.9904,2.1791
4.6809,1.4016,3.9904,2.1867
4.6886,1.4016,3.9828,2.1842
4.6962,1.4092,3.9777,2.1816
4.6886,1.4143,3.9828,2.174
4.6886,1.4092,3.9802,2.1791
4.6835,1.4092,3.9802,2.1791
4.6911,1.4092,3.9828,2.1893
4.6937,1.4118,3.9802,2.1791
4.6937,1.4169,3.9777,2.174
4.6886,1.4092,3.9802,2.1791
4.686,1.4118,3.9802,2.1791
4.6886,1.4041,3.9777,2.1791
4.6937,1.4067,3.97,2.1816
4.6937,1.4194,3.97,2.174
4.6809,1.4194,3.9802,2.1791
4.6835,1.4143,3.9777,2.1867
4.6886,1.4067,3.9675,2.1867
4.6962,1.4169,3.9624,2.1791
4.6886,1.4194,3.9649,2.1714
4.6886,1.4169,3.9624,2.1816
4.6911,1.4169,3.9675,2.1893
4.6886,1.4118,3.9573,2.1893
4.6886,1.4194,3.9573,2.1816
4.6962,1.4169,3.9573,2.1816
4.6911,1.4271,3.9547,2.174
4.6835,1.4271,3.9573,2.1816
4.6835,1.4169,3.9547,2.1893
4.6886,1.4169,3.9496,2.1867
4.6962,1.422,3.9446,2.1816
4.6911,1.4271,3.9471,2.1765
4.6835,1.4296,3.9522,2.1842
4.6835,1.4245,3.9471,2.1893
4.6886,1.4169,3.9318,2.1918
4.6988,1.4245,3.9318,2.1842
4.6962,1.4322,3.9293,2.1765
4.6835,1.4322,3.942,2.1765
4.6835,1.4271,3.942,2.1842
4.6911,1.4296,3.9318,2.1893
4.6886,1.422,3.9344,2.1842
4.6886,1.4271,3.9242,2.1842
4.6886,1.4347,3.9318,2.1791
4.6835,1.4373,3.9344,2.1842
4.686,1.4271,3.9344,2.1893
4.6911,1.422,3.9242,2.1842
4.6911,1.4322,3.9191,2.1867
4.6911,1.4373,3.9242,2.1791
4.6809,1.4373,3.9267,2.1842
4.686,1.4271,3.9267,2.1893
4.6962,1.4245,3.9191,2.1893
4.6962,1.4322,3.9114,2.1791
4.6988,1.4424,3.9114,2.1791
4.6835,1.4398,3.9191,2.1791
4.686,1.4347,3.9191,2.1918
4.6911,1.4271,3.9089,2.1918
4.6911,1.4373,3.9114,2.1842
4.6911,1.4373,3.9089,2.1842
4.6911,1.4424,3.9063,2.1867
4.6835,1.4398,3.9089,2.1867
4.6937,1.4347,3.9012,2.1918
4.7013,1.4398,3.8961,2.1867
4.6988,1.4449,3.891,2.1816
4.6835,1.4449,3.8961,2.1791
4.686,1.4398,3.9038,2.1867
4.6911,1.4373,3.8936,2.1867
4.6988,1.4424,3.8859,2.1867
4.6911,1.4475,3.891,2.1791
4.686,1.4475,3.8987,2.1867
4.6886,1.4373,3.8987,2.1867
4.6988,1.4373,3.8859,2.1867
4.6911,1.4475,3.891,2.1816
4.6835,1.4475,3.9012,2.1867
4.686,1.4347,3.9012,2.1918
4.6962,1.4373,3.8885,2.1893
4.6988,1.4475,3.8859,2.1816
4.6911,1.4424,3.8936,2.1893
4.6911,1.4424,3.8961,2.1918
4.6911,1.4347,3.8885,2.1918
4.6962,1.4475,3.8859,2.1816
4.6911,1.45,3.891,2.1791
4.6962,1.4424,3.891,2.1893
4.686,1.4398,3.891,2.1867
4.6911,1.4373,3.891,2.1867
4.6988,1.4398,3.8859,2.1867
4.6988,1.4475,3.8859,2.1816
4.6886,1.45,3.8961,2.1816
4.6886,1.4398,3.8987,2.1867
4.6911,1.4424,3.891,2.1918
4.6911,1.4424,3.8885,2.1893
4.6988,1.4424,3.8834,2.1867
4.6911,1.4475,3.8885,2.1791
4.686,1.4449,3.8987,2.1867
4.6911,1.4373,3.8885,2.1893
4.6962,1.4424,3.8885,2.1867
4.6911,1.45,3.8961,2.1791
4.686,1.4449,3.8936,2.1893
4.6911,1.4449,3.8859,2.1893
4.6962,1.4449,3.8834,2.1893
4.6911,1.4449,3.8834,2.1867
4.6911,1.4475,3.8834,2.1893
4.6911,1.4398,3.8834,2.1918
4.6988,1.4449,3.8757,2.1893
4.7013,1.4526,3.8808,2.1816
4.686,1.4551,3.8859,2.1893
4.686,1.4424,3.8859,2.1969
4.7013,1.4424,3.8706,2.1867
4.6937,1.4475,3.8757,2.1816
4.6911,1.4475,3.8783,2.1893
4.6911,1.4475,3.8834,2.1969
4.7013,1.4449,3.8655,2.1944
4.7013,1.4577,3.8681,2.1842
4.686,1.4551,3.8808,2.1816
4.6886,1.4424,3.8783,2.1969
4.7013,1.4449,3.8655,2.1969
4.7013,1.45,3.8655,2.1842
4.6962,1.4551,3.8706,2.1842
4.686,1.45,3.8783,2.1893
4.6886,1.4424,3.8783,2.1969
4.6988,1.4449,3.8681,2.1944
4.6988,1.45,3.863,2.1893
4.6937,1.4577,3.8732,2.1842
4.6937,1.45,3.8706,2.1867
4.686,1.4475,3.8808,2.1893
4.6911,1.4424,3.8757,2.1893
4.6988,1.4526,3.8706,2.1867
4.6911,1.4551,3.8757,2.1816
4.6886,1.4551,3.8834,2.1867
4.6835,1.4424,3.8834,2.1944
4.7013,1.4449,3.8757,2.1893
4.6988,1.4475,3.8706,2.1893
4.6937,1.4526,3.8757,2.1816
4.686,1.4475,3.8783,2.1893
4.6911,1.4424,3.8783,2.1867
4.6937,1.45,3.8783,2.1893
4.6962,1.4551,3.8859,2.1842
4.686,1.4475,3.8885,2.1893
4.6937,1.4475,3.8834,2.1944
4.6937,1.4449,3.8834,2.1867
4.6962,1.4449,3.8757,2.1867
4.6962,1.4526,3.8834,2.1867
4.6911,1.4449,3.891,2.1944
4.6962,1.4398,3.8783,2.1918
4.7013,1.4526,3.8757,2.1816
4.686,1.4526,3.8834,2.1791
4.6911,1.4449,3.891,2.1918
4.6962,1.4449,3.8834,2.1867
4.6937,1.4424,3.8808,2.1867
4.6962,1.4424,3.891,2.1867
4.6937,1.4424,3.8936,2.1867
4.6937,1.4398,3.8936,2.1867
4.6962,1.4398,3.8987,2.1791
4.6988,1.4398,3.8961,2.1867
4.6962,1.4373,3.9012,2.1918
4.7013,1.4373,3.8936,2.1867
4.6962,1.4449,3.9063,2.1765
4.6911,1.4296,3.9114,2.1867
4.6962,1.4322,3.9012,2.1918
4.7013,1.4373,3.9012,2.1791
4.6937,1.4424,3.9063,2.1765
4.6886,1.4347,3.9165,2.1893
4.6962,1.4296,3.914,2.1918
4.7013,1.4322,3.9089,2.1867
4.6937,1.4373,3.9165,2.1765
4.6886,1.4245,3.9242,2.1918
4.6962,1.4271,3.9191,2.1918
4.6988,1.4322,3.914,2.1842
4.6937,1.4373,3.9191,2.1867
4.6886,1.4322,3.9293,2.1842
4.6937,1.4271,3.9165,2.1918
4.7013,1.4322,3.914,2.1867
4.6937,1.4373,3.9293,2.1765
4.6886,1.4296,3.9318,2.1816
4.6962,1.4271,3.9242,2.1893
4.6937,1.4271,3.9267,2.1842
4.6988,1.4271,3.9267,2.1842
4.6937,1.4347,3.9293,2.1842
4.686,1.4271,3.9369,2.1842
4.6911,1.4271,3.9318,2.1842
4.6962,1.4271,3.9318,2.1842
4.6988,1.4271,3.9369,2.1842
4.6937,1.4194,3.9369,2.1893
4.7013,1.4245,3.9318,2.1842
4.6911,1.4296,3.9395,2.1791
4.686,1.4245,3.9496,2.1842
4.6937,1.422,3.9471,2.1842
4.6937,1.4194,3.9471,2.1842
4.686,1.4271,3.9573,2.1765
4.686,1.4143,3.9573,2.1893
4.6911,1.4169,3.9522,2.1842
4.7013,1.4169,3.9471,2.1842
4.6911,1.422,3.9624,2.1765
4.686,1.4118,3.9649,2.1893
4.6988,1.4092,3.9547,2.1893
4.6911,1.4169,3.9598,2.1791
4.6911,1.4143,3.9624,2.1842
4.6911,1.4067,3.9624,2.1893
4.6988,1.4143,3.9573,2.1842
4.6911,1.4194,3.9726,2.1765
4.686,1.4118,3.9726,2.1816
4.6911,1.4092,3.9649,2.1893
4.7013,1.4143,3.9598,2.1842
4.6988,1.4194,3.9598,2.1842
4.686,1.422,3.9726,2.1842
4.686,1.4067,3.9726,2.1893
4.6988,1.4041,3.9624,2.1893
4.6988,1.4194,3.9598,2.1765
4.6911,1.4118,3.9675,2.1842
4.6911,1.4143,3.9675,2.1842
4.6937,1.4118,3.9675,2.1816
4.6911,1.4118,3.9675,2.1867
4.6911,1.4169,3.9675,2.1816
4.686,1.4143,3.9726,2.1842
4.6937,1.4092,3.9649,2.1816
4.6911,1.4143,3.9598,2.1765
